393
6.4472557810879953e-11 
-8.0917702049145763e-10 
-8.1430618804980946e-10 
-3.1511638119532453e-10 
-1.8708699150410945e-10 
9.1657884906297869e-11 
5.0018606326022338e-11 
1.9366306353915521e-10 
9.0167024786816278e-11 
1.5841394419764062e-10 
7.0624917737907583e-11 
1.2546196473826249e-10 
5.2203347430284457e-11 
1.0003208895240063e-10 
4.8424106555536914e-11 
1.0097525202969202e-10 
5.6168946868194991e-11 
9.8366927739198356e-11 
-5.6629990085886379e-11 
-9.3243477802378083e-11 
-5.4610225002930513e-11 
-8.125475449372858e-11 
-4.9001834661993909e-11 
-7.5490582180523033e-11 
-4.6978418346694873e-11 
-7.0289614551342911e-11 
-4.9158556815321836e-11 
-7.2362463911587766e-11 
-5.2040066274422553e-11 
-7.1712016151081777e-11 
-4.9318265810644578e-11 
-6.5918965579779377e-11 
-4.4362916437953101e-11 
-5.3077119175319448e-11 
4.0903895026741743e-11 
6.0469750700257099e-11 
-4.8179682069398385e-11 
-6.3494177595092454e-11 
-4.8360828197462024e-11 
5.4338862712964391e-11 
4.1883933006740123e-11 
-5.6646586488385257e-11 
4.6926295478302177e-11 
5.1498744190840618e-11 
4.0427826611833939e-11 
5.2900578886594925e-11 
4.3512697134556016e-11 
4.6534991096299629e-11 
4.3438367469347044e-11 
5.2482805890052077e-11 
3.1346854944925682e-11 
3.3563577232402909e-11 
4.9132104264425682e-11 
5.0349570528417519e-11 
2.0399263490377343e-11 
4.4718834645780558e-11 
5.5326056734561286e-11 
3.7123670482636005e-11 
1.9688039563730823e-11 
3.0966102107340245e-11 
4.366472390874868e-11 
9.2168431644997762e-11 
1.5257833906853241e-11 
-6.2650116081115296e-11 
-1.2248023741300541e-10 
-3.0532258650590735e-10 
2.7699285414645786e-10 
-3.8897794969338819e-10 
5.9529094872569044e-10 
-3.3322821399071186e-10 
6.572129736552512e-10 
-9.3810703980507078e-11 
6.3634231377447192e-10 
-6.9636147743038601e-10 
-3.4554667169926862e-10 
-1.2697754256415329e-09 
-1.2485315615902878e-09 
7.6463792004364794e-10 
-8.8893457654338043e-10 
9.6321132297543433e-10 
3.4921003205817204e-10 
3.0842918452215853e-09 
1.4036373909406633e-09 
1.117338673389683e-08 
1.2950058304048031e-08 
-1.4944434389913513e-08 
-1.4998477174215718e-08 
-5.3812550705295497e-09 
-1.360327564998484e-08 
-1.6583229574185636e-09 
1.9073770205887078e-09 
1.5029667669519419e-09 
-4.4901957419888372e-09 
-2.3592933720669522e-08 
1.5691591603665186e-08 
-7.6460283287147205e-08 
-5.7189288004782556e-08 
9.0849450635071038e-08 
5.7586603997148335e-08 
6.3127272902863312e-08 
7.8322081582574723e-08 
-9.5080639365469667e-08 
1.6367362912021951e-07 
-1.1769677456557875e-07 
-2.1792971264323026e-07 
6.8853767802295503e-08 
-1.9606897679980011e-07 
5.739628359326465e-09 
2.2181626959573199e-07 
5.4265862477731962e-08 
2.0399801126302267e-07 
1.098636903948356e-07 
-1.8666113878242197e-07 
1.6380833430468985e-07 
1.2116629399448417e-07 
-1.9435215990940042e-07 
-6.0099815317967678e-08 
2.6048023450302202e-07 
-1.7682994218576179e-08 
-2.0532030582822022e-07 
1.1243212175566422e-07 
1.9112021041697428e-07 
-1.839759921131861e-07 
-1.1541122074794667e-07 
2.1983918937677625e-07 
2.2326657051624354e-08 
-2.5042207351316871e-07 
7.6443524861824578e-08 
2.200999153981813e-07 
-1.7093877540115869e-07 
-1.2129929725608495e-07 
2.3662561520546404e-07 
-2.1439215135474727e-08 
-2.4278180785532249e-07 
1.43616080090211e-07 
1.7116886430950878e-07 
-2.256848724499819e-07 
-5.2882055920003821e-08 
2.5808011120287156e-07 
-7.4053583158250694e-08 
-2.2379946276761454e-07 
1.8046818235409646e-07 
1.0442951324003099e-07 
-2.5976180860689523e-07 
4.3940094753204486e-08 
2.5659457646306733e-07 
-1.5417897719009475e-07 
-1.8839315686442279e-07 
2.2777004096853979e-07 
9.4037547564577896e-08 
-2.7282826288191216e-07 
-5.1647543427798148e-09 
2.7656836125039403e-07 
-6.5137002764682316e-08 
-2.6747449063363986e-07 
1.0873540992420517e-07 
2.5893672764441097e-07 
-1.225159917918041e-07 
-2.6470477716687957e-07 
1.0939135563590259e-07 
2.828874668775826e-07 
-5.5109527004512833e-08 
-2.8996512419107903e-07 
-2.5912964282266507e-08 
2.833516016856595e-07 
1.2853943822518118e-07 
-2.3607966310591901e-07 
-2.1619367178526075e-07 
1.3574939313134964e-07 
2.6679196737539887e-07 
2.4131669613193155e-08 
-2.6929035375359506e-07 
-2.1376753096524738e-07 
1.3383528000458292e-07 
2.6220644019981811e-07 
4.7705397616295879e-08 
-2.3719360506165666e-07 
-1.9147309411053823e-07 
1.1889686266773059e-07 
2.4566037183662054e-07 
1.0403933657775056e-07 
-2.0698752050048935e-07 
-2.3155771315628547e-07 
-8.717943300905178e-09 
2.2283411096801895e-07 
1.7495245387698868e-07 
-1.0493316689842312e-07 
-2.2267514074313976e-07 
-1.2670852971023793e-07 
1.6455493262748873e-07 
2.1664272468037513e-07 
6.6397694434798858e-08 
-1.7953147906743392e-07 
-1.910920518654178e-07 
1.8569830981540058e-08 
2.0289238762609681e-07 
1.913874854052383e-07 
-2.7082713155624827e-08 
-1.8906986435427557e-07 
-1.51784551247188e-07 
8.2876986893166038e-08 
1.9216230098254017e-07 
-1.3931446467188516e-07 
1.0802854401440664e-07 
1.834139683832522e-07 
1.1154002170179167e-07 
-1.1345650297780711e-07 
1.809714062752071e-07 
8.4465230677067524e-08 
-1.4091452470923266e-07 
-1.7544710385572062e-07 
8.3498236502974153e-08 
-1.212928207749712e-07 
-1.7102839207752012e-07 
-5.9467685374568255e-08 
-1.4330703006274373e-07 
-1.6837174128536009e-07 
-6.7738657190292988e-08 
-1.1817250976992054e-07 
-1.6389686483224376e-07 
-5.4296159315659553e-08 
-1.3475091901341918e-07 
-1.6232506870251335e-07 
-6.4081629192365624e-08 
-1.064917949035559e-07 
-1.5853552024712381e-07 
-6.522043591102139e-08 
-1.1745936928232666e-07 
-1.5553896607535865e-07 
-7.1820187464337698e-08 
-8.470243778312804e-08 
-1.5311657088000025e-07 
8.5645258245401651e-08 
-8.7878025103513063e-08 
1.4548247256992291e-07 
8.641403539225212e-08 
4.8476332621695909e-08 
1.4233594969920715e-07 
-1.0392214227747583e-07 
4.5614961845507976e-08 
-1.2493423264232935e-07 
-1.0157609316620261e-07 
-7.7424839742652923e-10 
-1.1629267881569339e-07 
1.1470674184268267e-07 
-2.2723961811435727e-09 
7.9587795464044507e-08 
1.1571465581838933e-07 
-3.7549348402780484e-08 
6.7685630640506101e-08 
-1.1478526917831096e-07 
3.3290033851300229e-08 
-2.0592102116576621e-08 
1.0240019580055974e-07 
6.819035782780014e-08 
2.4505508552946469e-08 
6.4257383018485902e-08 
-8.8604697334350286e-08 
1.3080908881427045e-08 
-5.2571817781701012e-08 
9.1409910316396029e-08 
-1.586742273238554e-08 
1.6679458424080194e-08 
-7.1831819298113176e-08 
6.4324026074224997e-08 
-2.2324257338734942e-08 
3.256642544273157e-08 
-7.9374763188281814e-08 
-2.6504214719547046e-08 
-3.6376532952901073e-08 
4.2949104644209971e-08 
7.2099186600578298e-08 
9.1443750218946336e-10 
-4.338692630327423e-08 
-5.0711417059091871e-08 
5.8619268068644235e-08 
1.5354022072192876e-08 
-4.7061126219381647e-08 
-5.6291774710671746e-08 
4.5733153964079344e-08 
2.262673555411111e-08 
-4.8728713736327154e-08 
-5.7258366694637989e-08 
3.910577594295525e-08 
2.5896437749662866e-08 
-4.9084725182116889e-08 
5.3999469170873373e-08 
4.2306982562829647e-08 
2.6131616314657806e-08 
-4.858857242034216e-08 
4.9981412426352203e-08 
-4.9293658838170575e-08 
2.2568633505751353e-08 
-4.7728582490941225e-08 
4.7562637728764034e-08 
-5.7565078582854328e-08 
-9.9716952263361258e-09 
4.6278037518631101e-08 
4.5774191230456702e-08 
-6.1243718871220607e-08 
1.756633851551148e-08 
4.3192498851802617e-08 
-4.3932762274883861e-08 
5.7687303599944556e-08 
5.1885185660225251e-08 
2.2729130663214423e-08 
-3.96451705660724e-08 
5.4629837845189239e-08 
-5.7187625571741812e-08 
4.1393464100483017e-08 
2.3469535348557352e-08 
-5.1672622962510081e-08 
-5.3442229678445551e-08 
5.9992991854546931e-08 
-2.691383200624902e-08 
-3.8808727949388292e-08 
4.8390672968818935e-08 
-5.8292665241231999e-08 
5.74187298154558e-08 
-2.4657134094983327e-08 
-2.6189453336037517e-08 
5.3006293923106693e-08 
5.3468615420246589e-08 
-4.5924531614457786e-08 
3.1479171352502156e-08 
1.9321263071590761e-08 
-4.4014656010598053e-08 
4.2573847103083204e-08 
-3.7094416466105146e-08 
2.1085459618776915e-08 
-3.8680048028584063e-09 
-3.3479808720162927e-08 
3.2919808940261196e-08 
-2.1763692436725046e-08 
1.8700449575845075e-08 
-6.2297401647653701e-09 
-1.2829277307997129e-08 
2.4481039017527297e-08 
1.6928677146647415e-08 
-9.0547597315899947e-09 
7.998472415567549e-09 
5.1169182284286825e-11 
-1.5353443223976479e-08 
1.1952340758560893e-08 
-7.6304236978079934e-09 
2.5177686354058863e-09 
-2.4803251945976693e-09 
-2.376172631213172e-09 
1.1186667548822345e-08 
-8.0075986368543282e-09 
2.743682987477732e-09 
8.3752115055447858e-10 
-8.5194226126598069e-10 
3.5028519762068693e-09 
-3.8645887343066953e-09 
1.0582528426147296e-08 
-1.081424211874734e-09 
-3.0642082213046111e-09 
2.6317995523953929e-09 
-4.539145842055871e-09 
3.9851702342120614e-09 
-8.6287208935483165e-09 
5.0930375187853628e-09 
3.8568654271952554e-09 
-3.7793420464240165e-09 
4.9854115247065326e-09 
4.7930141059424265e-09 
-6.3441165504653333e-09 
6.8235862988589921e-09 
-7.6841973699372501e-09 
-2.6364859733321336e-09 
5.6904025101101134e-09 
-4.9541133134832514e-09 
6.7769077708856368e-09 
-6.3203691615500345e-09 
8.449717649109692e-09 
-9.5250508144841366e-09 
1.389963998077465e-09 
5.1695477356997056e-09 
-7.023506178270519e-09 
7.5366107331760454e-09 
-8.2976046255869965e-09 
9.0859742052551987e-09 
-1.007637007153623e-08 
1.1569308368673658e-08 
-5.0613352130036994e-09 
-5.7933368099403907e-09 
1.1147235753469583e-08 
-1.0278269808023627e-08 
1.2932747194169086e-08 
-1.3420656544296251e-08 
2.3175333224114837e-08 
-2.4991029367125018e-08 
