393
-1.0924860931904661e-10 
-2.7776354537423942e-10 
-2.4708371789786183e-10 
-1.9783727492416604e-10 
-9.3903207160899467e-11 
3.6775493312655166e-11 
8.2537300374409732e-11 
1.7265564517601575e-10 
1.5584586715629447e-10 
2.0594602551008175e-10 
1.6595997721524146e-10 
1.9990324298835112e-10 
1.5497992933473745e-10 
1.848473115555742e-10 
1.4796664080113725e-10 
1.8444958619354863e-10 
1.4590660405937554e-10 
1.8157401616157533e-10 
-1.4390244805587295e-10 
-1.7657066219976993e-10 
-1.390677092531311e-10 
-1.7011606277736712e-10 
-1.3133900833824809e-10 
-1.6170081597044574e-10 
-1.2479010600675831e-10 
-1.5271762300084711e-10 
-1.2374761617387293e-10 
-1.5322478785169066e-10 
-1.2476365689106722e-10 
-1.5446853201653538e-10 
-1.2286967874300407e-10 
-1.49795505413063e-10 
-1.1350199719923996e-10 
-1.2527765567264288e-10 
1.0184920522514989e-10 
1.4001907304869434e-10 
-1.2151749715668244e-10 
-1.4677910931729984e-10 
-1.1082992937375546e-10 
1.2841000579067899e-10 
1.0703378079206722e-10 
-1.3309290768474048e-10 
1.1109752586623139e-10 
1.2970925468715753e-10 
1.0278170716912389e-10 
1.225592825163493e-10 
1.0022188793208794e-10 
1.188351146100886e-10 
1.0310286589996731e-10 
1.2212881100153966e-10 
9.1001390301795642e-11 
1.0699478134771115e-10 
9.6392731966307644e-11 
1.1335701119293438e-10 
8.8813318285623402e-11 
1.0662277134494382e-10 
9.3979233527977389e-11 
1.1768005280435328e-10 
8.4183614554573993e-11 
7.0856820575386913e-11 
1.0662687825031538e-10 
1.8744747899252956e-10 
1.6606981938413929e-11 
-2.9394922234258214e-11 
-2.8545528213122121e-10 
-3.8855465613095698e-10 
4.9084304649696297e-10 
-3.1208628938118088e-10 
9.336491837698912e-10 
-2.8671041704054654e-10 
7.5849740501119675e-10 
-3.4058468570971953e-10 
4.8029670554304809e-10 
-7.4376960847640251e-10 
-1.2227339921823057e-09 
-9.7295138728269145e-10 
-2.34171954172137e-09 
3.7714023439343839e-11 
-1.5882440543130133e-09 
9.7805569568439283e-11 
3.5328164080102776e-10 
1.243119865756294e-09 
7.2304436764063547e-10 
2.9878730741194473e-09 
7.7948506319871239e-09 
-1.0757941596402682e-09 
-7.588761487274011e-09 
2.1218303160523025e-09 
-6.1637610498396442e-09 
-2.3630108784956462e-09 
4.2796610930639347e-09 
1.3957110133787314e-10 
2.6241542815591043e-09 
-3.5994700957475751e-09 
1.1711018880714945e-08 
-5.5312246048951048e-09 
-2.2938632970171675e-08 
-2.0119914924671324e-09 
1.866963205394008e-08 
-5.3778839863648099e-09 
2.1234431344545046e-08 
9.2397811441388605e-09 
3.9388509012218551e-08 
2.3159645525012669e-08 
-4.7215926506424277e-08 
-3.7434719013621055e-08 
-3.4197782625947696e-08 
-4.5589854438716599e-08 
2.8502206286706219e-08 
6.1020596456772143e-08 
1.451532440194025e-08 
6.3681230022476933e-08 
1.7490899025379429e-09 
6.8047307148068892e-08 
-1.9504392086051275e-08 
-5.7151949769394822e-08 
4.2235377401731638e-08 
5.8657732220169812e-08 
-5.4155962498652385e-08 
-3.0101955930465073e-08 
6.4377348338442509e-08 
6.0547850823078272e-09 
-7.1315225374247117e-08 
2.3263395035707966e-08 
5.9856553809729415e-08 
-4.9310373486697203e-08 
-4.6263108915681345e-08 
7.1622178868534351e-08 
1.5905199594949473e-08 
-8.258431621788905e-08 
2.8110570270877131e-08 
7.3673258114842312e-08 
-6.7208608713239273e-08 
-4.0424746832343237e-08 
8.8295273892037616e-08 
-6.7073761277311391e-09 
-8.8085085650800919e-08 
5.3813168584059883e-08 
6.6844281084840051e-08 
-8.8693246997121049e-08 
-2.3527531809927514e-08 
1.064837896709066e-07 
-3.7305602825520993e-08 
-9.9072342320808182e-08 
8.9297150869544658e-08 
5.8824308686502069e-08 
-1.1338275099003445e-07 
-8.3476613380098352e-09 
1.1907811567106086e-07 
-3.9290706627772913e-08 
-1.118484100852708e-07 
7.7263807176497153e-08 
9.3115172263857803e-08 
-1.0372277726907776e-07 
-7.7348848062933269e-08 
1.21993864685483e-07 
7.1149388590688063e-08 
-1.3000828744960193e-07 
-8.1838533434237418e-08 
1.3020185661592485e-07 
1.0575813067215631e-07 
-1.0819293745954554e-07 
-1.325378149036733e-07 
6.6182554018194759e-08 
1.5572491373452042e-07 
-2.5021754041243605e-09 
-1.573129137925996e-07 
-6.4163664646813698e-08 
1.2347759921146447e-07 
1.161639804014035e-07 
-4.3316151909985661e-08 
-1.4709720412363341e-07 
-7.9816932158202035e-08 
1.088776117071034e-07 
1.2976688225584529e-07 
-1.3780272562326803e-08 
-1.3554714537289298e-07 
-7.7659663551245049e-08 
8.6458595215809682e-08 
1.2190546623254879e-07 
3.5787090421805517e-08 
-1.1711286643860365e-07 
-1.1807301696432722e-07 
6.152768078554342e-09 
1.1971851955650215e-07 
9.0270964457979825e-08 
-5.601572709093514e-08 
-1.1867636419191584e-07 
-7.3543247715918343e-08 
8.2517890477344249e-08 
1.1790918399949912e-07 
5.1808018832093095e-08 
-8.8692132691009253e-08 
-1.15187726356813e-07 
-1.4812465424630289e-08 
1.0997141207003062e-07 
1.1888581434837744e-07 
1.780846212806727e-08 
-9.8503872038595723e-08 
-1.143247097089843e-07 
1.1174904553645771e-08 
1.1628564628909199e-07 
-1.1748676625616158e-07 
2.5948122332946388e-08 
1.0480573968073851e-07 
1.1369634387422776e-07 
-2.7952292901559345e-08 
1.2327661149561472e-07 
1.1046026615508969e-07 
-5.53845554167912e-08 
-1.1142769701974875e-07 
1.1616801700733371e-07 
-3.5110060009239549e-08 
-1.3072981464623155e-07 
-1.1133808885610937e-07 
-6.3553742629421347e-08 
-1.1909430127844914e-07 
-1.2095157341459631e-07 
-3.4067661474061933e-08 
-1.3880985370643962e-07 
-1.1926067334777778e-07 
-5.9133049439991254e-08 
-1.2525710994315826e-07 
-1.2938404940570552e-07 
-2.3227268163155254e-08 
-1.4275171394312751e-07 
-1.348670299184065e-07 
-4.0574271696360748e-08 
-1.2466974463166592e-07 
-1.4168632901111328e-07 
1.6322216179621783e-09 
-1.378916346708516e-07 
1.5178239111273719e-07 
-3.4911884351338845e-09 
1.1109431498185377e-07 
1.5296356853185269e-07 
-4.3867362251453167e-08 
1.1470799464072353e-07 
-1.5775806995485438e-07 
-4.7096285460616075e-08 
-7.3135610088287278e-08 
-1.5356085797799599e-07 
9.1968435742064187e-08 
-5.9394663499560291e-08 
1.4397311391080947e-07 
8.962736735385845e-08 
-1.6373861462792732e-09 
1.2879608924379222e-07 
-1.1600305952373753e-07 
-1.7032189774973192e-08 
-9.509866085327752e-08 
1.0891734898567439e-07 
6.7995232135598516e-08 
4.9076201975357423e-08 
1.1129119011883845e-07 
-6.2085954710021129e-08 
-1.892653328189874e-08 
-9.0990775875047187e-08 
8.3464602119888552e-08 
3.2029169557474436e-08 
5.0535840655744438e-08 
-7.8403881369884105e-08 
-5.9698746661995955e-08 
5.7584612750088223e-09 
6.8520640428326297e-08 
5.2803125268958699e-08 
-4.4778913925485452e-08 
-1.7117334294631084e-08 
-6.1228463702658904e-08 
3.9710913271227116e-08 
-3.4335293994820708e-08 
2.8148392198061298e-08 
-4.9257248919927175e-08 
3.2296530888021411e-08 
2.6634785467663306e-08 
2.9394993541873874e-08 
-3.9688097921390726e-08 
2.7612082032321066e-08 
2.1080629693766319e-08 
2.706679106167363e-08 
-3.3367836320956836e-08 
2.4886182422057169e-08 
1.9550898691945991e-08 
2.0953358659675864e-08 
-2.8530001874980427e-08 
2.3062894474449645e-08 
-2.0606155702648633e-08 
1.2709861655160928e-08 
-2.5074387134696924e-08 
2.1889051146663597e-08 
-2.1139339742456642e-08 
-2.7726175058192817e-09 
-2.1514279650151596e-08 
2.0760117067115393e-08 
-2.036647135502892e-08 
6.8424542384996982e-09 
1.6772522940513592e-08 
-1.9743111283477257e-08 
-1.9378186318093518e-08 
1.5639691342733622e-08 
6.2518015853907537e-09 
-1.8490878408350938e-08 
1.8170005535900376e-08 
-1.8130232284361023e-08 
-9.3137814572783677e-09 
-1.3899892557095891e-08 
1.6682618214506986e-08 
-1.8325148951959128e-08 
1.8367581321916471e-08 
-7.5051917031827974e-09 
-1.1821487432189886e-08 
1.7678321423556034e-08 
1.7823755226271735e-08 
-1.7120831737267401e-08 
4.3384394590274249e-09 
1.4541465203216017e-08 
-1.66182889440992e-08 
1.8175252000410808e-08 
-1.7389244420774796e-08 
5.5026212552192348e-09 
9.9615828312103992e-09 
-1.7044530265299233e-08 
-1.6848402127421177e-08 
1.3715708288763373e-08 
-8.9152252857701606e-09 
-7.3241644614701507e-09 
1.4530810707062816e-08 
-1.3467746236052323e-08 
1.1759369523531194e-08 
-6.5403617947439907e-09 
1.1254879977602608e-09 
1.0873121874056226e-08 
-1.0670233230680965e-08 
7.1676956867054083e-09 
-6.274024411835617e-09 
2.3225861610196711e-09 
3.9652653933956722e-09 
-8.2729069242549398e-09 
-6.0008357669259964e-09 
3.5744094102045472e-09 
-3.3141089703939626e-09 
8.5705012490395564e-10 
4.2209958982130919e-09 
-4.3680500221788307e-09 
3.1586256263330435e-09 
-1.7223947163713222e-09 
1.70984940344193e-09 
-2.5417999904067211e-10 
-2.8671654669353546e-09 
3.2436603765636771e-09 
-1.8493577290415615e-09 
8.2563618844328625e-10 
-8.4119045655673885e-10 
1.1608131930455859e-10 
-3.889537692170317e-11 
-2.4997760398422479e-09 
1.1337305967839525e-09 
-1.9915639444610986e-10 
2.7613947780000857e-10 
2.0120139472794254e-10 
-7.1546650026346704e-11 
1.5711507138319642e-09 
-1.9701175902681976e-09 
-8.2743215196271003e-12 
-3.2321430034698517e-11 
-2.8955544040443966e-10 
-2.3408872299594463e-10 
5.8434856846521207e-10 
-6.7593335820280633e-10 
1.3591246436595919e-09 
-1.6372813986352987e-11 
-5.0014655953352861e-10 
3.7669891668066281e-10 
-7.5450862301097317e-10 
6.7246462999187866e-10 
-1.199338279778757e-09 
1.7748475964111696e-09 
-1.0238555945917398e-09 
-2.8608395742172959e-10 
7.4472504802108241e-10 
-8.1241503491143996e-10 
9.8458061211803624e-10 
-1.114092770513847e-09 
1.2763050395487247e-09 
-1.5069539427047789e-09 
7.5690589212843862e-10 
7.8534771885597701e-10 
-1.6115099856780701e-09 
1.4563531093739643e-09 
-1.9050600461523318e-09 
2.0695204674494419e-09 
-4.1392457010747876e-09 
4.5620864252151137e-09 
