393
3.7070516013733833e-07 
-9.6832189264893779e-08 
7.2800961654091238e-08 
-4.4770895093434485e-08 
4.0831701314747668e-08 
-3.3953821959756085e-08 
3.1405033251520038e-08 
-2.1457857343707941e-08 
2.3851369320056774e-08 
-1.3959445894915242e-08 
1.8459357753702653e-08 
-9.4167973702747791e-09 
1.4348477142662509e-08 
-6.0562981310682177e-09 
1.1443422219964132e-08 
-3.5632204062588561e-09 
9.0667664699572578e-09 
-1.5602764239686272e-09 
-7.3035044220341423e-09 
-8.7416257502423789e-11 
-5.7955419365170402e-09 
-1.4118289615237016e-09 
-4.4872302025545303e-09 
-2.4250065808065815e-09 
-3.4027070076758171e-09 
-3.1399662207931462e-09 
-2.6184104169662519e-09 
-3.8834855805307972e-09 
-1.9467143829644518e-09 
-4.6408652945436339e-09 
-1.2940079962355289e-09 
-5.2056978205072848e-09 
-6.825440467261353e-10 
-4.8484955427743273e-09 
2.80033117344218e-10 
5.8245419561161921e-09 
1.4636550263635287e-10 
-6.6470889559203047e-09 
5.5878773205668162e-10 
6.2638572322452827e-09 
-8.9215725457542631e-10 
-6.9032254795193081e-09 
-1.286026483978929e-09 
7.1718485626483337e-09 
-1.5033261686684033e-09 
7.059448387939645e-09 
-1.7263849931077408e-09 
7.1906383638080013e-09 
-2.0425920768617585e-09 
7.8175722177213257e-09 
-2.114851218232653e-09 
7.0945359507025255e-09 
-2.4087463289469705e-09 
7.8249930277486703e-09 
-2.3734565274097921e-09 
7.5653850770496396e-09 
-2.8433927357477199e-09 
7.8459214557755158e-09 
-2.7161305533147886e-09 
8.0469178453718983e-09 
-2.7555001781516962e-09 
6.4024327508744042e-09 
-2.9296097851477824e-09 
8.4301881639298105e-09 
3.1751031526227743e-09 
-7.7364119482455635e-09 
3.0798951037967435e-09 
7.0420979314792624e-09 
-2.9846467068503742e-09 
-8.3792614782427088e-09 
3.9859345645597609e-09 
-8.4132114796542655e-09 
-2.9785356494035099e-09 
7.3570505634811701e-09 
3.6520876012321041e-09 
-8.1416202512238534e-09 
-3.568017956806842e-09 
-7.6467827128468238e-09 
3.5855301531894494e-09 
8.188234680818961e-09 
-2.7227127395863983e-09 
-5.1317948198598571e-09 
-4.8695953288539565e-09 
2.0092849324328983e-08 
6.8233396494279161e-09 
-1.356262647473379e-08 
-5.4063618094985126e-09 
-1.8525261445485434e-08 
-1.3654263768243288e-08 
-5.7233342568779357e-09 
-6.3800188180450188e-09 
6.5028178362134273e-09 
-1.2670587594325211e-08 
-1.7532188854134321e-08 
-3.3745545412229284e-08 
-1.1221455314968218e-07 
2.0475799064749054e-08 
1.4210004098082553e-07 
-8.6895230809483469e-09 
1.2599524821001823e-07 
2.4876197038136074e-08 
-1.8486224443898249e-07 
8.6149394491018553e-08 
-2.997891460794782e-07 
-1.6024783745862232e-07 
2.5198025313545261e-07 
-1.8179539734388564e-07 
1.8768751544224143e-07 
2.6892377865213934e-07 
-1.1891637681611667e-07 
2.9083092494582826e-07 
-4.725677534646797e-08 
-3.390985920458989e-07 
5.3787380802940163e-08 
2.827184140947887e-07 
-1.3781232880259663e-07 
-2.698242912977763e-07 
2.8811855474778404e-07 
1.553111923489309e-07 
-2.7363606077997262e-07 
-1.6087466714725805e-08 
3.5456176897022899e-07 
-1.1034076516626043e-07 
-2.8753297601982473e-07 
2.1509706256340354e-07 
2.1909361668398765e-07 
-3.4318189720307708e-07 
-7.5546441596137135e-08 
3.7717067737339431e-07 
-6.3224215355236549e-08 
-3.3739843271117926e-07 
2.5442831659643276e-07 
1.5351418140812951e-07 
-3.5229951457586624e-07 
2.7894408737153662e-08 
3.7531609953620721e-07 
-2.1741135110766174e-07 
-2.4047382724162382e-07 
3.3859945292874166e-07 
9.1371194329206482e-08 
-4.0941845670406864e-07 
1.1602926427308736e-07 
3.0141429170069625e-07 
-2.8950929856672216e-07 
-1.2668289541606924e-07 
4.2129015734649966e-07 
-7.288267718399354e-08 
-3.7339594417757527e-07 
2.1645732273098604e-07 
3.0920164317940144e-07 
-3.6143054921656907e-07 
-1.6652451666411548e-07 
4.0455088413055947e-07 
8.2910872564963398e-08 
-4.5425418940301609e-07 
1.8814285465592743e-08 
4.3351834800501573e-07 
-2.3191262207900045e-08 
-4.6717223611984074e-07 
3.5405337735056915e-08 
4.5436355097672556e-07 
7.0906105736184508e-08 
-4.7249954279064306e-07 
-1.5371575581168355e-07 
4.0722783656388319e-07 
3.3010780644064916e-07 
-3.3294396299723072e-07 
-4.0312165812586502e-07 
1.340485333468108e-07 
5.0013441997284001e-07 
1.110918685115282e-07 
-4.2947781337520363e-07 
-4.327178861890752e-07 
2.028979835011519e-07 
4.5663306506771047e-07 
1.4697416096611956e-07 
-4.3876182446232354e-07 
-3.4799462407127769e-07 
1.9605985411038057e-07 
4.899169220191883e-07 
1.8116388978236838e-07 
-3.7400129842790038e-07 
-4.6344718775644568e-07 
2.6819594013408943e-08 
4.1931137535234535e-07 
3.3704818541757808e-07 
-2.6146406804760071e-07 
-3.9744580245046797e-07 
-2.0860758985635592e-07 
3.9366843374998673e-07 
3.9046047925978665e-07 
6.3752318316317959e-08 
-4.1934519674928471e-07 
-2.9316175846551426e-07 
1.3477934353045583e-07 
4.3302313513321672e-07 
2.9027895444370529e-07 
-1.6079147919396559e-07 
-4.1625948671686986e-07 
-1.5171457676335541e-07 
2.6712088067550204e-07 
3.6771314648798858e-07 
-1.0368561220822984e-07 
2.9497782911382802e-07 
3.676343668934444e-07 
1.0777331690404296e-08 
-3.0165151116367957e-07 
2.9648464924834942e-07 
-6.6456908257291202e-08 
-2.9676527343878957e-07 
-3.0595635298088165e-07 
-9.3236275412169124e-08 
-2.8412385750352784e-07 
-2.2433848711515725e-07 
1.5450080270216812e-07 
-2.5504156313715173e-07 
-2.3785384693944782e-07 
1.6147053326639697e-07 
-2.5024701247393433e-07 
-1.5607661472562137e-07 
1.9615264602198557e-07 
-2.1245239576629028e-07 
-1.7473791419870545e-07 
2.0122858961891562e-07 
-2.1667215633802817e-07 
-1.0123563854977039e-07 
2.1418608024392909e-07 
-1.8227014720867782e-07 
-1.2359379228421378e-07 
2.2240748477033133e-07 
-1.9407486690135242e-07 
-6.508244578527776e-08 
-2.1920308454579068e-07 
-1.7177581057076607e-07 
9.5220899984599906e-08 
-2.3025644858252627e-07 
1.8894691077725749e-07 
6.0480172946524258e-08 
2.1407986125596964e-07 
1.7931850964167736e-07 
-1.0693137227079973e-07 
2.2162363554679526e-07 
-1.9440173438062369e-07 
-1.0540135319244773e-07 
-1.8896778783121071e-07 
-1.8619440334315683e-07 
1.7445979350988877e-07 
-1.6507164056369445e-07 
1.8553458247501943e-07 
1.7987117350903432e-07 
1.0560494585517346e-07 
-1.7815418241757077e-07 
-2.3262050786638166e-07 
-3.0169670186987809e-08 
-1.5246052327945011e-07 
2.1630972138310226e-07 
6.2115414988295256e-08 
1.0719772199377464e-07 
-2.2952411194539379e-07 
-7.1119199220949984e-08 
-2.8689560792279711e-08 
2.133315490466339e-07 
1.0044583296202147e-07 
-8.0955088671751378e-08 
-1.6460328319693069e-07 
-8.3443590632634281e-08 
1.546115149679772e-07 
5.3908581248922216e-08 
9.7472387711498095e-08 
-1.3326690099306289e-07 
2.751592063708532e-08 
-5.5822527216603644e-08 
1.5187878616164088e-07 
-1.7158042112847672e-08 
-8.3626654022670824e-08 
-1.0107490903198799e-07 
3.6281399117508507e-08 
-7.3825745022854977e-08 
3.2781377566580496e-08 
-7.5811000447907704e-08 
9.5738566929269346e-08 
2.4426234782562945e-08 
-2.9845582824402451e-08 
-8.938133748687016e-08 
-6.089524075012241e-09 
-3.083059953977268e-08 
-5.6559670205289346e-08 
-6.6423210807152961e-08 
5.4808211175688829e-08 
4.9727949057788618e-08 
9.6521739045446562e-09 
7.330932363897932e-08 
-2.5283959693694871e-08 
1.3696431372508278e-09 
-6.4602254810086303e-08 
6.6290784942372546e-08 
-4.186208293692702e-08 
-6.3807086336475505e-08 
-1.5986616615199629e-08 
8.5939560797214552e-08 
-1.159810438152268e-08 
-2.6614405078939993e-08 
7.1695585456034107e-08 
-6.1065321129025999e-08 
-9.4753995775663961e-08 
-3.2997799544849001e-08 
3.4388185492523129e-08 
-8.4539494641269208e-08 
6.7813606531757478e-08 
-5.1714460354496977e-08 
-5.026544784964214e-08 
7.5025956514966292e-08 
8.8113019076338744e-08 
-9.4387302671004605e-08 
4.538532808906397e-08 
5.7167453330167435e-08 
-7.7304202422897445e-08 
7.894442872994925e-08 
-8.7017944374863418e-08 
6.8935320992537029e-09 
5.0572727503000194e-08 
-1.0155502384654708e-07 
-6.8869480649413821e-08 
8.2682316679817785e-08 
-1.9364847668003517e-08 
-1.6379827770065376e-08 
8.3776279619249246e-08 
-2.1773547893204989e-08 
6.6514520406365462e-08 
2.7327585871902624e-08 
6.0064934132793535e-09 
9.1566914029791705e-08 
-2.6590408721329931e-09 
5.4358947291897424e-08 
4.1375426281351352e-08 
3.393268901452641e-08 
6.5821461146019185e-08 
3.1785929747855611e-08 
-5.1109344351173191e-08 
-7.6807602437045966e-08 
-4.4165754332759693e-08 
-9.6091153864992702e-08 
5.4677295620392353e-09 
-5.9720550007020333e-08 
-8.8323038583138372e-08 
-4.9940817266809027e-08 
-1.0656341979825479e-07 
-4.744016587846717e-08 
-7.9154133852156294e-08 
-8.9215901840917285e-08 
-5.925886276264685e-08 
-1.2319342525094951e-07 
-6.1308843621790286e-08 
-1.2841113031242545e-07 
-6.101783673117386e-08 
-4.2460850925060634e-08 
-1.2191597774601539e-07 
-6.2556858469890757e-08 
-1.3034745865806489e-07 
-5.9089542719570326e-08 
-1.2797689953407157e-07 
-3.0014615093566225e-08 
-5.632262079968925e-08 
-1.1559716615121753e-07 
-4.8107894531041816e-08 
-1.0272053280691778e-07 
3.328582837140421e-08 
8.1371502081482785e-08 
1.646295488429735e-08 
-1.3141935495605883e-08 
6.8632237718724623e-08 
-1.2128706156580487e-08 
4.0899204931692633e-08 
-4.4018564916786169e-08 
-3.3999290767605505e-09 
-9.4648915531827422e-08 
-2.3780658741135297e-08 
-6.9974283659817843e-08 
-1.2392105600527641e-07 
-1.0627041038588656e-07 
-1.7096151741024504e-07 
-1.427502287156316e-07 
-1.898125961335791e-07 
-1.3594632568265345e-07 
-1.5242866802060903e-07 
-8.1669757023070591e-08 
-9.9674289121197536e-08 
-9.4481066558499007e-08 
-4.7341686144115708e-08 
3.4114782391595291e-08 
9.0001476577506593e-08 
1.2404835111324352e-07 
4.8963166684947184e-08 
