393
-1.0723566071789158e-10 
-2.5281188944816002e-10 
-2.3051277033012346e-10 
-1.8185875127887535e-10 
-9.0759265174847565e-11 
4.1799031089834577e-11 
8.0027706240954637e-11 
1.7468607500485186e-10 
1.5401546266667276e-10 
2.091313665356596e-10 
1.6607924476509689e-10 
2.0428142934975565e-10 
1.5632219864409119e-10 
1.8956015885153686e-10 
1.4979224865693272e-10 
1.8900736042638201e-10 
1.4772789760665052e-10 
1.8595210502880787e-10 
-1.4579499903645989e-10 
-1.8085796718600214e-10 
-1.4116012449563052e-10 
-1.744889318252244e-10 
-1.3362228023155523e-10 
-1.6591885160820607e-10 
-1.2709006791251742e-10 
-1.5667813795584527e-10 
-1.2601185498021873e-10 
-1.5708883379219365e-10 
-1.2701777330825665e-10 
-1.5840018051978395e-10 
-1.2521322322108987e-10 
-1.5374311695028757e-10 
-1.1581680069290994e-10 
-1.2863816911795661e-10 
1.0395289607939195e-10 
1.4373573855995032e-10 
-1.2407950963761051e-10 
-1.50608114985939e-10 
-1.1312559611407067e-10 
1.3180628962563775e-10 
1.0938239851585545e-10 
-1.3660573048578796e-10 
1.1357867872575564e-10 
1.3324139076327653e-10 
1.0510133753691732e-10 
1.2577482837695723e-10 
1.0246774431625041e-10 
1.2207608568597916e-10 
1.0541283116238485e-10 
1.2546330904166753e-10 
9.337095488842905e-11 
1.1007311453087095e-10 
9.8557967430869841e-11 
1.1651963221667282e-10 
9.1026937316280305e-11 
1.0941241705285947e-10 
9.6208824241804826e-11 
1.2099106293867344e-10 
8.6294784696893594e-11 
7.3546979775420705e-11 
1.0936132981636976e-10 
1.9009295123115298e-10 
1.7244862548535355e-11 
-2.6055415891086213e-11 
-2.9025968905089669e-10 
-3.8813853213107403e-10 
4.9312594986892587e-10 
-3.0252948430985098e-10 
9.3707398584326764e-10 
-2.8230993578496007e-10 
7.5107055672109119e-10 
-3.4537310980487892e-10 
4.6792934782799789e-10 
-7.2744080895113469e-10 
-1.2416543293995399e-09 
-9.4133481507929368e-10 
-2.3465754775379727e-09 
7.0006598726274833e-12 
-1.5814066942598786e-09 
8.1581536086504415e-11 
3.7603835803945313e-10 
1.1964271591265408e-09 
6.365538851759689e-10 
2.7949366997358701e-09 
7.4115031934332183e-09 
-8.1178170988234124e-10 
-7.2145111078958642e-09 
2.1590350265541389e-09 
-5.838721456270297e-09 
-2.2626836898978403e-09 
4.2082936864743402e-09 
1.2416103259854959e-10 
2.6058410059272835e-09 
-3.2644753358195435e-09 
1.0919651441624854e-08 
-4.7460561397055847e-09 
-2.093971460119869e-08 
-2.6924616557341212e-09 
1.6890842095834891e-08 
-5.7373817093368231e-09 
1.9197234929222749e-08 
9.6727286301998475e-09 
3.5672654180286542e-08 
2.31323441543296e-08 
-4.2594277176828653e-08 
-3.63959633381697e-08 
-3.0491913730296827e-08 
-4.3671691969966074e-08 
2.4865488951727594e-08 
5.7923240608928643e-08 
1.1741898285421803e-08 
5.9930836941463088e-08 
3.6946672321808669e-09 
6.3596230503840485e-08 
-2.0061798704181625e-08 
-5.2863374723941658e-08 
4.1320323313620297e-08 
5.3713529289752679e-08 
-5.2007263302808262e-08 
-2.6793038928280506e-08 
6.0893885291553832e-08 
3.6567037800033677e-09 
-6.6803035825725927e-08 
2.391849909218067e-08 
5.5367317681881997e-08 
-4.8099615472012975e-08 
-4.1883102948033604e-08 
6.8644358467881218e-08 
1.277420073235626e-08 
-7.8216308866056946e-08 
2.8939779849936936e-08 
6.8780862204097844e-08 
-6.5351604269824722e-08 
-3.6229644655760295e-08 
8.4449668835206043e-08 
-8.97550731300235e-09 
-8.318498037341914e-08 
5.3638241881853288e-08 
6.1920331112038806e-08 
-8.621995539701805e-08 
-1.9771173851785336e-08 
1.0232049276784115e-07 
-3.8519309719636788e-08 
-9.3894844938496225e-08 
8.7782397685751001e-08 
5.4164328023982963e-08 
-1.1003316483278216e-07 
-5.164883984397441e-09 
1.1459149391399936e-07 
-4.0702378864686799e-08 
-1.0670071685296913e-07 
7.7174631662423108e-08 
8.8003973595165047e-08 
-1.0256849927015944e-07 
-7.237844932405567e-08 
1.2035480097281944e-07 
6.6286017450764753e-08 
-1.284631729941474e-07 
-7.6947637085801488e-08 
1.2928333765100952e-07 
1.0083017165474384e-07 
-1.0850677024175083e-07 
-1.2795868545059922e-07 
6.7983756178740889e-08 
1.5186732227868093e-07 
-5.7592535489512618e-09 
-1.5485525209979047e-07 
-6.0077770725431087e-08 
1.2307691810575249e-07 
1.1205868078440155e-07 
-4.5361648589082265e-08 
-1.4389457674343995e-07 
-7.5972652325150494e-08 
1.0869694077919678e-07 
1.2622485882714252e-07 
-1.6133703628278313e-08 
-1.3326387256745083e-07 
-7.4124936849312634e-08 
8.6582814236963795e-08 
1.1855676407043969e-07 
3.293011815351904e-08 
-1.1550909665208652e-07 
-1.1489706797914667e-07 
7.9432468754007583e-09 
1.1755600757756892e-07 
8.7094810440389263e-08 
-5.6167718574121201e-08 
-1.1577269495612582e-07 
-7.0762166943816945e-08 
8.1543166660537625e-08 
1.1521986039560595e-07 
4.9667699447131102e-08 
-8.7214882628459615e-08 
-1.1231577929008368e-07 
-1.378350984496468e-08 
1.076610863082892e-07 
1.1614952148145742e-07 
1.7040478243765606e-08 
-9.6441558305360998e-08 
-1.1178099356294258e-07 
1.0985293307763548e-08 
1.138405527057085e-07 
-1.1517232522485823e-07 
2.5213848306959719e-08 
1.0257442516600984e-07 
1.1173141170317817e-07 
-2.6957340148577828e-08 
1.2087146984027993e-07 
1.0895545065104183e-07 
-5.3807041262775941e-08 
-1.091631187700061e-07 
1.1478277529762651e-07 
-3.3699023719928739e-08 
-1.284290049130822e-07 
-1.104087036709938e-07 
-6.1697379138898181e-08 
-1.1682649209406707e-07 
-1.2001758534328113e-07 
-3.2447341813285612e-08 
-1.3659496407167075e-07 
-1.1864524383223819e-07 
-5.7189401235500976e-08 
-1.229939532206225e-07 
-1.2871000220442913e-07 
-2.1531993568931829e-08 
-1.4056340860515079e-07 
-1.3426796405975791e-07 
-3.8643039706473732e-08 
-1.2237406371661446e-07 
-1.4101825408547655e-07 
3.2646842803726535e-09 
-1.3562637391182295e-07 
1.5090889527179755e-07 
-1.7194749807997221e-09 
1.0870330457534939e-07 
1.5203643396311903e-07 
-4.5177549747381276e-08 
1.1228430902927088e-07 
-1.5640573994515479e-07 
-4.8431822237168897e-08 
-7.0681954584184174e-08 
-1.521201782963516e-07 
9.2544072205263117e-08 
-5.6932972574275033e-08 
1.4198771862595086e-07 
9.0207634917385008e-08 
-3.6899571783295065e-09 
1.2650252863897255e-07 
-1.1561497242513604e-07 
-1.8925452699176018e-08 
-9.2422691584388423e-08 
1.0849104096855629e-07 
6.8846118828305947e-08 
4.6336875420066227e-08 
1.0967737356849983e-07 
-6.2975660254162736e-08 
-2.0882720005516358e-08 
-8.8493730775104628e-08 
8.3162456137336334e-08 
3.3682967596541909e-08 
4.7604228233032575e-08 
-7.7833543451110601e-08 
-6.0132116531743828e-08 
8.1273276074938601e-09 
6.6116615183980786e-08 
5.3342478705089696e-08 
-4.5669405922954281e-08 
-1.4178071903325222e-08 
-5.9800581136057059e-08 
4.0685808414338014e-08 
-3.5567469259736232e-08 
2.5094162430115954e-08 
-4.8650368857055094e-08 
3.3525954429363222e-08 
2.823312574398397e-08 
2.6460663950768083e-08 
-3.9523067378459953e-08 
2.8996087432201753e-08 
2.3003432694451992e-08 
2.4345262282909161e-08 
-3.3429166079145866e-08 
2.6357082982205253e-08 
2.1601296350856463e-08 
1.8280045162467848e-08 
-2.8653970436789334e-08 
2.4545124151387561e-08 
-2.2436651125716986e-08 
9.8288928706504445e-09 
-2.5138812129055343e-08 
2.3330249288128816e-08 
-2.2688888696072869e-08 
3.920057172138083e-10 
-2.1303379794010062e-08 
2.2130593706114992e-08 
-2.1715410219014197e-08 
1.0110714941013486e-08 
1.5827599398500357e-08 
-2.1000771643574446e-08 
-2.060126069497357e-08 
1.8524908751699537e-08 
3.950135709329048e-09 
-1.9502755524450555e-08 
1.9241121172545117e-08 
-2.0443965419924567e-08 
-1.2647977183755909e-08 
-1.3580821756995789e-08 
1.7443228595497559e-08 
-2.0305212070260377e-08 
2.0648465112792836e-08 
-1.0695814615314399e-08 
-1.1512540457268645e-08 
1.9376288251995991e-08 
1.9683232330001859e-08 
-2.0244729711003354e-08 
7.074043930155369e-09 
1.5223946429685485e-08 
-1.8063660128021962e-08 
2.0799405166364295e-08 
-2.0352025355087961e-08 
8.1301881922171778e-09 
9.8029128948222933e-09 
-1.9128226262523956e-08 
-1.9261240701239621e-08 
1.6600083702630135e-08 
-1.1571791545847742e-08 
-6.7689990937259614e-09 
1.5961175729093002e-08 
-1.5867056551379347e-08 
1.410361738808562e-08 
-8.7225203480548797e-09 
2.7962242041103773e-09 
1.1541811733681924e-08 
-1.2367346893524318e-08 
9.041301218713459e-09 
-8.0286091730366548e-09 
3.9229955764381805e-09 
3.0743189452567097e-09 
-9.3370661924099883e-09 
-7.3462682697629351e-09 
4.9800854514571718e-09 
-4.6439608899220955e-09 
2.1487104443560671e-09 
3.5691735546671762e-09 
-5.2987180620508224e-09 
4.1759616104994042e-09 
-2.8333489031462299e-09 
2.745062274313531e-09 
-1.350722140626462e-09 
-1.958754726528329e-09 
3.745255004606707e-09 
-2.6375396233471735e-09 
1.7362506072951578e-09 
-1.7020287664164952e-09 
1.05759091907479e-09 
-9.5917426339105594e-10 
-1.8322457457903501e-09 
1.6686299553043125e-09 
-1.0014695888499283e-09 
1.0034268396512488e-09 
-6.2878262300724558e-10 
6.818380216991524e-10 
5.5907038606042112e-10 
-1.7430847117097191e-09 
6.6963619313963573e-10 
-6.6955805847355931e-10 
4.3075356244972969e-10 
4.4078463907420797e-10 
-2.1627468888380085e-10 
1.504766456625489e-10 
5.7431735078052206e-10 
-3.8721294341939727e-10 
1.7367389913532198e-10 
-2.0199627870043223e-10 
-3.718591456076366e-12 
-1.1787549571006893e-11 
-2.9118496394780249e-10 
7.2829378910002987e-10 
-8.0880720804942457e-10 
2.0849234766839235e-10 
4.6731098859502711e-11 
-7.8870380671215935e-11 
1.6821130127446569e-10 
-2.3148489398427701e-10 
2.6195158240417105e-10 
-3.0602463906251856e-10 
6.0503067034402329e-11 
3.5321403746922749e-10 
-5.8769900145514671e-10 
5.2581033389305637e-10 
-6.8796749469942858e-10 
8.0636851169388335e-10 
-1.9006723168276397e-09 
2.106995077756064e-09 
