393
9.3782321190445288e-10 
-9.6867007776389244e-10 
-8.5859299153687202e-10 
-2.5860204683907218e-10 
-2.2357123970114091e-10 
1.5582402353517245e-10 
-4.2523537458844977e-12 
2.4155288428170261e-10 
3.1480656864239953e-11 
1.9307579381887356e-10 
1.5279554114587048e-11 
1.5657642426189323e-10 
1.4444390459301071e-12 
1.280566189954171e-10 
4.3121956874856254e-13 
1.2755758572603627e-10 
1.1657986424079952e-11 
1.2226946282161234e-10 
-1.3762953041297843e-11 
-1.1565238865053151e-10 
-1.4171729736835793e-11 
-1.0164859014111438e-10 
-1.1036998081558711e-11 
-9.4816708988646179e-11 
-1.1306515884816353e-11 
-8.7841157986180164e-11 
-1.4690710535283751e-11 
-8.9344614597000042e-11 
-1.8203841532839342e-11 
-8.8272094146625676e-11 
-1.6115734013381438e-11 
-8.1610219179860931e-11 
-1.4042367891571303e-11 
-6.5741539016285364e-11 
1.4090128218016653e-11 
7.4948972150706205e-11 
-1.603379484207296e-11 
-7.8052143307324605e-11 
-2.0342793636929741e-11 
6.7119470256865146e-11 
1.3668718682087992e-11 
-7.0199506016019348e-11 
1.8664770802221976e-11 
6.4097110918991382e-11 
1.377970234647752e-11 
6.5190993829242174e-11 
1.8579588557498229e-11 
5.7280949863071779e-11 
1.7234573894519766e-11 
6.6215788335079431e-11 
7.6389541173384725e-12 
4.1251504674782668e-11 
2.6875537478958184e-11 
6.4192669536957312e-11 
-6.2191741085553816e-12 
5.3901482676917708e-11 
3.7169475127447368e-11 
4.5782878804938382e-11 
-7.0443266840738973e-12 
4.7121915576081344e-11 
2.2571342580784819e-11 
8.8440827572343662e-11 
2.8929569100474911e-12 
-4.0318450840927411e-11 
-7.8724687574639565e-11 
-2.9185970377513772e-10 
2.3725511179149464e-10 
-3.5227824034237545e-10 
4.9192015434925666e-10 
-3.4139294550227145e-10 
6.0181243036332759e-10 
-5.5389024897052695e-11 
5.9666158784646282e-10 
-5.8405914217837202e-10 
-1.6828029548997982e-10 
-1.2022005719268094e-09 
-9.5444328780629389e-10 
7.8629509291919515e-10 
-6.066197006767046e-10 
1.0764396225351849e-09 
5.1180943115277716e-10 
3.2561937605893462e-09 
8.9213610009756841e-10 
1.2371546158462481e-08 
1.1613346306021318e-08 
-1.748930932159623e-08 
-1.451290348158287e-08 
-7.5488705827251837e-09 
-1.3602036426191925e-08 
-9.1252871913752084e-10 
3.8281952453673272e-10 
1.3754894737415177e-09 
-7.878053479946629e-09 
-2.6763425758328738e-08 
6.586471231730419e-09 
-9.2324186339390313e-08 
-4.4590810796501997e-08 
1.1565100336255789e-07 
4.9554157629976627e-08 
8.3606195287325812e-08 
7.3921976062915077e-08 
-1.2903096608520521e-07 
1.6471230813498995e-07 
-1.7169948273480003e-07 
-2.2736552283746241e-07 
1.2169907033613428e-07 
-2.1464811221388491e-07 
4.748399781508827e-08 
2.5466083328926142e-07 
1.6578892519600679e-08 
2.4631059056827494e-07 
8.5816154714336006e-08 
-2.3929370642009141e-07 
1.5199095339878667e-07 
1.7160002416733304e-07 
-2.0196803316950782e-07 
-1.1250286343354218e-07 
2.8857660949527127e-07 
2.1319889911577178e-08 
-2.4179411631999634e-07 
9.4373832707897986e-08 
2.4253463935652314e-07 
-1.8236058771857766e-07 
-1.6681618055053568e-07 
2.3909099240918653e-07 
6.59179467248353e-08 
-2.9073111497042344e-07 
4.6705714915028083e-08 
2.7486807982682427e-07 
-1.6318218843193165e-07 
-1.7727390466564433e-07 
2.5684127196376099e-07 
1.7010569211251636e-08 
-2.8838247160137879e-07 
1.2988472490664083e-07 
2.2614469974185989e-07 
-2.3865429332255411e-07 
-1.0072300312766478e-07 
2.9547441736153073e-07 
-4.5060630762059737e-08 
-2.7725287170698051e-07 
1.7557590041116418e-07 
1.5585098923766842e-07 
-2.8511780552498666e-07 
1.0956457706518573e-08 
3.0426249203768046e-07 
-1.4425508081546931e-07 
-2.4178915122754099e-07 
2.395348937166859e-07 
1.4180558278873846e-07 
-3.0393442628008903e-07 
-4.216262482320023e-08 
3.1951101490190613e-07 
-3.999617138754595e-08 
-3.1608824436410701e-07 
9.2197321922284256e-08 
3.0871864770078555e-07 
-1.1001289628993533e-07 
-3.1372416404396069e-07 
9.5844601257413092e-08 
3.3083322108442011e-07 
-3.5217228668489483e-08 
-3.3337505606733139e-07 
-5.446679399619679e-08 
3.1975337201364034e-07 
1.6721864227809511e-07 
-2.6040774925649262e-07 
-2.6146834723537305e-07 
1.4252107407654551e-07 
3.1371016389909681e-07 
4.0752060773604176e-08 
-3.1068454290054742e-07 
-2.5457579492873921e-07 
1.4881625570651566e-07 
3.0682335963557578e-07 
6.0379386483919887e-08 
-2.7660676064261789e-07 
-2.2531004231652641e-07 
1.3998751143367981e-07 
2.8815115887555897e-07 
1.1819266607293808e-07 
-2.4578017300916327e-07 
-2.703044797109439e-07 
-1.6666332881677123e-09 
2.6451090940545132e-07 
1.9730651837323615e-07 
-1.3461812313617618e-07 
-2.5857246601949077e-07 
-1.3450670677336604e-07 
2.0358234053610975e-07 
2.5117412777892131e-07 
5.7747976245363238e-08 
-2.191085672957496e-07 
-2.1120321584200597e-07 
4.5181731194452723e-08 
2.3672128732530735e-07 
2.1020929474985538e-07 
-5.7725397301874568e-08 
-2.2272056233249699e-07 
-1.5244868261185563e-07 
1.2027105577413908e-07 
2.1418574878686094e-07 
-1.3283331399834581e-07 
1.4626960742037893e-07 
2.076051694473943e-07 
9.4521313833342195e-08 
-1.5067158234260514e-07 
1.917405701593958e-07 
5.8129025196742581e-08 
-1.7263606533568041e-07 
-1.8960499416734858e-07 
5.4211304717362075e-08 
-1.5387167025307405e-07 
-1.7126055263720693e-07 
-2.3716254593117967e-08 
-1.6750231543987849e-07 
-1.7234455420819897e-07 
-3.0865060708732013e-08 
-1.4590011992664257e-07 
-1.5463603689106639e-07 
-1.4014578002915293e-08 
-1.5394627118208807e-07 
-1.5761271537643893e-07 
-2.2616307256764198e-08 
-1.3137420654901378e-07 
-1.4241459093819494e-07 
-2.1838437837843335e-08 
-1.3563683657385376e-07 
-1.4500934106033142e-07 
-2.7227445884336578e-08 
-1.1052482794322401e-07 
-1.3384562736408172e-07 
4.0180881119157868e-08 
-1.1038040088915573e-07 
1.3391519775358848e-07 
4.0028254319800295e-08 
8.020926515503544e-08 
1.2631819380120851e-07 
-5.8781406677523972e-08 
7.6814309997348153e-08 
-1.2064281988177729e-07 
-5.6405361009155249e-08 
-4.0967823673347246e-08 
-1.1407339948553822e-07 
7.4549254067533126e-08 
-4.1377980420775404e-08 
9.4485396607024662e-08 
8.0212535957057338e-08 
6.1310397876724065e-09 
8.5799049973694077e-08 
-9.1081511935433323e-08 
-8.6668944558131021e-09 
-5.2709625815338678e-08 
9.4361708462866839e-08 
2.8432581449673095e-08 
5.4304287430861364e-08 
7.9235293945578559e-08 
-5.8046989324553237e-08 
-2.2307270880653841e-08 
-7.107652828279307e-08 
7.601062112111554e-08 
1.7899252430324999e-08 
4.4473278203425828e-08 
-7.849882644359957e-08 
3.6306757571743865e-08 
-4.7377214174475092e-08 
5.4447964651503862e-08 
-7.3298025177850459e-08 
1.8823079678239543e-09 
-5.5867580204867683e-08 
5.9628166783080149e-08 
5.8098393510279175e-08 
2.5336416702257374e-08 
-5.8696303292680594e-08 
-6.2883692255361233e-08 
4.1236625995829607e-08 
3.5628682281355333e-08 
-5.9516038728150352e-08 
-6.4222998584084167e-08 
2.7635382311615098e-08 
3.9900133394925207e-08 
-5.8855628324927611e-08 
-6.3217341285872768e-08 
2.2134478226252279e-08 
4.070308208423649e-08 
-5.7695056421681813e-08 
5.9999347476293543e-08 
2.7660000635930083e-08 
3.9397541908654067e-08 
-5.5861820259791566e-08 
5.6392306517885941e-08 
-3.7402897287545568e-08 
3.4790090811695604e-08 
-5.4076089697569251e-08 
5.3433071398282401e-08 
-4.9095271036498161e-08 
-2.2451017168316543e-08 
5.1757833039266193e-08 
5.1081625770209451e-08 
-5.7475491824990051e-08 
4.7530284657919263e-09 
4.8446392867657566e-08 
-4.8520996932589529e-08 
5.668581806352717e-08 
4.1572727212758113e-08 
3.0994465446050838e-08 
-4.4239136888289534e-08 
5.4078129358676361e-08 
-5.4988832017498506e-08 
2.966827344149481e-08 
3.0243385754238677e-08 
-5.1178662872737958e-08 
-5.1809524900438863e-08 
5.1572235219648414e-08 
-1.5088609918703086e-08 
-4.1013795456931953e-08 
4.7270691737012385e-08 
-5.1415301949211188e-08 
4.8099411868149235e-08 
-1.3077218233929973e-08 
-2.9946969156818704e-08 
4.7149584919501197e-08 
4.5427502320195271e-08 
-3.4211769343023017e-08 
1.9580065628237877e-08 
2.3599132687360716e-08 
-3.8973526851861865e-08 
3.2077208008948768e-08 
-2.6111625849450858e-08 
1.0321196565517798e-08 
4.7342509218749527e-09 
-3.0146877427149506e-08 
2.3973159267134012e-08 
-1.1611062102934573e-08 
9.0638886274191681e-09 
2.4216673394870125e-09 
-1.670085791870057e-08 
1.7488212416915373e-08 
8.4325341755114327e-09 
-8.9552842183964937e-10 
-3.8201353591509961e-11 
6.9067014467038542e-09 
-1.6689789864932836e-08 
4.9088199788875251e-09 
-7.3142641847089894e-10 
-4.3929266110978594e-09 
3.9407662435542243e-09 
-8.4908346172575485e-09 
1.3680645744112096e-08 
-2.8580904758511955e-09 
-3.1838149175080961e-09 
6.3305038373799564e-09 
-6.4530625138067669e-09 
8.4637360763047521e-09 
-8.9953835371547713e-09 
1.0393970415045799e-08 
3.4466147624908696e-09 
-7.9299157387276418e-09 
7.0267974872870262e-09 
-9.0590044750917439e-09 
8.1031489232147388e-09 
-1.1817441581678844e-08 
2.7362561595000505e-09 
7.7153729524773568e-09 
-7.7224086766817033e-09 
8.6216362028933215e-09 
8.5410011554353489e-09 
-9.6870000299899552e-09 
1.0128160409745635e-08 
-7.5495869182055244e-09 
-5.7202151007984634e-09 
8.8773328571495868e-09 
-8.0882140781701079e-09 
9.6145349574291988e-09 
-9.1863255743988476e-09 
1.0758498856331375e-08 
-1.1216124604879794e-08 
-7.0547751700155201e-10 
7.4249463106191054e-09 
-9.6467056700510797e-09 
9.4197476660865759e-09 
-1.0624626434080003e-08 
1.0517920615759623e-08 
-1.1790707935737298e-08 
1.2084310719972339e-08 
-3.6415375805627895e-09 
-7.6737997139669864e-09 
1.1757276821674984e-08 
-1.1270471945851957e-08 
1.300023401248282e-08 
-1.2870530068330936e-08 
1.9689308350351807e-08 
-2.0201106740849255e-08 
