393
6.1903934649943851e-10 
-9.052607150217316e-10 
-8.747218315351481e-10 
-2.5831624256874761e-10 
-2.2649265002471102e-10 
1.5062363633495389e-10 
1.5421534179804082e-13 
2.3530480132626172e-10 
3.8908900809254138e-11 
1.8702674644103222e-10 
2.3375772125775878e-11 
1.4992341015627624e-10 
9.6696252664283651e-12 
1.2118232745572156e-10 
8.868767239766464e-12 
1.2037133770830606e-10 
2.0011215507724521e-11 
1.1518553177035659e-10 
-2.22239375263947e-11 
-1.0852871981589358e-10 
-2.2487229566754449e-11 
-9.4628383913334902e-11 
-1.9111318199621569e-11 
-8.7877583750199519e-11 
-1.9121098373029842e-11 
-8.1219334223702164e-11 
-2.2440529478730273e-11 
-8.2688916180777061e-11 
-2.5995222562457321e-11 
-8.1503536336218962e-11 
-2.3911303159269472e-11 
-7.492962116036e-11 
-2.1297251871626687e-11 
-6.0111378751052176e-11 
2.0605986874472208e-11 
6.8508635804022513e-11 
-2.3941639584955627e-11 
-7.1309500875578943e-11 
-2.7407576746975919e-11 
6.1087289529134033e-11 
2.0801510553075732e-11 
-6.3794629537683124e-11 
2.5965479746380873e-11 
5.7838267874858824e-11 
2.0699309838237632e-11 
5.9166732642474673e-11 
2.5181108017740304e-11 
5.1566310754109382e-11 
2.4218099719226912e-11 
5.9688504955148586e-11 
1.39652092760541e-11 
3.6314937594862965e-11 
3.3134350991787574e-11 
5.7758678109904453e-11 
6.5630331364034323e-13 
4.862781923058519e-11 
4.2716951026002144e-11 
4.0373765243598377e-11 
-3.9552037948904954e-14 
4.0401990037731426e-11 
2.8368621209726526e-11 
8.6222655208252285e-11 
7.2461622774388051e-12 
-4.8505298446811982e-11 
-8.899538135263576e-11 
-2.9140683766600331e-10 
2.4292352424785657e-10 
-3.6319457671228313e-10 
5.1378672292050468e-10 
-3.3682369034124067e-10 
6.1101786338626847e-10 
-5.8884763155936158e-11 
6.0767885023038672e-10 
-6.0994194239607611e-10 
-2.027247787694233e-10 
-1.2149934279623263e-09 
-1.0086230491686003e-09 
7.8923121291021877e-10 
-6.6340485468991524e-10 
1.0568278122030749e-09 
4.8036026209136178e-10 
3.2371370972195628e-09 
1.0062309437313166e-09 
1.2173854867587108e-08 
1.1931804888601785e-08 
-1.7050494550270414e-08 
-1.4669885414791716e-08 
-7.1415237692080817e-09 
-1.3650860569776464e-08 
-1.0554436740905442e-09 
6.8847292731928768e-10 
1.4237789300288541e-09 
-7.2049054115426109e-09 
-2.6271864811510207e-08 
8.598453648621679e-09 
-8.9562310680589786e-08 
-4.7624106043864969e-08 
1.1116411877925134e-07 
5.1649994153084331e-08 
7.9807958851221752e-08 
7.5403918971699162e-08 
-1.2262651795076192e-07 
1.6562803158771906e-07 
-1.612496123232402e-07 
-2.2685470991465808e-07 
1.1117995011296747e-07 
-2.1205307863453077e-07 
3.8869384683910011e-08 
2.4922107886740086e-07 
2.4706652981454838e-08 
2.3876369079958486e-07 
9.1452655345144629e-08 
-2.2945816850701877e-07 
1.5539225048270891e-07 
1.6180570650288535e-07 
-2.0148796937621048e-07 
-1.0191247291547609e-07 
2.8415063783651597e-07 
1.3089012970925994e-08 
-2.3529213834922121e-07 
9.8741704941278938e-08 
2.3281159261511634e-07 
-1.8366108872786189e-07 
-1.5669245517585454e-07 
2.3620515278118965e-07 
5.6922384732071923e-08 
-2.8356328632915911e-07 
5.3296982392195463e-08 
2.6449519060577079e-07 
-1.6562993205641509e-07 
-1.6614891851448988e-07 
2.5371324652685675e-07 
8.8944079221394654e-09 
-2.7995371911770482e-07 
1.3336504458774923e-07 
2.1541046449285383e-07 
-2.3687453299475412e-07 
-9.098385128325215e-08 
2.8869791995000701e-07 
-5.1373062146038902e-08 
-2.6695170954045583e-07 
1.7723302056860814e-07 
1.4552011146457131e-07 
-2.8072428256396328e-07 
1.7960418354257638e-08 
2.9515213873354082e-07 
-1.4678702047685959e-07 
-2.3123797840174386e-07 
2.3774166388001785e-07 
1.3211229333615698e-07 
-2.9818351012748239e-07 
-3.4474324554503064e-08 
3.1124749935364316e-07 
-4.5385519571451323e-08 
-3.0654718588141926e-07 
9.585371559771468e-08 
2.9886143979498669e-07 
-1.1283284029917617e-07 
-3.0396058432059904e-07 
9.8825451116400864e-08 
3.2126038001283981e-07 
-3.944431877559775e-08 
-3.2467308075345689e-07 
-4.8531949816556319e-08 
3.1245068312084011e-07 
1.5923270013315967e-07 
-2.5552848577542131e-07 
-2.5215053520426943e-07 
1.4122384608410012e-07 
3.0402433790273262e-07 
3.7242030746829969e-08 
-3.021362571729779e-07 
-2.4604142488596277e-07 
1.4573731343447279e-07 
2.9748993286380925e-07 
5.7670793977267662e-08 
-2.6833159199546978e-07 
-2.1815990099572765e-07 
1.3556979436950529e-07 
2.7914094373580633e-07 
1.1515521860363579e-07 
-2.3756579201715947e-07 
-2.6202953757776704e-07 
-3.1338319777226384e-09 
2.5562081362861004e-07 
1.9247803752174994e-07 
-1.2829150874132407e-07 
-2.5086630180012818e-07 
-1.3277836490240298e-07 
1.9521443122798836e-07 
2.4373713169361729e-07 
5.9544804599757592e-08 
-2.1059041915384153e-07 
-2.0683632611051245e-07 
3.9499505921476821e-08 
2.2940156523826392e-07 
2.0612096414938823e-07 
-5.1168224341040211e-08 
-2.1544681870710518e-07 
-1.5227110533698553e-07 
1.1224021346126377e-07 
2.0940710904311465e-07 
-1.342069443322935e-07 
1.3805241735915587e-07 
2.0238323889039173e-07 
9.8182188739352169e-08 
-1.4268181233731058e-07 
1.894246339750739e-07 
6.3809556724902672e-08 
-1.6584538889261125e-07 
-1.8659266237271371e-07 
6.0549697848029107e-08 
-1.4691553734367558e-07 
-1.7128232989003216e-07 
-3.1452948934598764e-08 
-1.6239670539611894e-07 
-1.7160728626738804e-07 
-3.8866101145155614e-08 
-1.4005361019232421e-07 
-1.5678753415580823e-07 
-2.2749250518021648e-08 
-1.4999585613978539e-07 
-1.5884104599416124e-07 
-3.163291512542834e-08 
-1.2621029271056881e-07 
-1.461413380152018e-07 
-3.1283788612454779e-08 
-1.3198162855997377e-07 
-1.4759719248764254e-07 
-3.6962214081410791e-08 
-1.0521351513658057e-07 
-1.3835993536652969e-07 
5.015557302083019e-08 
-1.0583977896870962e-07 
1.3683222554754035e-07 
5.0220942388766641e-08 
7.3624438877952322e-08 
1.3023359044157471e-07 
-6.87964805205102e-08 
7.0372859475088229e-08 
-1.2206832357273823e-07 
-6.6447556304898712e-08 
-3.24611487644631e-08 
-1.1508450903299768e-07 
8.3629297158874297e-08 
-3.3137110779930047e-08 
9.176215493118456e-08 
8.8356015330326255e-08 
-3.2730952796775615e-09 
8.2384020713512217e-08 
-9.6792509958378821e-08 
3.3894475879679939e-10 
-4.6106915886324423e-08 
9.6765943979600154e-08 
3.7216562447537336e-08 
4.8252473931159263e-08 
7.6625291986240188e-08 
-6.5090319370638194e-08 
-1.483502741831777e-08 
-6.7694396758924796e-08 
7.9981451366965551e-08 
1.0762064649017365e-08 
3.8905757872427905e-08 
-7.7786750560611377e-08 
4.269484062135039e-08 
-4.246641513652008e-08 
5.0279914745373902e-08 
-7.5372604107748019e-08 
-4.1821156811734118e-09 
-5.2272503420047461e-08 
5.6733010601407381e-08 
6.1750030230337597e-08 
2.0384305854835451e-08 
-5.6128566045890366e-08 
-6.1029547456626802e-08 
4.546150604189355e-08 
3.1760274600396887e-08 
-5.7605952455837621e-08 
-6.3391104012780875e-08 
3.1847594247391601e-08 
3.6748467594065425e-08 
-5.752620102756847e-08 
-6.2827611188588872e-08 
2.6053309396113162e-08 
3.8165825974814306e-08 
-5.6706480121807764e-08 
5.9644918638064701e-08 
3.1167263444737526e-08 
3.7189152407860233e-08 
-5.5212560532832823e-08 
5.5926729924347168e-08 
-4.0503701528734209e-08 
3.2800267591468117e-08 
-5.3624557900282229e-08 
5.3112671284630988e-08 
-5.1695607811747651e-08 
-2.0216594546994304e-08 
5.1522423074134728e-08 
5.086659646292918e-08 
-5.9294743934183793e-08 
7.495458997755635e-09 
4.8230431458189758e-08 
-4.8476942938241024e-08 
5.7951259897217201e-08 
4.4505555493519858e-08 
2.9881030328573448e-08 
-4.4141240195774687e-08 
5.5259770217989136e-08 
-5.6533077262531558e-08 
3.2678505676837316e-08 
2.9469394818975011e-08 
-5.2330563131671652e-08 
-5.3230314106553133e-08 
5.4391326867718318e-08 
-1.7840062396362863e-08 
-4.1442791884531856e-08 
4.8530997688173793e-08 
-5.395722823287249e-08 
5.1085317206086487e-08 
-1.5735603344863491e-08 
-2.9863286407465179e-08 
4.9441176423720968e-08 
4.8130830459168734e-08 
-3.7424705572402606e-08 
2.2478369356431785e-08 
2.3287033915945873e-08 
-4.096583533981442e-08 
3.5007513332589828e-08 
-2.9026025470163888e-08 
1.2773393232375142e-08 
3.0857366684570836e-09 
-3.1628241731483311e-08 
2.6427026804074239e-08 
-1.4022300394787458e-08 
1.1272108209178703e-08 
6.8875283683847306e-10 
-1.6381226301143561e-08 
1.9398849402885132e-08 
1.0447709981555686e-08 
-2.5839988645453071e-09 
1.6514135995412428e-09 
5.7141590231406375e-09 
-1.6900225560371995e-08 
6.5520240612311415e-09 
-2.1660759999324888e-09 
-3.0498003193013568e-09 
2.7486712802327964e-09 
-7.4391950362049342e-09 
1.3618310650144138e-08 
-4.0109920987030853e-09 
-1.9926870998899895e-09 
5.4086549968538267e-09 
-5.4330052936207515e-09 
7.7273102617786441e-09 
-8.159406858429831e-09 
1.0807123688978538e-08 
2.627721341580285e-09 
-7.1134920671926449e-09 
6.3612914455770786e-09 
-8.3588629561055251e-09 
7.5342666797168701e-09 
-1.1530109278374504e-08 
3.3926292474372632e-09 
7.1814658117401863e-09 
-7.1036488115289175e-09 
8.1652011353055246e-09 
8.0025589798346161e-09 
-9.3287716285978377e-09 
9.7576401190531739e-09 
-7.8678126871383552e-09 
-5.2617715455887362e-09 
8.4961241876988039e-09 
-7.7026490901192467e-09 
9.3541281012509519e-09 
-8.8852260475208552e-09 
1.0690850355467567e-08 
-1.1269376176860136e-08 
-2.0643247795884515e-10 
7.2414840004228454e-09 
-9.3774754532873419e-09 
9.4232513290394411e-09 
-1.044869182305279e-08 
1.0678693287717009e-08 
-1.1810188364136331e-08 
1.2509291411550136e-08 
-4.087520942599557e-09 
-7.4975490583755012e-09 
1.211570243139234e-08 
-1.1463653653607001e-08 
1.3485396718800424e-08 
-1.3539511026788776e-08 
2.119052771434778e-08 
-2.2082602428417991e-08 
