393
-1.636727977929915e-10 
-1.0173225830116176e-10 
-1.5684227114379097e-10 
-8.2016315803361472e-11 
-7.7469833358017358e-11 
8.157823709124738e-11 
6.0365436695522768e-11 
1.9219697910171239e-10 
1.3672416922325076e-10 
2.296490951959861e-10 
1.5985132686942716e-10 
2.3081986166749017e-10 
1.58060750526001e-10 
2.1762594934801635e-10 
1.5543976478740018e-10 
2.1612266543605514e-10 
1.5416387464899096e-10 
2.1193916704167872e-10 
-1.530317285000897e-10 
-2.0606607961447989e-10 
-1.5003633095842271e-10 
-1.9993231433281716e-10 
-1.4405637184285896e-10 
-1.9032919568782341e-10 
-1.3808216765641832e-10 
-1.7956456449882961e-10 
-1.3705675109165852e-10 
-1.7940521079752941e-10 
-1.3820135969257332e-10 
-1.8106982240412709e-10 
-1.3702020252454969e-10 
-1.7636386264293266e-10 
-1.277273916544246e-10 
-1.478934433416245e-10 
1.1492357338567402e-10 
1.6495058820701297e-10 
-1.3768020776374675e-10 
-1.724438140743542e-10 
-1.254778733889435e-10 
1.511277907348152e-10 
1.2204738569782589e-10 
-1.5646642619486061e-10 
1.2724843185013302e-10 
1.5319558665458408e-10 
1.1776259920554657e-10 
1.440272789570837e-10 
1.1503088006132335e-10 
1.404480726901282e-10 
1.1826390442180823e-10 
1.4429937636045244e-10 
1.0666701741802815e-10 
1.273440195328455e-10 
1.1102504260331925e-10 
1.3449283156113795e-10 
1.0311438048333178e-10 
1.2532666124185942e-10 
1.0936439926720425e-10 
1.3908551250411326e-10 
9.8048868980212392e-11 
8.975231546218736e-11 
1.2488643041752762e-10 
2.0257921594315049e-10 
2.1989848001259585e-11 
-4.4440864628708405e-12 
-3.1423162309588468e-10 
-3.7951464486963652e-10 
4.9485143049876537e-10 
-2.4025060108406921e-10 
9.4068679016541684e-10 
-2.5378871694905856e-10 
6.9412860582289029e-10 
-3.6550242129568295e-10 
3.9630963092830143e-10 
-6.1627971469630895e-10 
-1.3164826237406018e-09 
-7.4774198855647969e-10 
-2.3163953525546325e-09 
-1.5568959402677735e-10 
-1.5096358384508295e-09 
2.6118816965662613e-11 
4.9771514331235861e-10 
9.8714260207964949e-10 
1.7437509080683199e-10 
1.9230813999284005e-09 
5.3358302640474205e-09 
2.8903970261287555e-10 
-5.2521091566061073e-09 
2.1234714772851079e-09 
-4.1582844284164478e-09 
-1.6385099508734245e-09 
3.7351618014644831e-09 
8.7634028937726953e-11 
2.4175618392384442e-09 
-1.8820923168020756e-09 
7.0757656730811587e-09 
-2.0852059391972305e-09 
-1.1545796456206823e-08 
-4.2826862851213653e-09 
8.6721451416843092e-09 
-6.1673381315913264e-09 
9.9610312531619772e-09 
9.8198211676700995e-09 
1.9011130399924984e-08 
2.010482172707224e-08 
-2.1976137266380796e-08 
-2.8650471659226135e-08 
-1.4341443915165187e-08 
-3.2280682078220906e-08 
9.6380143307915762e-09 
4.1054890450941644e-08 
9.9326092395154116e-10 
4.0581315835687089e-08 
1.0054793946472486e-08 
4.1427048860623723e-08 
-1.9969122720006971e-08 
-3.2356985659042609e-08 
3.400012116234554e-08 
3.0875973910855701e-08 
-3.9252195777293958e-08 
-1.2330187635768147e-08 
4.2498834376151121e-08 
-5.4929281538643291e-09 
-4.4042504603421851e-08 
2.433091371919218e-08 
3.3767148908125021e-08 
-3.9507371287290567e-08 
-2.1852661775967186e-08 
5.1736868334860896e-08 
-1.7519414366713901e-10 
-5.5232145897584679e-08 
2.9940222977740368e-08 
4.4503245640972357e-08 
-5.3234216833689559e-08 
-1.6976348829341944e-08 
6.3156420129396513e-08 
-1.7489191503521283e-08 
-5.7719517214940253e-08 
4.9447195734599348e-08 
3.7721154902422682e-08 
-7.065600597477462e-08 
-2.8821616455089751e-09 
7.8911584055958026e-08 
-4.1497652301059154e-08 
-6.6738954281071014e-08 
7.6684797677421832e-08 
3.1338069709163933e-08 
-9.0023498650836153e-08 
8.8897923238640205e-09 
8.9477145284863398e-08 
-4.4915597634849702e-08 
-7.9020063629632709e-08 
7.3284924971912206e-08 
6.1277784334037513e-08 
-9.3042978608086972e-08 
-4.6763839259348392e-08 
1.0825142047325033e-07 
4.1223929476116286e-08 
-1.1689590431363359e-07 
-5.1301019408337789e-08 
1.2110713120187945e-07 
7.4349611426808764e-08 
-1.0723695464129448e-07 
-1.0255618445068384e-07 
7.5331806949085912e-08 
1.2963700298119473e-07 
-2.1863654065295489e-08 
-1.3973563025884182e-07 
-3.8498692643525679e-08 
1.1914259869021723e-07 
8.9548669626229319e-08 
-5.5278828498610133e-08 
-1.2564159801990771e-07 
-5.5149388941035801e-08 
1.0670239019553005e-07 
1.0650366013926569e-07 
-2.8516147462550097e-08 
-1.2027151952729046e-07 
-5.474077351870379e-08 
8.7001648786988457e-08 
9.9990411266061869e-08 
1.7070734875140001e-08 
-1.0665824420504988e-07 
-9.7245126604611087e-08 
1.821761831863768e-08 
1.0575566478127828e-07 
6.9141026659312406e-08 
-5.7650954756565385e-08 
-9.9660834691118019e-08 
-5.464329483580304e-08 
7.6878168367282627e-08 
1.00385922358095e-07 
3.66980646340737e-08 
-7.9780005347791247e-08 
-9.5933395695710954e-08 
-6.6285435839792299e-09 
9.5176939180023932e-08 
1.0057488088488483e-07 
1.1138652645020906e-08 
-8.559339354183758e-08 
-9.6590233473452737e-08 
1.1632919060775629e-08 
1.0028093605671725e-07 
-1.0102865745088401e-07 
2.2781890555761117e-08 
9.055614743991004e-08 
9.9152530479581495e-08 
-2.3094165668490272e-08 
1.0724189491292577e-07 
9.8611848091720381e-08 
-4.6335173947720577e-08 
-9.6719718738526853e-08 
1.0500450426690575e-07 
-2.7416362024485266e-08 
-1.15137997325535e-07 
-1.0294845952769872e-07 
-5.250400381688843e-08 
-1.0413884751383392e-07 
-1.125094940976816e-07 
-2.4969455768772823e-08 
-1.2358763134050568e-07 
-1.1280743816295306e-07 
-4.7505409141571766e-08 
-1.1017175096452168e-07 
-1.2254577443610817e-07 
-1.3693184460827174e-08 
-1.2764893978260005e-07 
-1.2850421537848744e-07 
-2.921222335005123e-08 
-1.0936381974087493e-07 
-1.348852349924345e-07 
1.0553808171460704e-08 
-1.2242085527156042e-07 
1.4373015129977012e-07 
6.4469381019765976e-09 
9.5379069642775686e-08 
1.4457315282580482e-07 
-5.0335372091242085e-08 
9.8624293190092578e-08 
-1.4683494932246614e-07 
-5.3740314297640817e-08 
-5.7566551084483067e-08 
-1.421107078890035e-07 
9.3342443192814102e-08 
-4.3942118547163811e-08 
1.2942209192028509e-07 
9.1069393975245574e-08 
-1.3574023683523638e-08 
1.1257068378445719e-07 
-1.1111432317422126e-07 
-2.7760233241201843e-08 
-7.7148496993974988e-08 
1.0384058655235246e-07 
7.1397443056617912e-08 
3.1617654828585279e-08 
9.8879269322609615e-08 
-6.5792385854725123e-08 
-3.0101398165607938e-08 
-7.3594698797166934e-08 
7.934283684829304e-08 
4.1055213432545366e-08 
3.1328650026482018e-08 
-7.2600810644156633e-08 
-6.0444000488490738e-08 
1.9963577537972807e-08 
5.162607878775379e-08 
5.4289356778887027e-08 
-4.8653467415620723e-08 
1.533738473392406e-09 
-5.0141731944711553e-08 
4.4174680820689098e-08 
-4.0527255112616704e-08 
8.0976806670984427e-09 
-4.3389548001962378e-08 
3.8488600003029519e-08 
3.5375055080605189e-08 
9.6691185803496679e-09 
-3.6686528051752388e-08 
3.4890494870809892e-08 
3.203525420821442e-08 
8.4554201461894513e-09 
-3.1886812039663356e-08 
3.2745256416540127e-08 
3.1404402808945836e-08 
2.6283196097834106e-09 
-2.7462456348135069e-08 
3.1006149658423457e-08 
-3.0894438542290543e-08 
-6.6999262473665308e-09 
-2.3652050669769646e-08 
2.9517289876225906e-08 
-2.9509874304826237e-08 
1.803557809926412e-08 
-1.8311076841291939e-08 
2.7899512603292449e-08 
-2.7328920100521616e-08 
2.7656604301939575e-08 
8.9640714022756596e-09 
-2.6084024709963953e-08 
-2.5496877251428211e-08 
3.3138487124229381e-08 
-9.7741150581753567e-09 
-2.3177590713646579e-08 
2.3223504483632967e-08 
-3.1495933627295721e-08 
-3.0573744745003307e-08 
-1.0031203970423114e-08 
1.9683364898330085e-08 
-2.9295638286019501e-08 
3.1357279500626443e-08 
-2.8197836602055424e-08 
-7.986697963343015e-09 
2.6671329087041106e-08 
2.7826810435549663e-08 
-3.5892756533273141e-08 
2.2465713726633552e-08 
1.6869692376874094e-08 
-2.3823938998070028e-08 
3.3213845268132477e-08 
-3.4886870433523293e-08 
2.2818537460515798e-08 
6.959688711023209e-09 
-2.8347588840749939e-08 
-3.0419022328211976e-08 
3.1177340434258629e-08 
-2.5718606311065743e-08 
-1.8918243531608423e-09 
2.150034953722208e-08 
-2.7443187575583653e-08 
2.5681326264850747e-08 
-2.0488305544918969e-08 
1.2743141075048475e-08 
1.2952892387919761e-08 
-2.0056874525057376e-08 
1.8669986406815022e-08 
-1.7118863829522628e-08 
1.3102326349868977e-08 
-3.4496531537783474e-09 
-1.3599805768116916e-08 
-1.3917349674370891e-08 
1.2586373260037403e-08 
-1.1843566844653436e-08 
9.8537492531797654e-09 
-1.8364975484183821e-09 
-9.6134142136935692e-09 
9.3876767074740555e-09 
-9.0894748419596352e-09 
8.5168887541399161e-09 
-7.9854812574633169e-09 
4.6064457019290379e-09 
5.6790776114130533e-09 
-6.8032304511018282e-09 
7.0121662730778596e-09 
-6.6567235018008227e-09 
6.7996495207580499e-09 
-6.5985129798460557e-09 
3.4695341572120829e-09 
4.378669816255136e-09 
-5.7986280798191332e-09 
5.2787764709357076e-09 
-5.7583387658996453e-09 
5.2626325801459473e-09 
-6.3128489771573841e-09 
5.8132785125060665e-10 
4.754479601688e-09 
-4.4923264846270217e-09 
4.9062589786315194e-09 
4.6123469381736052e-09 
-5.3561025404138061e-09 
5.5167296397410038e-09 
-5.214845669547557e-09 
-2.4270590639833387e-09 
4.4476745909562797e-09 
-3.7716438618404589e-09 
4.8847576507692268e-09 
-4.390542598119553e-09 
5.8063337289178484e-09 
-6.483891912171228e-09 
1.1307628374437418e-09 
3.3221071900720234e-09 
-4.4731726329381667e-09 
4.7952233844322708e-09 
-5.2336094978769147e-09 
5.7554620275407313e-09 
-6.6189784450574951e-09 
8.0708924719465372e-09 
-5.0797493066805027e-09 
-2.3559290338737958e-09 
6.4889058619026823e-09 
-5.797730689521344e-09 
7.8053738493892929e-09 
-8.0211802870631706e-09 
1.4178252577334122e-08 
-1.5595777138878812e-08 
