393
-1.3183192238683332e-10 
-4.1540570002320391e-10 
-3.4415005557053695e-10 
-2.7981875381575939e-10 
-1.0775090457536249e-10 
1.4870327980507316e-11 
9.5864071626588341e-11 
1.6296962514680899e-10 
1.6315258598027203e-10 
1.8795922465185098e-10 
1.6233848885359669e-10 
1.756843045566885e-10 
1.4529737667677955e-10 
1.5896052157857427e-10 
1.3636941011801861e-10 
1.596012818142985e-10 
1.3470841791827504e-10 
1.5783023411593712e-10 
-1.3241059329031045e-10 
-1.5330978267331745e-10 
-1.2676867370493109e-10 
-1.4631816752450512e-10 
-1.1825998215161672e-10 
-1.3875216827022791e-10 
-1.1185269126542087e-10 
-1.3120553031810807e-10 
-1.1109688114494338e-10 
-1.322976355346833e-10 
-1.1223420572546634e-10 
-1.3323396620270249e-10 
-1.098585830719422e-10 
-1.28446902957289e-10 
-1.0075857289086419e-10 
-1.0714402042907093e-10 
9.0351264854299531e-11 
1.199380870849829e-10 
-1.0762146667534752e-10 
-1.2610699082265045e-10 
-9.8502252887476396e-11 
1.1008322544717206e-10 
9.4349532799630138e-11 
-1.1408249229069061e-10 
9.793975186347972e-11 
1.1060966876686627e-10 
9.0285663950218743e-11 
1.0529496939557858e-10 
8.8373601962965973e-11 
1.0142238088251699e-10 
9.080814024751615e-11 
1.0425929470627646e-10 
7.8408295639064356e-11 
9.0304710757811973e-11 
8.5270424163138996e-11 
9.6596888212193587e-11 
7.6522998346692846e-11 
9.1833746421943201e-11 
8.282749341566673e-11 
9.9407266138048929e-11 
7.2637451688190685e-11 
5.7527588155939466e-11 
9.2141915036170338e-11 
1.7115261113341011e-10 
1.4285977795068415e-11 
-4.4830882658706385e-11 
-2.5684365759664393e-10 
-3.8551673946121129e-10 
4.685453704822875e-10 
-3.5598618076047177e-10 
9.0097733867304406e-10 
-3.0756844045655896e-10 
7.843757781446388e-10 
-3.0799892524719247e-10 
5.4402417886616312e-10 
-8.1213136862752659e-10 
-1.0924252262105259e-09 
-1.1269486459461827e-09 
-2.2611571730568382e-09 
2.1176754623336487e-10 
-1.5879280209068158e-09 
2.2137975085961319e-10 
2.3665138687038065e-10 
1.5517131438230567e-09 
1.186086569190585e-09 
4.2617359005435931e-09 
9.8777536267326146e-09 
-2.9271243538896368e-09 
-9.7104008096725134e-09 
1.6260837182855518e-09 
-8.0423625034859342e-09 
-2.8037433863825503e-09 
4.5606147983366199e-09 
2.9720517015375679e-10 
2.5578936518812528e-09 
-6.0479264058322391e-09 
1.6317686976895106e-08 
-1.2118374174106542e-08 
-3.5167370639319675e-08 
4.769430947185013e-09 
2.9793529102245262e-08 
-1.1724493057125856e-09 
3.4315372750831808e-08 
3.5732520303817058e-09 
6.3681541616750977e-08 
1.884283222229414e-08 
-7.7715034235198321e-08 
-3.96084575900038e-08 
-5.9298017241514486e-08 
-5.4131279988576828e-08 
5.4112699871828999e-08 
7.7173791996620524e-08 
3.5328097681639856e-08 
8.4897805109622797e-08 
-1.4565520842639105e-08 
9.4449845875450051e-08 
-1.2085559547717355e-08 
-8.389397179696537e-08 
4.3758007946556631e-08 
9.0712455662670887e-08 
-6.4114922338883797e-08 
-5.2733757442143906e-08 
8.3808579153329799e-08 
2.4280003174326528e-08 
-9.8006535328004714e-08 
1.5456230988219456e-08 
8.7869232707707488e-08 
-5.3150393713754019e-08 
-7.5038832476470499e-08 
8.6819006923940667e-08 
3.8293601156296307e-08 
-1.0736634120056811e-07 
1.9047918789928808e-08 
1.0339242388495436e-07 
-7.4830301631990812e-08 
-6.7905207575273856e-08 
1.0897227161284873e-07 
1.0472368244104783e-08 
-1.1656739299072332e-07 
5.089334851139416e-08 
9.7182136379466836e-08 
-9.9930821128552611e-08 
-4.8527918525548735e-08 
1.2877569610395278e-07 
-2.6413619018349667e-08 
-1.2912138065832212e-07 
9.4587748245361025e-08 
8.7718348038262593e-08 
-1.302217763965138e-07 
-2.9748272173355285e-08 
1.4354320828461513e-07 
-2.7677220636713585e-08 
-1.411815357597086e-07 
7.4259628167150496e-08 
1.2305605794482272e-07 
-1.0701065392369875e-07 
-1.068506780197039e-07 
1.2822050983830114e-07 
1.0001066842558954e-07 
-1.3585856548511534e-07 
-1.1046783375474015e-07 
1.3261476402734724e-07 
1.3407173536713865e-07 
-1.0389636824032412e-07 
-1.5822213019625157e-07 
5.3970910746175581e-08 
1.7674980704570344e-07 
1.7266986538412894e-08 
-1.7006203851775226e-07 
-8.7901970069263974e-08 
1.2462129771932834e-07 
1.3945643619990364e-07 
-3.1008149598111927e-08 
-1.6489069881471134e-07 
-1.0167148979969234e-07 
1.0953258854900481e-07 
1.4968793870875198e-07 
-4.6373165146552015e-10 
-1.4844364007154969e-07 
-9.7467245176741786e-08 
8.6110452918201337e-08 
1.4077303067784004e-07 
5.1344805190839311e-08 
-1.2660612022790917e-07 
-1.358912561093432e-07 
-2.9955161488714953e-09 
1.3235505064577463e-07 
1.0750523771256154e-07 
-5.6332986781041214e-08 
-1.3500340057855845e-07 
-8.8100480954398326e-08 
8.9141642261333332e-08 
1.3313858873495948e-07 
6.2290220983561372e-08 
-9.8037201330850534e-08 
-1.3070658172792068e-07 
-1.8700708634401849e-08 
1.2336274176777417e-07 
1.3371866948641055e-07 
2.0073387460482313e-08 
-1.1077478260127231e-07 
-1.2725300195864003e-07 
1.4254460439846553e-08 
1.2996106902622347e-07 
-1.2888951425628302e-07 
3.1948029422365086e-08 
1.1766796018713444e-07 
1.2273142663873614e-07 
-3.5365438817554156e-08 
1.3634265462019658e-07 
1.1659330119472559e-07 
-6.5575881451392973e-08 
-1.2413893657512368e-07 
1.2153528386628209e-07 
-4.4632338721827112e-08 
-1.4289769627811784e-07 
-1.1394596302784382e-07 
-7.5026011485113437e-08 
-1.3150478534652589e-07 
-1.23554422712375e-07 
-4.4649844957975016e-08 
-1.5022335739786401e-07 
-1.1998193223255553e-07 
-7.1020049138001456e-08 
-1.3739365349623267e-07 
-1.304060917841728e-07 
-3.4243500363853754e-08 
-1.538804253036052e-07 
-1.3542507586653521e-07 
-5.2554609456878508e-08 
-1.3690083408692837e-07 
-1.4260458934164501e-07 
-9.2485444824410709e-09 
-1.4951002522817951e-07 
1.5387863320752441e-07 
-1.5012351348151901e-08 
1.2401965965260445e-07 
1.5532864422237567e-07 
-3.433432257759377e-08 
1.276025304439364e-07 
-1.626713426091175e-07 
-3.7422959351717144e-08 
-8.6999024628491768e-08 
-1.5897910190155075e-07 
8.6040582979239426e-08 
-7.3486733271913444e-08 
1.5284418361390978e-07 
8.3695141974826507e-08 
1.1241939944716601e-08 
1.3971930101168682e-07 
-1.1528631047563553e-07 
-4.8098320391853993e-09 
-1.0900010244052067e-07 
1.0846098550769273e-07 
6.077269382284155e-08 
6.4415594604457503e-08 
1.1775748996072685e-07 
-5.4707404165078395e-08 
-6.4035546032095577e-09 
-1.0317936500552364e-07 
8.2471126154138455e-08 
2.0921895281605861e-08 
6.6336281512878773e-08 
-7.8948005308934374e-08 
-5.481837165154944e-08 
-8.6171218864030478e-09 
8.0072914823164443e-08 
4.7407782559934624e-08 
-3.7580407356444167e-08 
-3.370008640383457e-08 
-6.682949310643379e-08 
3.2104502774479786e-08 
-2.5413105825920778e-08 
4.4576624628070141e-08 
-5.0225570929331976e-08 
2.3413761387731903e-08 
1.5903701374467458e-08 
4.4623604963895683e-08 
-3.8268612657791499e-08 
1.7974930205156917e-08 
8.7330784155241929e-09 
4.0816583726694583e-08 
-3.0762685618518994e-08 
1.4820564233740218e-08 
6.5796005660465057e-09 
3.4411091212638683e-08 
-2.5622205324998954e-08 
1.2943830295854024e-08 
-8.7055529862729842e-09 
2.7619343975211274e-08 
-2.2522136759830881e-08 
1.1966160420524719e-08 
-1.0658760615868723e-08 
-1.9753655867462755e-08 
-2.0506114700435266e-08 
1.1189097164211354e-08 
-1.0891586400402703e-08 
-1.1477150929237899e-08 
1.9949706963659262e-08 
-1.0743209723434743e-08 
-1.056023139323117e-08 
-1.5355686424821565e-09 
1.7541744115992953e-08 
-1.0767381569578265e-08 
1.0126513948233915e-08 
-3.5969310209636066e-09 
9.2793739254882504e-09 
-1.3555308103740569e-08 
1.0291820895525826e-08 
-5.3826580214553258e-09 
3.8649230725317891e-09 
9.8601118453919194e-09 
-1.140559765702155e-08 
6.1230069363177256e-09 
5.3715395082475942e-09 
1.547886305889584e-09 
-1.0060023298819113e-08 
8.4507282247625467e-09 
-6.311408948448286e-09 
1.7149499922590436e-09 
5.99123755524573e-10 
-8.4034984247378413e-09 
8.6030672289797592e-09 
-3.2971959757997456e-09 
-1.4993892919499878e-09 
-3.2398830397421104e-09 
5.872001764293476e-09 
-8.2746369843049176e-09 
4.2671488102148614e-09 
1.1869300114453579e-09 
-2.2502024668980173e-09 
5.3924553060583096e-09 
-6.9756264027758352e-09 
4.8243380745091573e-09 
1.7138989391589447e-10 
-3.5502534428486771e-09 
3.6632472017762708e-09 
-5.7706123512218638e-09 
6.9388160669465752e-09 
-9.1893073424550035e-10 
2.013207944032976e-09 
-3.9885647490654336e-09 
3.8247091048138928e-09 
-5.3136085376977718e-09 
5.7343202020622818e-09 
1.3712008107983208e-09 
-2.5825015427954184e-09 
3.9454071124469472e-09 
-3.6226266468438739e-09 
4.8450102645343307e-09 
-5.9773091274473471e-09 
-2.2628727345688044e-10 
2.4246711812435308e-09 
-3.6299089537484492e-09 
3.3940935047088068e-09 
-4.1853270426055777e-09 
4.1336192691795625e-09 
-4.3315814083109037e-09 
-1.839036324447678e-09 
3.5365738606370136e-09 
-3.1726190028511979e-09 
3.8907835821493799e-09 
-3.4856242719261662e-09 
5.4714906346663171e-09 
-2.1049280637731353e-09 
-3.1000956534115657e-09 
2.8851486106458617e-09 
-3.4370266069771574e-09 
-3.2042651567580274e-09 
3.9166241611224225e-09 
-4.05923155402814e-09 
3.9531791544556612e-09 
1.8133310461716802e-09 
-3.3439049382047224e-09 
2.8893446888485632e-09 
-3.7971580516213616e-09 
3.4775630918285167e-09 
-4.7027511225159647e-09 
5.6181402999466835e-09 
-1.4426593270333442e-09 
-2.3704546840279684e-09 
3.5231444441797248e-09 
-3.6684667761540452e-09 
4.1188649444542721e-09 
-4.4251642954081039e-09 
5.0248450557911053e-09 
-5.8132511797744988e-09 
3.021549884702102e-09 
2.4896531310226439e-09 
-5.2587143804028928e-09 
4.8071189921532178e-09 
-6.1410248841351365e-09 
6.4097828739557232e-09 
-1.1393492519108775e-08 
1.2446449174938833e-08 
