393
-1.3201841731999354e-10 
-4.164188434004604e-10 
-3.4489084554634553e-10 
-2.8037696844736355e-10 
-1.0782627327418631e-10 
1.4743050692718406e-11 
9.5959588258881662e-11 
1.6290461873310217e-10 
1.6319014714062752e-10 
1.8782271415349017e-10 
1.6229560532583377e-10 
1.7550524253028347e-10 
1.452143605107597e-10 
1.5877054465048802e-10 
1.362766025542895e-10 
1.5941996977313801e-10 
1.3462057044313175e-10 
1.5765764065538943e-10 
-1.323209934692025e-10 
-1.5314078664619859e-10 
-1.2667490470010233e-10 
-1.4614483091621255e-10 
-1.181620677159466e-10 
-1.3858513777945706e-10 
-1.1175706403899887e-10 
-1.3104907758806455e-10 
-1.1100377348226573e-10 
-1.3214579280651134e-10 
-1.1214226556545164e-10 
-1.3308027065670115e-10 
-1.0976311384623015e-10 
-1.2829232190452504e-10 
-1.0066566878201781e-10 
-1.0701290008427237e-10 
9.0267933334297217e-11 
1.1979280670820271e-10 
-1.0752120348972569e-10 
-1.2595743030771729e-10 
-9.8414146597504741e-11 
1.0995070946196163e-10 
9.425829620269251e-11 
-1.1394482809444512e-10 
9.7846650076083357e-11 
1.1047137122808819e-10 
9.0195938078453962e-11 
1.0517072558797685e-10 
8.8290014894830591e-11 
1.0129689754954956e-10 
9.0720716216808573e-11 
1.0413116955503301e-10 
7.8318757989131572e-11 
9.0183371551054211e-11 
8.5194070415892507e-11 
9.647798343701794e-11 
7.6431726009072468e-11 
9.1728331046627113e-11 
8.275319868289702e-11 
9.9272786596175113e-11 
7.2552657708873157e-11 
5.7438821683837892e-11 
9.2039404998441707e-11 
1.7102260226331716e-10 
1.4276144583188081e-11 
-4.4926842693663289e-11 
-2.5662101358873461e-10 
-3.854623564024694e-10 
4.6832370301320818e-10 
-3.5625515726486844e-10 
9.0065370483092764e-10 
-3.077009294670042e-10 
7.8447179030175517e-10 
-3.07719447044931e-10 
5.4445840320509844e-10 
-8.1249318308140231e-10 
-1.0913158159392584e-09 
-1.1279420019420751e-09 
-2.2602337099320839e-09 
2.1306589972865866e-10 
-1.5876697720756062e-09 
2.2249463901400266e-10 
2.3589643937447924e-10 
1.5542965826009598e-09 
1.1892838809125688e-09 
4.2724267128240065e-09 
9.8925348966112051e-09 
-2.9432954744679204e-09 
-9.7261191055334864e-09 
1.6204520568645092e-09 
-8.0565408607993713e-09 
-2.8061207326856681e-09 
4.5617983563924427e-09 
2.9887535611171466e-10 
2.5559848105037065e-09 
-6.0700552656481778e-09 
1.6351596444192948e-08 
-1.2182777570934365e-08 
-3.526229677124747e-08 
4.8411896930019869e-09 
2.9881709045191099e-08 
-1.125233109314105e-09 
3.4421663354669203e-08 
3.5072381929710384e-09 
6.3882383912161816e-08 
1.8776970234540717e-08 
-7.7969540237551702e-08 
-3.9595877537914192e-08 
-5.9511988638526463e-08 
-5.4175981861691857e-08 
5.4337468342707409e-08 
7.7281389426743931e-08 
3.5518645554733793e-08 
8.5052972829631481e-08 
-1.4724683685513207e-08 
9.4652361802221892e-08 
-1.199928396431137e-08 
-8.4108690918321625e-08 
4.3741931715325726e-08 
9.0978427470192366e-08 
-6.4171879133874469e-08 
-5.2929315864441719e-08 
8.3949724924644801e-08 
2.4448573970619216e-08 
-9.8211957851799317e-08 
1.5368651429415447e-08 
8.809516596502175e-08 
-5.3156890873613995e-08 
-7.5280617297900056e-08 
8.6919537904773226e-08 
3.8493091715902491e-08 
-1.0755053024713752e-07 
1.8949500776808655e-08 
1.0362754333385939e-07 
-7.4866602062333423e-08 
-6.8135879145908446e-08 
1.0911865323951654e-07 
1.0630531153306538e-08 
-1.1678499860803101e-07 
5.0844713588334217e-08 
9.7425625459463604e-08 
-9.9996077086648578e-08 
-4.8740235669216383e-08 
1.2893403692976878e-07 
-2.6305141536058378e-08 
-1.2935164784134975e-07 
9.4605792334163173e-08 
8.7951877313073948e-08 
-1.3033449852615436e-07 
-2.9931168604930648e-08 
1.4372128008575899e-07 
-2.7566583909485478e-08 
-1.4140371049993334e-07 
7.4214855308924003e-08 
1.2328812426794957e-07 
-1.070153903472614e-07 
-1.07081725058617e-07 
1.2824910976383565e-07 
1.0023668071238334e-07 
-1.3588574476526364e-07 
-1.1068986466939209e-07 
1.3261708911372509e-07 
1.3428851068777886e-07 
-1.0384989053488712e-07 
-1.5841555680225731e-07 
5.3867688544666527e-08 
1.7690510442429743e-07 
1.742357134985288e-08 
-1.7015318351639536e-07 
-8.8084906235131807e-08 
1.2462519242447921e-07 
1.3963348414364543e-07 
-3.0912392978458472e-08 
-1.6502474614680319e-07 
-1.0183708673061815e-07 
1.0953755157262104e-07 
1.4983869507688055e-07 
-3.647810146514924e-10 
-1.4854276294914636e-07 
-9.7615328933219929e-08 
8.6112251993208117e-08 
1.4091579445524867e-07 
5.1457288738297516e-08 
-1.2668229653763122e-07 
-1.3602544818438781e-07 
-3.0567344348516324e-09 
1.324543955189709e-07 
1.0763030225550643e-07 
-5.6344613580749312e-08 
-1.3512657741430895e-07 
-8.8202107389077757e-08 
8.9200172009351078e-08 
1.3325418427846493e-07 
6.2357895895987003e-08 
-9.8115141795274255e-08 
-1.3081898607013902e-07 
-1.8716518591079711e-08 
1.2346640704193633e-07 
1.338264177397527e-07 
2.0076109266912134e-08 
-1.1087174223638044e-07 
-1.2734072818521542e-07 
1.4291406124488549e-08 
1.300633208596911e-07 
-1.2896418924584529e-07 
3.2005781040660402e-08 
1.1776661999621332e-07 
1.2278562413075847e-07 
-3.5433256417546234e-08 
1.3643751885429368e-07 
1.1662365018765843e-07 
-6.5661056756125414e-08 
-1.2423394801585171e-07 
1.2155928381789203e-07 
-4.4714154668558237e-08 
-1.4298354015243719e-07 
-1.1394799539935263e-07 
-7.5118601959447912e-08 
-1.3159516635916616e-07 
-1.2355618745313728e-07 
-4.4738594855967865e-08 
-1.5030151528761814e-07 
-1.1996898951724172e-07 
-7.1115026667614296e-08 
-1.374800907125136e-07 
-1.3039513308812179e-07 
-3.4335440226319597e-08 
-1.539552973884443e-07 
-1.3541026889458438e-07 
-5.2651237292284904e-08 
-1.3698714136469161e-07 
-1.4259218274883592e-07 
-9.3408906406233633e-09 
-1.4958867395320319e-07 
1.5387499542335279e-07 
-1.5108479333384666e-08 
1.2411199873367547e-07 
1.5532668682237346e-07 
-3.4248786805877571e-08 
1.2769309238969397e-07 
-1.6268924068750973e-07 
-3.7336361959760106e-08 
-8.7102227972021775e-08 
-1.5900072681028683e-07 
8.5978065433439307e-08 
-7.3592862143468341e-08 
1.5289400237441344e-07 
8.3632691776688855e-08 
1.1346629751957342e-08 
1.3978650352406569e-07 
-1.1526086975728904e-07 
-4.7083466219015451e-09 
-1.0909508625053707e-07 
1.0843775735692899e-07 
6.0702225949346234e-08 
6.4528769381293196e-08 
1.1778724878617491e-07 
-5.4636215260562792e-08 
-6.3001993306751799e-09 
-1.0325677283172738e-07 
8.2445034141676397e-08 
2.0827038543776184e-08 
6.6448615384343471e-08 
-7.8933540743262646e-08 
-5.4765255259653582e-08 
-8.7309757053162611e-09 
8.0144890960383153e-08 
4.7351431758438324e-08 
-3.7511875325109988e-08 
-3.3823382225558019e-08 
-6.6854234493586387e-08 
3.2033438613845128e-08 
-2.5333221424198471e-08 
4.469325690026346e-08 
-5.0215899082448508e-08 
2.3334357206400423e-08 
1.5812147340415206e-08 
4.4727771643481962e-08 
-3.8241978191706967e-08 
1.7890755858040348e-08 
8.631032802558536e-09 
4.090786817434488e-08 
-3.0727896999301759e-08 
1.4733683804414167e-08 
6.4735955565645375e-09 
3.4500102295761727e-08 
-2.5585585380910966e-08 
1.2856671993247573e-08 
-8.6064303420115166e-09 
2.7721050715243141e-08 
-2.2488333623015202e-08 
1.1880294069448334e-08 
-1.0569122242904516e-08 
-1.9873948294731768e-08 
-2.0483798563224075e-08 
1.110558887411863e-08 
-1.0808658974513548e-08 
-1.1612407016286079e-08 
1.9958803297415387e-08 
-1.06635840890283e-08 
-1.0481882185894358e-08 
-1.6690835298203477e-09 
1.7614186968410788e-08 
-1.069656333103151e-08 
1.0053453917618378e-08 
-3.4792243796213051e-09 
9.4158105696302629e-09 
-1.3538433976920325e-08 
1.0230429277649081e-08 
-5.2749205020693399e-09 
3.7465647320456839e-09 
9.9845700271525096e-09 
-1.1388185957464006e-08 
6.0243092177081436e-09 
5.2663485086865314e-09 
1.6929867371445329e-09 
-1.0159710781278664e-08 
8.3908483579286098e-09 
-6.2209557441709301e-09 
1.582325835780704e-09 
7.4046634366286459e-10 
-8.5002121588717046e-09 
8.5782184080372219e-09 
-3.1825950883571899e-09 
-1.3747109177581636e-09 
-3.3694573544407188e-09 
5.979732867371058e-09 
-8.2673685885966425e-09 
4.1771725982556783e-09 
1.3021819728040242e-09 
-2.3584552711054615e-09 
5.4778053166655845e-09 
-7.0266049318140484e-09 
4.7650982817173653e-09 
2.592598684722114e-10 
-3.6299151591870516e-09 
3.7364138172014995e-09 
-5.823916213349252e-09 
6.9473624178305157e-09 
-8.563411621957571e-10 
2.0746087848972609e-09 
-4.0415345173838247e-09 
3.8745553860011722e-09 
-5.3515337505263127e-09 
5.7315427113044466e-09 
1.4161907185519872e-09 
-2.6243582874677973e-09 
3.9828614416297284e-09 
-3.6581959746862777e-09 
4.8751734633854901e-09 
-5.9871192583303135e-09 
-2.5554974438929598e-10 
2.4545831915253739e-09 
-3.6578993945622377e-09 
3.4208361442543823e-09 
-4.2100943986086636e-09 
4.1573757095190384e-09 
-4.3327769469485397e-09 
-1.8601607219144301e-09 
3.5585423386646117e-09 
-3.1933448103826614e-09 
3.9111265726789714e-09 
-3.5049397825181747e-09 
5.4883015786269809e-09 
-2.0988862816577084e-09 
-3.1176927167548087e-09 
2.9018077939993895e-09 
-3.4538663666320596e-09 
-3.2203025877929923e-09 
3.9331170510304086e-09 
-4.0754880001377563e-09 
3.9605847372295918e-09 
1.8246468039685296e-09 
-3.3582323762350872e-09 
2.9025469278338363e-09 
-3.811434469619201e-09 
3.4909501442396154e-09 
-4.7176817238807505e-09 
5.6328317831090704e-09 
-1.4409399251346424e-09 
-2.3808119622778583e-09 
3.5356365157912953e-09 
-3.6807679259614205e-09 
4.1319473239600623e-09 
-4.4383060864488986e-09 
5.0392184757901885e-09 
-5.8286319356516984e-09 
3.0276462331170948e-09 
2.4969091273266625e-09 
-5.2712476869352001e-09 
4.818916767938304e-09 
-6.1546145048541215e-09 
6.4230975808383168e-09 
-1.1411294803976679e-08 
1.2465028372638791e-08 
