393
-7.0531642716090443e-11 
-7.7656277876604498e-10 
-7.3043478373912057e-10 
-3.5940012408136677e-10 
-1.5407953252224915e-10 
4.9016851625978306e-11 
8.3729052490778588e-11 
1.6919009578489356e-10 
1.2388995725153631e-10 
1.4675857623681237e-10 
1.0155365322448389e-10 
1.180896440566207e-10 
7.9443955702470884e-11 
9.5467930253205144e-11 
7.3027450790165424e-11 
9.7821756234066287e-11 
7.7906641190266894e-11 
9.697154341544409e-11 
-7.6922404115729789e-11 
-9.2869069565313012e-11 
-7.3194159321020613e-11 
-8.2356419189372734e-11 
-6.6071019055581339e-11 
-7.697553575641039e-11 
-6.2653195310453034e-11 
-7.2347912235157145e-11 
-6.3957173870689286e-11 
-7.4781592384369493e-11 
-6.6257728765268399e-11 
-7.4658337130833833e-11 
-6.3128922628077946e-11 
-6.9313124389593226e-11 
-5.6802125093341509e-11 
-5.6402746116222252e-11 
5.1710633506678891e-11 
6.4059430546556827e-11 
-6.1075063148119145e-11 
-6.7696566770622815e-11 
-5.9164256528354747e-11 
5.8217718543750415e-11 
5.2944270401981256e-11 
-6.0588582192757656e-11 
5.7607368585608416e-11 
5.5994514940326345e-11 
5.0594417112833465e-11 
5.6811514155954271e-11 
5.2692809993937265e-11 
5.1224497559421806e-11 
5.3058582921288981e-11 
5.5967749886344817e-11 
4.0303973670604271e-11 
3.9335825664318053e-11 
5.6355979858854643e-11 
5.3207882103014135e-11 
3.1404682250208116e-11 
4.9310706117957115e-11 
6.0063590112320789e-11 
4.3164316454089256e-11 
3.0448190883549382e-11 
3.1272581623128128e-11 
5.167209686801962e-11 
1.0336544972910702e-10 
1.6429893911772236e-11 
-6.5203941143930666e-11 
-1.4509692473891067e-10 
-3.217444035363708e-10 
3.0974808965268445e-10 
-3.9873183290272536e-10 
6.5520114874302381e-10 
-3.3446734867826559e-10 
6.9490451062649158e-10 
-1.3023349258535777e-10 
6.455347609346855e-10 
-7.5107890519103606e-10 
-4.6423441920311152e-10 
-1.3007776725253383e-09 
-1.445899541178662e-09 
7.1636091206754551e-10 
-1.057548751387235e-09 
8.6593729713525586e-10 
2.5846199293269238e-10 
2.8971567930005968e-09 
1.6231246377730752e-09 
1.0189708679633192e-08 
1.3369457285969727e-08 
-1.3016416258510532e-08 
-1.4882186948637771e-08 
-3.9462707756907894e-09 
-1.3265836287504213e-08 
-2.109414034260457e-09 
2.775840216790851e-09 
1.4290359695198052e-09 
-2.5259423413362587e-09 
-2.0876089725211319e-08 
1.9655617451252952e-08 
-6.4723846776139309e-08 
-6.1020544774845439e-08 
7.3611148836978803e-08 
5.8989124298239248e-08 
4.9463250242841809e-08 
7.6920508308335166e-08 
-7.3131103838835837e-08 
1.5578694360590651e-07 
-8.4417635050105157e-08 
-2.0355994324959156e-07 
3.8188002442951649e-08 
-1.7811094830484268e-07 
-1.6552484399633655e-08 
1.9557274396170342e-07 
7.2114275232558955e-08 
1.7369446658025586e-07 
1.1837400281414108e-07 
-1.5181809643386088e-07 
1.6389649418438318e-07 
9.0156114025274835e-08 
-1.8322749766254666e-07 
-3.0484638582513123e-08 
2.3651253786936408e-07 
-3.7489266672702639e-08 
-1.7909866593090076e-07 
1.1804517866023733e-07 
1.5767802077171876e-07 
-1.7862488620907021e-07 
-8.456637276350064e-08 
2.0248097146276787e-07 
-1.2572711064681558e-09 
-2.21249570759965e-07 
8.9626485012087382e-08 
1.8451277659433482e-07 
-1.6976016597486035e-07 
-8.82019601576028e-08 
2.1899484936422969e-07 
-4.1172197130288808e-08 
-2.1177152649076771e-07 
1.4699780242175144e-07 
1.3733748151429131e-07 
-2.1293226646184157e-07 
-2.5951250896828977e-08 
2.3174155731093515e-07 
-8.7847427360884931e-08 
-1.8995405459709191e-07 
1.7908172481333741e-07 
7.4487907267588248e-08 
-2.4064829132768134e-07 
6.0862982981458302e-08 
2.2587430554901242e-07 
-1.566736944492848e-07 
-1.5611385423819002e-07 
2.1743531764537113e-07 
6.66243447405391e-08 
-2.5159236320480482e-07 
1.5006075909236538e-08 
2.4921929057765961e-07 
-7.7955773326707011e-08 
-2.3755697367131784e-07 
1.1656946178792714e-07 
2.2881350324971153e-07 
-1.2823607393857234e-07 
-2.3533697097554389e-07 
1.1605724836797147e-07 
2.5436055315659914e-07 
-6.5777510160896374e-08 
-2.6437262649441718e-07 
-9.9588799052928804e-09 
2.6207090259851386e-07 
1.0670438158062426e-07 
-2.2201233568500482e-07 
-1.9065688051626023e-07 
1.3184122552620537e-07 
2.4059572788558394e-07 
1.4868998686747574e-08 
-2.4644474381151275e-07 
-1.9137380159530883e-07 
1.2585622410090058e-07 
2.3803015969265891e-07 
4.0622526563727651e-08 
-2.1619908121370492e-07 
-1.7319761076889575e-07 
1.0799240801558346e-07 
2.2312267235329081e-07 
9.625788587035729e-08 
-1.8676178704442234e-07 
-2.1122539997373984e-07 
-1.2032204243504503e-08 
2.0123766031586761e-07 
1.6313216509221235e-07 
-8.9870728144214814e-08 
-2.0402417915304706e-07 
-1.2239441776911426e-07 
1.446513672947595e-07 
1.9879028341389197e-07 
7.0534634264181846e-08 
-1.5933183263984595e-07 
-1.8055260729292836e-07 
5.2309015377038186e-09 
1.8551392043781053e-07 
1.8147631884069859e-07 
-1.1670841532313026e-08 
-1.7174196812152558e-07 
-1.5102605123332922e-07 
6.3886994250026907e-08 
1.8058967178078261e-07 
-1.4212725869092803e-07 
8.8464454794874216e-08 
1.7063432456255325e-07 
1.1966905889424041e-07 
-9.4259918669254607e-08 
1.7481402382261375e-07 
9.7355239689969753e-08 
-1.2422991326764769e-07 
-1.6740664283355918e-07 
9.7812475455448615e-08 
-1.0408218822786414e-07 
-1.6982948726867207e-07 
-7.7162429571558914e-08 
-1.2996452547670904e-07 
-1.6502795327833969e-07 
-8.5902332578790263e-08 
-1.0297742501066523e-07 
-1.6708018676018637e-07 
-7.4300554820220207e-08 
-1.2348586445575011e-07 
-1.6289168812754647e-07 
-8.4548551029598121e-08 
-9.2336778820542181e-08 
-1.6471790679386655e-07 
-8.6620780359377128e-08 
-1.0631451548847269e-07 
-1.585223087375281e-07 
-9.3692004363863375e-08 
-6.9801662638334693e-08 
-1.603532214862249e-07 
1.0765203115247838e-07 
-7.434665232042713e-08 
1.4846097206626609e-07 
1.0880379616313499e-07 
3.0658688840643688e-08 
1.4739674319013235e-07 
-1.251201679837637e-07 
2.7920673681179149e-08 
-1.2384590996121566e-07 
-1.2268954161372e-07 
2.0656409451921837e-08 
-1.1400318317780697e-07 
1.325459643322459e-07 
1.8766702293408599e-08 
6.8921222855653807e-08 
1.3078321859314717e-07 
-5.9782702335053204e-08 
5.5425693830929323e-08 
-1.2320124563368987e-07 
5.4777880670769048e-08 
-2.3023851779457668e-09 
1.0246798326194074e-07 
8.7001653910226925e-08 
7.1401031362548435e-09 
5.3051146360878245e-08 
-1.0130218292714892e-07 
3.1924460297016811e-08 
-3.9711343053386069e-08 
9.5298323794420255e-08 
-3.3741967709315281e-08 
2.9783501050907588e-10 
-6.4217683451314521e-08 
7.6370803680823381e-08 
-6.9991279748044266e-09 
1.8413933523113324e-08 
-7.8023218870032863e-08 
-4.0906605746367535e-08 
-2.3154201269884739e-08 
3.0725624664670492e-08 
7.5391016919214192e-08 
-1.2993838692231137e-08 
-3.1717095030119511e-08 
-4.0305911598104746e-08 
6.4467991827358436e-08 
2.6274753244049547e-09 
-3.6553505612797165e-08 
-4.7534639068194698e-08 
5.2784231857616467e-08 
1.0978649032195391e-08 
-3.9090814674608528e-08 
-4.9336689605262285e-08 
4.5847854371565999e-08 
1.517895390485112e-08 
-4.0092403175137706e-08 
4.5967951246324254e-08 
4.7348813318146845e-08 
1.6168667578996763e-08 
-4.0097468425841918e-08 
4.1853102115239088e-08 
-5.1942881098137822e-08 
1.3309162429148294e-08 
-3.9672356107699121e-08 
3.9664725924572911e-08 
-5.7258406619433916e-08 
-1.6289102616222036e-09 
3.8589915499202136e-08 
3.8213397872259352e-08 
-5.7498231566416928e-08 
2.3536955507233289e-08 
3.5762272516568926e-08 
-3.6723767901059826e-08 
5.2426731526291197e-08 
5.2742258965194586e-08 
1.5363468026277771e-08 
-3.2704827658366696e-08 
4.9129176705258253e-08 
-5.2362925247745659e-08 
4.4027150949221592e-08 
1.6749355723313602e-08 
-4.6232300102413493e-08 
-4.8396885065170721e-08 
5.8301188331254866e-08 
-3.1063003460835861e-08 
-3.2941956163908417e-08 
4.3376638436004157e-08 
-5.5570367325540909e-08 
5.6207192236715159e-08 
-2.8806238808369794e-08 
-2.0631358751033508e-08 
5.0004666535058731e-08 
5.1686081312813807e-08 
-4.7268989115924067e-08 
3.4765488683209348e-08 
1.414561032057131e-08 
-4.1269733698729597e-08 
4.3381471231555803e-08 
-3.8807424837876615e-08 
2.4871953081575835e-08 
-8.6404016462311399e-09 
-3.0769869961691408e-08 
3.3759175640906438e-08 
-2.4840147937170322e-08 
2.1931358334213123e-08 
-1.0606087813664414e-08 
-8.4334984831120889e-09 
2.5071907367836337e-08 
1.946213265915576e-08 
-1.2694594337594132e-08 
1.1585453242366197e-08 
-4.212557613742733e-09 
-1.2006090672919812e-08 
1.4180764564416755e-08 
-1.0583255663775728e-08 
6.1930585726907993e-09 
-5.983023763613362e-09 
1.6389721574126976e-09 
7.5963672723995607e-09 
-9.6593366704866561e-09 
5.6537699659258514e-09 
-2.6306613950041452e-09 
2.4957044854435909e-09 
-1.4148855606988163e-10 
-2.4068071025899769e-10 
8.5615887173503057e-09 
-3.5331935037078426e-09 
2.3182672630661605e-10 
-4.658148936572297e-10 
-1.1521059063693736e-09 
7.8988510357352544e-10 
-5.0554011272384588e-09 
5.1712137882433729e-09 
8.7236879901809865e-10 
-9.128622692877866e-10 
1.9032813096606094e-09 
1.8140815147806355e-09 
-3.1403108204028765e-09 
3.6093420992336835e-09 
-5.9928613727095447e-09 
-4.4554479063173782e-10 
2.7904662306585856e-09 
-2.2329893679010193e-09 
3.7854031261549496e-09 
-3.463547843659356e-09 
5.2685861020669005e-09 
-6.4206559180428734e-09 
1.9037496163993454e-09 
2.8410698730444259e-09 
-4.2281696687747684e-09 
4.7814552740905256e-09 
-5.3730478122242801e-09 
6.1646346751957745e-09 
-7.0000474281950915e-09 
8.4830455631235904e-09 
-4.5079497501676706e-09 
-3.7008145526469266e-09 
8.2352288530230506e-09 
-7.4919917381833312e-09 
9.933998608112105e-09 
-1.0514747706063693e-08 
1.959893234528517e-08 
-2.148103548852477e-08 
