393
2.9506480644357134e-08 
-8.1251903699196476e-09 
4.3653206304187351e-09 
-3.2903447519295616e-09 
2.5602193636865828e-09 
-2.0771890513743755e-09 
2.0379207329210499e-09 
-1.1104803700087355e-09 
1.5274030541703072e-09 
-6.3728560648820912e-10 
1.1398756017834873e-09 
-3.5554270720060013e-10 
8.4648651143027469e-10 
-1.5414715495623922e-10 
6.46727024451502e-10 
1.5751581353452158e-11 
4.9770420272083541e-10 
1.4370826723585248e-10 
-3.7995080936257985e-10 
-2.4687673845903204e-10 
-2.8100148519421943e-10 
-3.2096205610636565e-10 
-1.9402415961961496e-10 
-3.7856074105462149e-10 
-1.2580141610447977e-10 
-4.1355364069936489e-10 
-7.7438586301714598e-11 
-4.6442260744067592e-10 
-3.5179727173041705e-11 
-5.1554556174102299e-10 
9.9454451685170142e-12 
-5.4490844658683251e-10 
4.5055311369764376e-11 
-4.8725825007487524e-10 
-6.1395954077930333e-11 
5.7386322006900423e-10 
1.0690319753395279e-10 
-6.368817571967165e-10 
1.1943777198711923e-10 
5.8747422379421473e-10 
-1.4707030441452089e-10 
-6.3804161038100791e-10 
-1.7205429397218626e-10 
6.4832786989449249e-10 
-1.8457566186578916e-10 
6.3591182333109817e-10 
-1.9133618762088002e-10 
6.3390215928593691e-10 
-2.1845544725743683e-10 
6.9235270444528094e-10 
-2.2211970151842935e-10 
6.0195809764394247e-10 
-2.2674013333015901e-10 
6.8668268471203022e-10 
-2.5374416335660128e-10 
6.4652487018903014e-10 
-2.4113756653303913e-10 
6.6196519577705185e-10 
-2.7849255573135923e-10 
6.821831456229319e-10 
-2.4182691810005434e-10 
5.6956308877431723e-10 
-2.6554285753172822e-10 
6.4038284956702916e-10 
2.5156570699978408e-10 
-8.3508120387581436e-10 
4.2433285931221069e-10 
2.7467851944119504e-10 
6.276039717793914e-11 
-9.5268702138232045e-10 
7.9317707116786386e-10 
-6.4346580196882992e-10 
2.2021201160807167e-10 
1.8838411005822217e-10 
3.4678566476783441e-10 
-1.5767469769611646e-09 
-7.8611084776031083e-10 
1.0170706908575859e-10 
1.1502669756174809e-10 
1.6493509525074828e-09 
4.980415005809601e-10 
2.6132274304632882e-09 
-5.1121887311316201e-10 
1.3733498052433496e-08 
8.1781203606160393e-09 
-1.9473040885157653e-08 
-1.1847624452669772e-08 
-1.0927264834877095e-08 
-1.2541684079228028e-08 
-2.7741283287046693e-10 
-2.3297251134885059e-09 
9.7342109781913901e-10 
-1.3088047861316136e-08 
-2.7569201146044128e-08 
-1.3768247125443042e-08 
-1.0766521346238667e-07 
-1.0255966961211698e-08 
1.4319870291743681e-07 
2.2885367214821486e-08 
1.0984983452706171e-07 
5.0599817049018982e-08 
-1.7409916919570078e-07 
1.3559053226189323e-07 
-2.5204307012634205e-07 
-2.0567725624776891e-07 
2.0741026085170975e-07 
-2.1454399319644644e-07 
1.2467814245844002e-07 
2.7863315114554207e-07 
-6.1786139936577309e-08 
2.9120227009742964e-07 
2.2375526118899235e-08 
-3.0837998233382257e-07 
1.0410582530981239e-07 
2.4738054591590869e-07 
-1.8509198490192155e-07 
-2.0367195658092733e-07 
3.0295809759253368e-07 
9.843088958737387e-08 
-2.8011700176592671e-07 
4.2494414306707093e-08 
3.1396284630571752e-07 
-1.5245748104468734e-07 
-2.4826014910261935e-07 
2.4389336528013759e-07 
1.4799931907604494e-07 
-3.3383633584798006e-07 
-2.1234016477313431e-08 
3.5041140571293719e-07 
-1.2377051103634603e-07 
-2.7061061155748729e-07 
2.6551068215236946e-07 
9.4231377245501604e-08 
-3.4511280005890584e-07 
8.4862226783131586e-08 
3.130033926676142e-07 
-2.3739380789906518e-07 
-1.8666870419706235e-07 
3.3817358710041253e-07 
2.044311327741534e-08 
-3.578374105723037e-07 
1.476112258216671e-07 
2.450096723158809e-07 
-3.0740563256884208e-07 
-5.861421468536716e-08 
3.7425491491714953e-07 
-1.1061108648463152e-07 
-3.2900581334683756e-07 
2.4180617086749731e-07 
2.2964398457891172e-07 
-3.433066196716284e-07 
-1.1474745142910306e-07 
3.8258951794263685e-07 
1.6393922477096975e-08 
-3.9510387832868983e-07 
5.2234201415322334e-08 
3.9090806444997314e-07 
-7.5887245939532517e-08 
-3.9807946601648098e-07 
6.2720179185264802e-08 
4.120490789978221e-07 
1.0224838434841667e-08 
-4.0918703334792382e-07 
-1.1225782454335859e-07 
3.8102075309658985e-07 
2.4514356754239861e-07 
-3.013207920660841e-07 
-3.4803683258536555e-07 
1.4886772839612433e-07 
4.0601296963948419e-07 
7.7908454976285653e-08 
-3.8836299170832872e-07 
-3.3986649321988453e-07 
1.7542630859665922e-07 
3.9617258352079215e-07 
9.2369172528130231e-08 
-3.5724436557703346e-07 
-2.9718160559294463e-07 
1.7932350728685179e-07 
3.8098864572379869e-07 
1.5203056522693437e-07 
-3.2513334226322909e-07 
-3.5766967947081638e-07 
1.0068851487785596e-08 
3.5366761984665703e-07 
2.5267295331174107e-07 
-1.9739584485380555e-07 
-3.385796364855402e-07 
-1.5851803840565127e-07 
2.9065300325072976e-07 
3.2944975696400363e-07 
4.5558583643704442e-08 
-3.097386129991793e-07 
-2.5946949628804362e-07 
9.9980324794234469e-08 
3.1833646284655311e-07 
2.5598244157849143e-07 
-1.2187126201113432e-07 
-3.0372841975549792e-07 
-1.5768296115688089e-07 
2.0228175418889451e-07 
2.7095965224423993e-07 
-1.2180873942643835e-07 
2.3108003147461502e-07 
2.6843475421370436e-07 
5.8489860167336002e-08 
-2.3406088400499267e-07 
2.2271677547831035e-07 
2.1427336035613889e-10 
-2.4409069540587716e-07 
-2.2709056301867587e-07 
-1.1802833133820214e-08 
-2.268699320416383e-07 
-1.7646069794136414e-07 
5.7930876839385303e-08 
-2.2080627307175331e-07 
-1.8447225894412206e-07 
5.4623586143188955e-08 
-2.0650841324576767e-07 
-1.353435538249329e-07 
7.9983694575031066e-08 
-1.9365334963238166e-07 
-1.4680147453222298e-07 
7.5398159337630462e-08 
-1.8346613409365542e-07 
-1.0386531839555869e-07 
8.1523541821309799e-08 
-1.7047739534740186e-07 
-1.1702411041032381e-07 
8.0307638391093565e-08 
-1.6279008889883631e-07 
-8.3946625414397271e-08 
-7.111573198233847e-08 
-1.5322671993769145e-07 
9.954760368185664e-08 
-7.4528741827356324e-08 
1.4552096475820269e-07 
7.9993930953350848e-08 
5.5725891267479671e-08 
1.3990311718522652e-07 
-9.9965184022149092e-08 
5.9242290894288864e-08 
-1.2816140882472374e-07 
-9.6792643303994911e-08 
-3.310556076375021e-08 
-1.2501002824955078e-07 
1.180424207767804e-07 
-1.870401038244111e-08 
1.0533304033981086e-07 
1.1642670192237322e-07 
-1.607972493233171e-08 
-1.030325884621334e-07 
-1.2087723841044508e-07 
5.3523987399522938e-08 
-6.8406142748699922e-08 
1.1513945642412306e-07 
9.2509661712474471e-08 
2.5443084542186274e-08 
-1.0243750811459258e-07 
-9.2508235540457606e-08 
2.1629993130953964e-08 
9.4145822505089205e-08 
9.2407415962969468e-08 
-7.2849387137607921e-08 
-4.1413590781793435e-08 
-8.6506466431199066e-08 
8.9544072423780994e-08 
-3.2756522123202749e-08 
6.2611125984384204e-08 
-8.2874787494112475e-08 
7.1457876862887568e-08 
6.1726058759835738e-09 
7.2732524454441118e-08 
-6.5996653296770027e-08 
-6.6754815993096813e-08 
-1.4745447996288056e-08 
6.1160986145707431e-08 
-6.303555524238316e-08 
-4.8977395143953838e-08 
-2.2389680236406582e-08 
6.0568021298207478e-08 
-4.9014645934866858e-08 
-4.7268549790438272e-08 
-2.4460495453671843e-08 
4.727388221216239e-08 
-4.7656415798876011e-08 
3.7244323236240764e-08 
-1.5625034341736568e-08 
4.6555122890013141e-08 
-3.6497640275812991e-08 
3.9072812065010786e-08 
6.8517216316045939e-09 
3.4919215662005352e-08 
-3.5863031635880685e-08 
2.9474811609009787e-08 
-4.200395740599697e-09 
-3.3057310649490123e-08 
2.6988022755283986e-08 
2.9455132833873401e-08 
-1.2606746007289645e-08 
-1.8370816297423298e-08 
2.6427065872847299e-08 
-2.1523282364832586e-08 
1.7012265405510388e-08 
-5.535184651898438e-09 
2.1805138706798358e-08 
-2.1245348387164884e-08 
1.3494132622094897e-08 
-1.2379231062001149e-08 
-9.3314850157665622e-09 
1.6587522454614096e-08 
-1.2023763769782437e-08 
-9.2292015709667687e-09 
-6.8445197185097744e-10 
1.4079765786572859e-08 
-1.2225156646212892e-08 
8.0847365466719816e-09 
-1.4491564306021763e-09 
-3.564744359307339e-09 
1.1364459473217559e-08 
-9.9277669569348959e-09 
-1.1011677773657886e-09 
-2.220196656627668e-09 
1.1083408497346833e-08 
-1.0738316700248085e-08 
1.0334141386393255e-08 
2.1803920875500752e-09 
-6.0896447405260584e-09 
1.1648076120954461e-08 
-8.2687068760255599e-09 
1.1770656833311567e-08 
3.817152913116236e-09 
-5.2680529708412042e-09 
1.3429687613205068e-08 
-6.1292971532184028e-09 
1.3125844170388231e-08 
-2.7943709003484044e-09 
-2.1648363587675175e-09 
-1.2058487113854057e-08 
3.3283603003951152e-09 
-1.2621865366685225e-08 
1.6449686918890221e-09 
-3.9268777846053062e-09 
-1.1813403890398697e-08 
9.1758539238682529e-10 
-1.2405978873349169e-08 
-3.8686241084854641e-10 
-1.18225779702479e-08 
-1.5021369333703372e-09 
-1.4731173173412989e-09 
-1.1780724658282633e-08 
-2.5880569355691428e-09 
-1.194040316704427e-08 
-3.4497548736656687e-09 
-1.1591176111117264e-08 
-2.3898780666488989e-09 
-4.0801544782529688e-09 
-1.1213485634377598e-08 
-4.5695995151940558e-09 
-1.0549674711181211e-08 
-4.6820227844530767e-09 
-6.7936053314009947e-09 
-6.9052370916032341e-09 
-4.0146590396152706e-09 
-8.6317470828115058e-09 
-3.2696598114240173e-09 
7.1891522793580003e-09 
1.9472364374319444e-09 
5.440588767734487e-09 
-1.4146436320548039e-09 
1.6295233950978849e-09 
2.9628866993481826e-09 
-3.8765359454431865e-10 
1.6532965513251516e-10 
-3.7033894536895926e-09 
-4.594242293892526e-09 
-4.1327344173238969e-09 
-7.7847471508510327e-09 
-7.1850058523335672e-09 
-1.143565230755726e-08 
-1.1227206020869393e-08 
-1.4021764120622803e-08 
-1.3196229792481626e-08 
-1.2740788691876299e-08 
-1.099299409429734e-08 
-5.6702488326252123e-09 
-9.7938366226939341e-09 
-6.5173258570047079e-09 
-5.3272135865066119e-09 
3.0810090975898575e-09 
6.9465446582386202e-09 
8.6881640038607389e-09 
5.2044701784137227e-09 
