393
-1.5943140400447522e-10 
-6.3648280630742652e-10 
-5.2633936274264482e-10 
-3.765218170084019e-10 
-1.1922905812069638e-10 
2.5930964499930391e-12 
1.1148056433537493e-10 
1.52003679406583e-10 
1.6240657561521543e-10 
1.5687174724948952e-10 
1.4498052952945671e-10 
1.3618584181752617e-10 
1.2118625798103892e-10 
1.1723696835044867e-10 
1.1159164687689523e-10 
1.1983821840639809e-10 
1.1192750618781945e-10 
1.198471632974124e-10 
-1.0948437843082305e-10 
-1.1610940323386382e-10 
-1.0367874042831143e-10 
-1.0786302879674256e-10 
-9.489163871706201e-11 
-1.0174931631389676e-10 
-8.9435531541063843e-11 
-9.6420505213023515e-11 
-8.9412299343382906e-11 
-9.8562837193479597e-11 
-9.0910704995377533e-11 
-9.9134051175125112e-11 
-8.7799181183471266e-11 
-9.4166480928498483e-11 
-7.9570662031591498e-11 
-7.8011997142816242e-11 
7.1543481136998408e-11 
8.7720837343395999e-11 
-8.5000056735973504e-11 
-9.279751016875078e-11 
-7.9031896524945108e-11 
8.0575963144332778e-11 
7.3923840020779561e-11 
-8.3492629714195741e-11 
7.7669080250955509e-11 
7.9743331298791083e-11 
7.0347080612566757e-11 
7.7791245540524659e-11 
7.024800923425734e-11 
7.3432558028509299e-11 
7.165983372644042e-11 
7.6302524066928418e-11 
5.8783329733322114e-11 
6.2696500628420236e-11 
6.97136199424515e-11 
7.1111604689059528e-11 
5.4734218782493123e-11 
6.850013301930261e-11 
6.8941058770706885e-11 
6.8612018560372496e-11 
5.253234699835454e-11 
4.0470714766571191e-11 
7.0187444080542282e-11 
1.3775749932923108e-10 
1.4467084218631248e-11 
-6.0956279550566329e-11 
-2.0166968590899811e-10 
-3.6150974982435404e-10 
3.9827927769584735e-10 
-3.975881286780743e-10 
7.9674914039032643e-10 
-3.2978363684724008e-10 
7.6985518583875837e-10 
-2.2774633591098489e-10 
6.2392359923853357e-10 
-8.3656856201323533e-10 
-7.905481096750793e-10 
-1.2900046293568988e-09 
-1.9283481560546251e-09 
5.0387401120947269e-10 
-1.4166911567744179e-09 
5.3990059144595204e-10 
1.4292020539477783e-10 
2.2396120377099772e-09 
1.7234594595153262e-09 
7.1663886395674551e-09 
1.2700717198960548e-08 
-7.5988340309515475e-09 
-1.3074744932005095e-08 
-5.3189184991514417e-10 
-1.121259708360085e-08 
-2.9003743375248447e-09 
4.3011389759326676e-09 
8.6671468803140889e-10 
1.1730607913560742e-09 
-1.2798841858095601e-08 
2.2283884778054921e-08 
-3.4016577462748459e-08 
-5.5453959569729109e-08 
3.1581798102577529e-08 
4.9813803143252487e-08 
1.7663936199723422e-08 
6.0123254790583929e-08 
-2.3959855969632153e-08 
1.1489809902072761e-07 
-1.4720465610501811e-08 
-1.4444237411225688e-07 
-1.9779417001383193e-08 
-1.1819279280433864e-07 
-5.1943578386689734e-08 
1.196417619875481e-07 
9.1618834691937285e-08 
9.5010673105285078e-08 
1.150848070766388e-07 
-6.9267218196000371e-08 
1.3970259917413848e-07 
2.3863906344020636e-08 
-1.3763311303915604e-07 
2.4462334597116152e-08 
1.6228571391581895e-07 
-6.619154799185549e-08 
-1.0959455718455967e-07 
1.1175787375485377e-07 
7.8802947159322054e-08 
-1.4562872007831161e-07 
-1.985933721540219e-08 
1.4607927730807241e-07 
-4.219888798630049e-08 
-1.4257311703934377e-07 
1.0160423703385245e-07 
9.9736785689739249e-08 
-1.4739935181403279e-07 
-1.9277806136780935e-08 
1.6256330708977805e-07 
-7.2036069179301214e-08 
-1.3281286924213248e-07 
1.3771113645539247e-07 
6.1444642337074303e-08 
-1.683479431461806e-07 
2.637315963920609e-08 
1.6117716256631225e-07 
-1.0570901865567531e-07 
-1.0983960600891503e-07 
1.6139966326029034e-07 
1.1638918422130281e-08 
-1.854342343265489e-07 
8.884211590945e-08 
1.5060105485604315e-07 
-1.5084113054159214e-07 
-8.3240045712309856e-08 
1.8365284515565639e-07 
8.9881963932987623e-09 
-1.9543107831017596e-07 
5.4193990207220515e-08 
1.8216741679377963e-07 
-1.0022959375649125e-07 
-1.6678135704344841e-07 
1.2840677862690445e-07 
1.5871314190868539e-07 
-1.3669031529281695e-07 
-1.6751733095396203e-07 
1.2815075553565451e-07 
1.8908649586513224e-07 
-8.8325809683179494e-08 
-2.0665074510986998e-07 
2.5491302274506682e-08 
2.1521370901084002e-07 
5.7962079998066646e-08 
-1.9253346364130654e-07 
-1.3449488974754145e-07 
1.2584604727469706e-07 
1.8448627035648388e-07 
-7.8717828831822911e-09 
-1.9962955397706432e-07 
-1.428278823022683e-07 
1.1303440590589098e-07 
1.8821064464868274e-07 
2.1781093096206381e-08 
-1.7555189612224893e-07 
-1.332152136827486e-07 
9.0577477408916578e-08 
1.7698595606801774e-07 
7.5901054605479701e-08 
-1.4915491034166324e-07 
-1.6948773646854899e-07 
-1.3154249091925392e-08 
1.5992381421667591e-07 
1.3580015089465314e-07 
-6.4888211615712937e-08 
-1.6585373674762409e-07 
-1.0876825736867042e-07 
1.0865755989624639e-07 
1.6234636300102312e-07 
7.288183135027589e-08 
-1.2145305117785423e-07 
-1.561275800000231e-07 
-1.5502142214007272e-08 
1.5039876801343701e-07 
1.5816481551957179e-07 
1.3396859104514302e-08 
-1.3682531486881822e-07 
-1.4385779909885658e-07 
3.0120825696278138e-08 
1.5449618966830096e-07 
-1.415118399295297e-07 
5.2128336234002351e-08 
1.4240197902619006e-07 
1.2908050816887055e-07 
-5.7504331750486828e-08 
1.5742655848674101e-07 
1.1622390476254397e-07 
-9.0022429975091086e-08 
-1.4646154686599423e-07 
1.1935345102172763e-07 
-6.8930124029395334e-08 
-1.6044455006506813e-07 
-1.0593586687021598e-07 
-9.9857191838083287e-08 
-1.512737698855286e-07 
-1.153401126728066e-07 
-6.983009313804406e-08 
-1.6470161715824243e-07 
-1.0799703038484443e-07 
-9.5819241070112113e-08 
-1.5504775973968274e-07 
-1.1868635723867335e-07 
-5.9965826916732959e-08 
-1.6676295527296189e-07 
-1.2254919411253705e-07 
-7.8031782914658228e-08 
-1.5386086512551222e-07 
-1.3006079143722316e-07 
-3.5686045679615665e-08 
-1.630762625336244e-07 
1.4319665001283997e-07 
-4.1766836741998221e-08 
1.4258381045493663e-07 
1.448109490826208e-07 
-7.7954400577192413e-09 
1.4491694241911704e-07 
-1.5696085089965671e-07 
-1.0627268520193993e-08 
-1.0990135206149104e-07 
-1.5405505882789602e-07 
6.2623896881763838e-08 
-9.7643310471684441e-08 
1.5544874568015555e-07 
6.0341104488941448e-08 
3.902625497515798e-08 
1.4728610964164727e-07 
-9.9225266316572624e-08 
2.3125036430913641e-08 
-1.2565266608370258e-07 
9.3054000589282801e-08 
3.6526447853656969e-08 
8.9002400699648619e-08 
1.1491965965703797e-07 
-3.0568698457699551e-08 
2.1717872471578584e-08 
-1.1355610923322828e-07 
6.7148275719465436e-08 
-6.3335119505713417e-09 
8.863647508530935e-08 
-6.6377787500537585e-08 
-3.4553860177961557e-08 
-3.7373078319793575e-08 
8.9059746057495719e-08 
2.6783340968629574e-08 
-1.4883711009074661e-08 
-6.107456650801473e-08 
-6.3952629211499079e-08 
9.1585539443416913e-09 
-1.0199421639839256e-09 
6.7765439536977387e-08 
-3.9827956385693061e-08 
-7.3249637045984104e-10 
-1.0152235056930837e-08 
6.3381725511633073e-08 
-2.4587342517646564e-08 
-6.749596602065157e-09 
-1.8826966639589367e-08 
5.5843728132921909e-08 
-1.5677983329087938e-08 
-1.0196281336522177e-08 
-2.1479346348352839e-08 
4.8938529057318558e-08 
-1.0426018204117324e-08 
-1.1987427497771057e-08 
1.8238126772374452e-08 
4.587571760956765e-08 
-8.1223793616871993e-09 
-1.2655999480674893e-08 
1.4596486662909926e-08 
-4.3617218148441455e-08 
-8.7480106093962937e-09 
-1.2926565500223161e-08 
1.311421322775349e-08 
-4.0882384831323462e-08 
1.5338741325980513e-08 
1.2579591704534217e-08 
1.2484576223118925e-08 
-3.3535498321186247e-08 
2.830257140274627e-08 
1.0809697041291356e-08 
-1.1849493120959482e-08 
2.6531749393535579e-08 
3.8358106776046331e-08 
-3.4867708369079174e-09 
-9.2870316207163671e-09 
2.3235386656345624e-08 
-2.659757081166676e-08 
3.4952260349931477e-08 
-1.3406196174241768e-09 
-2.0923506435040172e-08 
-2.2946929632999323e-08 
3.5730930854369882e-08 
-2.8447530498142429e-08 
-1.081310157173794e-08 
1.917720446063337e-08 
-3.1266851342826527e-08 
3.4251922306577027e-08 
-2.6334401902247863e-08 
-2.9995843114808233e-09 
2.6505443810230084e-08 
2.9601950479209356e-08 
-3.2335324713949336e-08 
2.7841405785983327e-08 
-7.1466876214497759e-10 
-2.0512267315285589e-08 
2.8177703263021135e-08 
-2.6762593508455854e-08 
2.1941450839499879e-08 
-1.3851528890838378e-08 
-1.3435258537047423e-08 
2.1473965455525276e-08 
-2.0104786724112593e-08 
1.8527507023290293e-08 
-1.3992002229570661e-08 
3.2132716764176533e-09 
1.5140209341100044e-08 
1.530816326000342e-08 
-1.3484293690767481e-08 
1.2656220844560817e-08 
-9.8211206705404186e-09 
-3.6066231412895462e-10 
1.1317408427256818e-08 
-1.0615368316587173e-08 
9.5555486575599152e-09 
-9.0622776328683669e-09 
7.7605780139166457e-09 
-2.7401403974514211e-09 
-7.2800107962300481e-09 
7.5132830537799136e-09 
-7.0635600587733613e-09 
6.7114209720607232e-09 
-6.1735523169535191e-09 
5.8892434763337883e-09 
5.4280486300909723e-11 
-5.4035852938880081e-09 
5.4543098940341847e-09 
-5.1627013313591197e-09 
4.9966173073739798e-09 
-4.7549490136640457e-09 
4.0692748118044387e-09 
1.499819024783855e-09 
-4.2668214961492298e-09 
3.9922724959905839e-09 
-4.0169850498339078e-09 
-3.8063865520996022e-09 
3.803997661595784e-09 
-3.673088550971171e-09 
1.1306058304695753e-09 
2.8445203055062482e-09 
-3.3129008065380048e-09 
3.1164052504696646e-09 
-3.198171956706008e-09 
3.0154793109881678e-09 
-3.2393195816926139e-09 
3.2044290204564176e-09 
3.909162495150582e-10 
-2.1612229346013184e-09 
2.6228465919213786e-09 
-2.453594702851011e-09 
2.5920022767200225e-09 
-2.4552699299583496e-09 
2.5999758935243697e-09 
-2.5168171584182245e-09 
5.4270549459486014e-10 
1.5164525789193311e-09 
-2.0148776782368819e-09 
1.945947030766263e-09 
-1.926460866701269e-09 
1.7719762336128231e-09 
-1.4558383587459522e-09 
1.2928380435579948e-09 
