311
-5.4935355109968513e-08 
-1.3465897456453801e-07 
-2.9746760970755001e-08 
-3.247943375861508e-08 
9.4876545525569644e-09 
5.0751848539354054e-09 
2.3506444526175376e-08 
1.7337434274195118e-08 
2.4618327713207728e-08 
1.709543518605777e-08 
2.0733826279088422e-08 
1.4495218049551869e-08 
1.6958870906932455e-08 
1.1983297774800318e-08 
1.4460695262144632e-08 
1.1260308464719008e-08 
1.3279085100271967e-08 
1.1149457382634828e-08 
-1.2890033061008114e-08 
-1.0997215896674038e-08 
-1.2284412453462696e-08 
-1.0740531173702404e-08 
-1.1593292172134038e-08 
-1.014912351815946e-08 
-1.0788353488411814e-08 
-9.4719597252666511e-09 
-1.0310856062992193e-08 
-9.2222962314392358e-09 
-1.0068210594304922e-08 
-9.2018751298317644e-09 
-9.7813945567424626e-09 
-8.9571373766152198e-09 
-9.0046601296525649e-09 
-7.5247711165868103e-09 
8.0262571389177008e-09 
8.3670287510892114e-09 
-9.4605706844453235e-09 
-8.683634185288306e-09 
-8.4875210228365831e-09 
7.6235324117352287e-09 
8.234901824849944e-09 
-7.9108717311710169e-09 
8.5323207138895598e-09 
7.7569400860967651e-09 
7.8334591071459228e-09 
7.2630902512882065e-09 
7.6017928618115305e-09 
7.1081083847586543e-09 
7.8373635527012975e-09 
7.4108335130646172e-09 
7.1360342386817666e-09 
6.4936384075764986e-09 
7.4247006561386025e-09 
6.8685953399030714e-09 
6.5703363510540042e-09 
6.4675482920323485e-09 
7.4471669543083205e-09 
6.4543281191211556e-09 
6.4404168277073466e-09 
6.3962977075623387e-09 
6.26013475790832e-09 
5.0344230710807804e-09 
6.2686262065235563e-09 
6.2898425962973905e-09 
-6.6065409892052443e-09 
-5.8979296308497588e-09 
-5.3093653705643275e-09 
4.8116762021712942e-09 
6.770908050363466e-09 
-5.9975579808897438e-09 
-5.5294869284069596e-09 
-5.9763399017403715e-09 
6.3730720012363248e-09 
4.225893890632456e-09 
-6.4432581251582473e-09 
-6.0572840626558787e-09 
3.2674205775523651e-09 
-4.8084555488198453e-09 
-6.771256622827479e-09 
5.1003625940245026e-09 
5.6324402784100932e-09 
-2.6356739146092668e-09 
6.9126103645687933e-09 
1.1801879109824171e-08 
8.8605789245998142e-09 
-3.8262066090546593e-09 
-1.8086867007575435e-08 
-4.8805194105072632e-09 
-6.5092742587214072e-09 
-6.2236490255927066e-09 
8.073403658199093e-09 
5.3256362616876111e-09 
-3.9658781581463789e-09 
-8.1215352521384751e-09 
2.6486088557087996e-08 
-3.719677925292209e-08 
-5.0838911865056449e-08 
2.7536257774010172e-08 
5.4440103439486075e-08 
2.2066900583215509e-08 
5.4699909445300991e-08 
-1.9425774686187841e-08 
1.1942396476335896e-07 
-1.8285603939354226e-08 
-1.3903207192820532e-07 
-2.3766938804472143e-08 
-1.230583971819975e-07 
-4.6545666325044431e-08 
1.1457649794492581e-07 
9.5429336560130766e-08 
1.0029049293369504e-07 
1.0907237373201424e-07 
-6.5012628750085714e-08 
1.4350201219146354e-07 
2.9554898646537978e-08 
-1.3149935662332133e-07 
2.863383485847363e-08 
1.6558493982746357e-07 
-5.935183863072563e-08 
-1.044171080677301e-07 
1.1625551602289339e-07 
8.3036306992281788e-08 
-1.3861886006104135e-07 
-1.6081415933100756e-08 
1.5074460229344491e-07 
-3.6376257936184369e-08 
-1.3707348028662678e-07 
1.054015146244018e-07 
1.0487968041553994e-07 
-1.4077967095287605e-07 
-1.5225936294641674e-08 
1.6629798916180681e-07 
-6.4721987953606336e-08 
-1.2838587227926126e-07 
1.4169015887919067e-07 
6.6298764237439622e-08 
-1.6121536037968825e-07 
2.9258810115327496e-08 
1.6559293076309895e-07 
-9.827612476127859e-08 
-1.0546937326858791e-07 
1.6411942627364447e-07 
1.8734237822242523e-08 
-1.7903523545451607e-07 
9.1916449309474633e-08 
1.5387023095155885e-07 
-1.4183802838321761e-07 
-8.0040248875366034e-08 
1.8683420867040414e-07 
1.5555493832558776e-08 
-1.8771285953456802e-07 
5.6525942849106399e-08 
1.8545890527913216e-07 
-9.1425292262150662e-08 
-1.6056787620228839e-07 
1.3066786964262597e-07 
1.6250392530606787e-07 
-1.2749102680156861e-07 
-1.6113903594882504e-07 
1.3129072428458815e-07 
1.9229485844981092e-07 
-7.9498673129673698e-08 
-1.9938648167192051e-07 
2.9401377349853248e-08 
2.1830244915298975e-07 
6.4316104691101777e-08 
-1.8271030142553311e-07 
-1.3061825789453526e-07 
1.3006425371831603e-07 
1.8629291504932002e-07 
2.4207172594968423e-09 
-1.928024662969125e-07 
-1.3758381774986315e-07 
1.1575266784558649e-07 
1.9086648184574687e-07 
3.0906025343250153e-08 
-1.6623993240598181e-07 
-1.2965731107605188e-07 
9.4363902200733017e-08 
1.7788941877394112e-07 
8.5095721769832105e-08 
-1.407934067543141e-07 
-1.6377607830212539e-07 
-9.7903011905948377e-09 
1.6194394460066502e-07 
1.4041328325253805e-07 
-5.3422147691361769e-08 
-1.621755241094274e-07 
-1.0380336600957637e-07 
1.0966605747632849e-07 
1.6449847777257648e-07 
8.1698044893619239e-08 
-1.1249189395655453e-07 
-1.53296921989327e-07 
-1.1777788266401904e-08 
1.5026914412020837e-07 
1.6229389211978749e-07 
2.3369659925311623e-08 
-1.3017088829502742e-07 
-1.4140388478539811e-07 
3.2743722895762398e-08 
1.5512606449272299e-07 
-1.4934881936040185e-07 
4.397007886903537e-08 
1.3726251788551016e-07 
1.2746527782397325e-07 
-5.927279346354925e-08 
1.5909288957604604e-07 
1.2639733192428942e-07 
-8.438151145332185e-08 
-1.4235365426135725e-07 
1.1899511353592421e-07 
-7.0274621102797891e-08 
-1.6315158197496152e-07 
-1.1674306183167754e-07 
-9.5453054635831607e-08 
-1.4796923402947237e-07 
-1.1630608088925321e-07 
-7.0884437968250282e-08 
-1.6834907216712965e-07 
-1.1897704987342657e-07 
-9.1917412075849194e-08 
-1.5262205290689086e-07 
-1.2107235234120384e-07 
-6.0694651940765223e-08 
-1.7098034704678973e-07 
-1.3348665823049708e-07 
-7.392645550540965e-08 
-1.5212015103308061e-07 
-1.3389027505683597e-07 
-3.5618622012166081e-08 
-1.6740003906655539e-07 
1.5404490440804737e-07 
-3.6656876762761615e-08 
1.4095326460065466e-07 
1.5021744866774295e-07 
-9.7470063372790234e-09 
1.4854061218888319e-07 
-1.6767122364346449e-07 
-1.7359260492737098e-08 
-1.0717796790610323e-07 
-1.6050198788343583e-07 
6.7229559974142631e-08 
-9.8558027289994971e-08 
1.6536639598016766e-07 
6.8477942421050219e-08 
3.2971282592521479e-08 
1.5267535567140305e-07 
-1.0587701992787477e-07 
1.89484812064778e-08 
-1.3224787984690911e-07 
1.02130930141857e-07 
4.5899777196240764e-08 
8.9290787125125901e-08 
1.2185524579171904e-07 
-3.8762379727392513e-08 
1.8534178555634684e-08 
-1.2037818926097243e-07 
7.7672588950670311e-08 
-1.2178227476844854e-09 
9.061112627851339e-08 
-7.6612958249924952e-08 
-4.2142142786354061e-08 
-3.2846191056997012e-08 
9.6598399372426206e-08 
3.4111307230669996e-08 
-2.3534670250324927e-08 
-6.2917632346339738e-08 
-7.3379730796046751e-08 
1.8297201788602086e-08 
-8.0333202635935919e-09 
6.8731509107866379e-08 
-4.9096066833508908e-08 
5.438839750292789e-09 
-3.4200056497737139e-09 
7.1789959866354371e-08 
-3.4392666520362788e-08 
2.176130649428181e-09 
-1.2091786363795825e-08 
5.8654313196930244e-08 
-2.4502024084730841e-08 
-4.6794137428606377e-09 
-1.7512031565429285e-08 
6.2419636468187167e-08 
-2.1694447420213412e-08 
-2.6428139071578208e-09 
9.9558972841377599e-09 
4.6999594470469793e-08 
-1.6581323025155044e-08 
-6.1955764649103908e-09 
8.3017195207921843e-09 
-5.7531677277766292e-08 
-2.3642740078795477e-08 
-3.3306707573610954e-09 
2.8630671436896505e-09 
-4.0665392765555504e-08 
2.5568010389510838e-08 
3.3119536386501219e-09 
3.6982082166289405e-09 
-3.5678448071014456e-08 
4.888026990491243e-08 
-3.7696799364615603e-10 
6.9091019124585236e-10 
2.6129141954636695e-08 
6.9360923988103036e-08 
-3.4506947894983091e-08 
1.5881969180361858e-08 
1.4764029911375989e-08 
-1.827582033118484e-08 
8.6628921915511504e-08 
-5.7858641429296709e-08 
