436
-4.3892224374361021e-11 
-7.7728054573518466e-11 
5.8591797306448172e-11 
6.9541761263988645e-11 
8.0688737946299942e-11 
6.0622658894503734e-11 
4.0967143916858145e-11 
4.2687625021839962e-11 
3.3678637164326959e-11 
2.5074634452786263e-11 
1.9556865504534405e-11 
1.5635555974295088e-11 
1.1541736976694785e-11 
8.0165548789317003e-12 
7.8136313058679926e-12 
1.1793125918191099e-11 
1.2467510081479154e-11 
1.4731860988648971e-11 
-1.5000574907254496e-11 
-1.7535235399588401e-11 
-1.3823683858803665e-11 
-1.0224612951268028e-11 
-8.1892140171722129e-12 
-8.7792544043133239e-12 
-7.3121068679736894e-12 
-9.6026756539052436e-12 
-1.0599934876694671e-11 
-1.3120446105379588e-11 
-1.2984800477224565e-11 
-1.2569821404061218e-11 
-1.0138722329825629e-11 
-8.6170573773205455e-12 
-6.6406943237017595e-12 
-5.1413375483424894e-12 
6.4504195563170879e-12 
7.3933053752227756e-12 
-6.7265926762758185e-12 
-8.8601527387346369e-12 
-9.7439708405827359e-12 
6.6996586777217944e-12 
4.7785584422306836e-12 
-7.7811131236808456e-12 
7.0609584951329486e-12 
4.2310920883055215e-12 
4.5442926641507154e-12 
8.8388261215358181e-12 
7.6788885857459294e-12 
4.1538807026809983e-12 
7.1819232925763432e-12 
8.1046542674994096e-12 
-1.7144955486104225e-12 
-2.7964056131097526e-12 
1.2822250110178167e-11 
8.4859950024097996e-12 
-7.1854917522158385e-12 
7.4870201247551071e-12 
1.6108224355335426e-11 
1.7530832318397716e-12 
-7.7410456379652668e-12 
-9.9857093172466551e-12 
1.4841070826113515e-11 
7.1749860762943027e-11 
-2.0747506506603071e-11 
-1.0645243455023946e-10 
-1.0692967101280504e-10 
-2.8554442863689617e-10 
3.4518040259058582e-10 
-4.3165744585217158e-10 
6.1968972055826445e-10 
-2.9771645412341066e-10 
7.3219950578703069e-10 
-9.1166580063041525e-11 
6.0918016081759343e-10 
-7.8056346137202065e-10 
-4.3059453838432195e-10 
-1.2681743987514696e-09 
-1.4762363051920093e-09 
7.5339494634848103e-10 
-1.0210978054705228e-09 
8.4033116495834386e-10 
2.2775153052908765e-10 
2.9303257192950884e-09 
1.5931449403281912e-09 
1.0153339938764265e-08 
1.341039583634835e-08 
-1.303443424030717e-08 
-1.4863285763853387e-08 
-3.9142393732759969e-09 
-1.328578571779923e-08 
-2.10596484266408e-09 
2.7035541958736247e-09 
1.3812389589251218e-09 
-2.5347385876349591e-09 
-2.0915091720680521e-08 
1.957987861803059e-08 
-6.4753824151979186e-08 
-6.1017099343070047e-08 
7.3699209326667316e-08 
5.8953651665780156e-08 
4.9468133616327804e-08 
7.694080909866471e-08 
-7.3217475446329958e-08 
1.557227887949419e-07 
-8.4493224438061862e-08 
-2.035617451991289e-07 
3.8304879560384334e-08 
-1.7807194759603927e-07 
-1.6540796010866748e-08 
1.9559841480138231e-07 
7.2056417999226475e-08 
1.7364922110064496e-07 
1.1838361129333566e-07 
-1.5183416302854987e-07 
1.6383800198411312e-07 
9.0118096502485558e-08 
-1.8325672630921287e-07 
-3.0518057132914469e-08 
2.3649980691328939e-07 
-3.7530012921075124e-08 
-1.791512300980604e-07 
1.1802155392043915e-07 
1.5765886973439059e-07 
-1.786804998037171e-07 
-8.4588845677986013e-08 
2.0245821686191959e-07 
-1.312209400769135e-09 
-2.212912345403019e-07 
8.9609781466221803e-08 
1.8447852927586143e-07 
-1.698011448274087e-07 
-8.823341136773745e-08 
2.1895330063871424e-07 
-4.1208567807612007e-08 
-2.1179091360012445e-07 
1.4695647379303749e-07 
1.372971007685364e-07 
-2.1296569092052038e-07 
-2.5970616468294061e-08 
2.316927799496611e-07 
-8.7901425387721729e-08 
-1.8995577943246138e-07 
1.7905872475580035e-07 
7.4396549432117504e-08 
-2.4067958041140556e-07 
6.089357755934353e-08 
2.2580409625987678e-07 
-1.567893070014323e-07 
-1.5606209731269176e-07 
2.1744851058607218e-07 
6.6482126219594939e-08 
-2.5164359577638284e-07 
1.5092779301373575e-08 
2.4915327606351826e-07 
-7.8138502265993375e-08 
-2.3752323066568231e-07 
1.1668256763183033e-07 
2.2869075386725951e-07 
-1.2845341399502004e-07 
-2.352975445371037e-07 
1.1620388893760186e-07 
2.5429162983973223e-07 
-6.6025188984243223e-08 
-2.6443160354395835e-07 
-9.8265570519399978e-09 
2.6210266244228425e-07 
1.0652549601261507e-07 
-2.2217609594567045e-07 
-1.9061483874228529e-07 
1.3191829552199201e-07 
2.4055685251277781e-07 
1.4687766756121897e-08 
-2.4652947367318787e-07 
-1.9135554214542941e-07 
1.2591475718896169e-07 
2.3799729578242455e-07 
4.0454110638250617e-08 
-2.1629880804041275e-07 
-1.7316174915098816e-07 
1.0804419043439383e-07 
2.2308148777998426e-07 
9.6093254675390555e-08 
-1.8687876807468482e-07 
-2.1124434818029258e-07 
-1.1966817139559625e-08 
2.0124950942697806e-07 
1.6301490862133537e-07 
-9.004726109684475e-08 
-2.0404131258573939e-07 
-1.2236693485288404e-07 
1.4470170977272695e-07 
1.9879259137263663e-07 
7.0363274942678922e-08 
-1.5947479442203079e-07 
-1.8055472253912084e-07 
5.2907519938373601e-09 
1.8553743322455864e-07 
1.8145198606866672e-07 
-1.1861236608623363e-08 
-1.7187334742662425e-07 
-1.5103458554429867e-07 
6.3966987633598471e-08 
1.8061745170983868e-07 
-1.4203472218517412e-07 
8.8651567744989945e-08 
1.7075846040798864e-07 
1.1967938659164396e-07 
-9.4360322504649057e-08 
1.748694977290144e-07 
9.7211723058516396e-08 
-1.2440796544795686e-07 
-1.6753124479694591e-07 
9.781227139788885e-08 
-1.0419476188769063e-07 
-1.6986584536401923e-07 
-7.7013824239771404e-08 
-1.3012927522190993e-07 
-1.651593980838693e-07 
-8.5888448101970291e-08 
-1.0307155649686304e-07 
-1.6711539120176133e-07 
-7.4169960103967387e-08 
-1.2367269415602972e-07 
-1.6303952228044138e-07 
-8.4530511511188901e-08 
-9.2438658818930116e-08 
-1.6476471102105572e-07 
-8.6506253272931722e-08 
-1.0650611539855741e-07 
-1.5867724251821874e-07 
-9.3699859191596884e-08 
-6.991254691266722e-08 
-1.6042657314502157e-07 
1.0756977482132227e-07 
-7.4532370059187778e-08 
1.4862741837094893e-07 
1.0885316734597123e-07 
3.0728199142321198e-08 
1.4750194645133016e-07 
-1.2512013028977221e-07 
2.8073948381455068e-08 
-1.2404111983342962e-07 
-1.2280201285345841e-07 
2.0665725810123655e-08 
-1.1410792062320519e-07 
1.3264870738084577e-07 
1.8706624101700876e-08 
6.9088771027782119e-08 
1.3100115839736964e-07 
-5.9895776129922192e-08 
5.5496871413223586e-08 
-1.2335531190070455e-07 
5.4830646565345334e-08 
-2.3343080885956181e-09 
1.0271807195199158e-07 
8.7234861621664213e-08 
7.1119316820367953e-09 
5.3098108921823989e-08 
-1.0149173661127372e-07 
3.2013730940570271e-08 
-3.9769078098497321e-08 
9.5614029134265017e-08 
-3.3942802326469227e-08 
2.1077344364665066e-10 
-6.4325585830102697e-08 
7.6596973884161567e-08 
-6.9466487812427555e-09 
1.8420501738606066e-08 
-7.8300641870178336e-08 
-4.1202914581643834e-08 
-2.3103174402163436e-08 
3.0675133065322282e-08 
7.5612116053184934e-08 
-1.3182476945937191e-08 
-3.1700014688074817e-08 
-4.0376709974532371e-08 
6.4874759705696966e-08 
2.4449815002661346e-09 
-3.656631478232043e-08 
-4.7569064252022809e-08 
5.308915845539259e-08 
1.0874166017621945e-08 
-3.9158799967931613e-08 
-4.9492213024317974e-08 
4.6270269418448272e-08 
1.5042677672912031e-08 
-4.0142070704144186e-08 
4.6035291117762215e-08 
4.766695685155497e-08 
1.6075698407469783e-08 
-4.0146630815703266e-08 
4.1953279476205203e-08 
-5.242315600210034e-08 
1.3144713565974183e-08 
-3.97076085837556e-08 
3.9666470267241638e-08 
-5.7623132449678193e-08 
-1.3996213823476338e-09 
3.8648920127582219e-08 
3.8307495155272524e-08 
-5.7874702852495137e-08 
2.4050500453047699e-08 
3.5779502699719578e-08 
-3.6815975928660816e-08 
5.2791037088470885e-08 
5.3265326478687255e-08 
1.5309616352415939e-08 
-3.2818324646215935e-08 
4.9448181487119994e-08 
-5.2833302077806869e-08 
4.4706143722347295e-08 
1.6638471483487546e-08 
-4.6535074547272881e-08 
-4.872979201896751e-08 
5.8945541421780698e-08 
-3.1689710715211567e-08 
-3.3118093540575354e-08 
4.3808663525977656e-08 
-5.6270915092676122e-08 
5.7063212484584605e-08 
-2.9599362061014303e-08 
-2.0585960106811444e-08 
5.073763500038994e-08 
5.2556274239739175e-08 
-4.8215767959557577e-08 
3.5625473999451581e-08 
1.4076678688709209e-08 
-4.1999085828042689e-08 
4.4438628069142008e-08 
-3.9857987309982505e-08 
2.5816688139394682e-08 
-9.3463390722180079e-09 
-3.1317391839059962e-08 
3.4736514518269972e-08 
-2.5861587884630947e-08 
2.2931700109073945e-08 
-1.1466866450396564e-08 
-8.2778838491935915e-09 
2.6084660465436352e-08 
2.0514954960336313e-08 
-1.3719165935970771e-08 
1.2698488997571357e-08 
-5.0235796829600331e-09 
-1.205039696183699e-08 
1.5220279493110467e-08 
-1.1582449159237901e-08 
7.1837347841192297e-09 
-6.932033947298609e-09 
2.3979887443340203e-09 
7.5590913192032306e-09 
-1.0601648569757165e-08 
6.7129144042388758e-09 
-3.5207161479875629e-09 
3.5379761922831852e-09 
-1.0053302018282275e-09 
6.466367268072837e-10 
8.7811264740078378e-09 
-4.5194070920063819e-09 
1.337515326193531e-09 
-1.4554396308553592e-09 
-1.1619252173517659e-10 
-8.5196890295286291e-11 
-4.5058231286786197e-09 
6.0580271172459845e-09 
-9.8359147379119947e-11 
2.6214854913178939e-10 
1.0302271675493505e-09 
8.6248093567706835e-10 
-2.2695926936470095e-09 
2.4335529286377433e-09 
-6.0804401416501049e-09 
4.9846305433481745e-10 
1.7295124225977489e-09 
-1.5672769664473208e-09 
2.5216592373756244e-09 
-2.3924793844441041e-09 
3.8433372679633173e-09 
-5.6854964572681328e-09 
2.5902131469573618e-09 
1.3355130538586274e-09 
-3.0114870763200721e-09 
2.9396309163445951e-09 
-3.8611539220487342e-09 
3.8741703324649053e-09 
-5.14263431597817e-09 
5.9501291960305391e-09 
-3.7153915642658232e-09 
-1.8956692215229675e-09 
4.3339566026638263e-09 
-4.4953389836742435e-09 
5.4244957563799418e-09 
-5.5505896209630532e-09 
6.0501173012086248e-09 
-5.9778179677130915e-09 
5.2535818128343285e-09 
-2.1385754243058313e-09 
-3.7650323337417838e-09 
4.7800094920359209e-09 
-4.8890382724773375e-09 
4.5131134233682835e-09 
-4.0424353207559837e-09 
3.7054198135240367e-09 
-3.1912124001819381e-09 
2.9326783251711066e-09 
-2.1589897864833259e-09 
-8.3605622186283842e-12 
2.5630118842857488e-09 
-2.3505405970669605e-09 
2.0486343834656434e-09 
-1.8792746610923267e-09 
1.666223937144312e-09 
-1.5218124422016897e-09 
1.3553985372716535e-09 
-1.2616445967922339e-09 
1.1155424931241454e-09 
-1.0359554826414116e-09 
-2.9423181576047009e-11 
9.776787322153057e-10 
-8.9194488132503286e-10 
8.6910254775962754e-10 
-7.6774917884733563e-10 
7.3564147034714836e-10 
-6.508711121965432e-10 
6.1937819289072574e-10 
-5.2643471248098019e-10 
5.2174764881799701e-10 
-4.4885934959424634e-10 
4.8506971512207152e-10 
6.4911196436015461e-11 
-3.80439395370737e-10 
3.1787111784422979e-10 
-1.9000975141445866e-10 
2.5420192441360216e-10 
-2.4334668390400783e-10 
1.4142815423898008e-10 
5.8735694186580156e-10 
-8.6890156697264079e-10 
