342
-1.2866377280375254e-09 
-6.7977368266866791e-09 
-7.5782561039034048e-09 
-1.0312132144004413e-08 
-7.6127022841626919e-09 
-8.9724503836211957e-09 
-5.1861893597152976e-09 
-6.0328595193369044e-09 
-3.7294881548370577e-09 
-4.4212360009783589e-09 
-2.9824816394352979e-09 
-3.6412960165136102e-09 
-2.5440462064279636e-09 
-3.0813508119943085e-09 
-2.2419753984267756e-09 
-2.7354507661303618e-09 
-1.958892621274788e-09 
-2.4149050109404268e-09 
1.7670724115238174e-09 
2.1744740261710932e-09 
1.6112741381882437e-09 
2.0007893801492294e-09 
1.4713609503334287e-09 
1.8123751960949711e-09 
1.3345713390755974e-09 
1.6321571568451648e-09 
1.2605677693776518e-09 
1.5565556922182392e-09 
1.2119034251324287e-09 
1.508831709296649e-09 
1.1567202710091354e-09 
1.4256281340717092e-09 
1.0477684967260697e-09 
1.1661030268734512e-09 
-9.1969117103817639e-10 
-1.2712970114702733e-09 
1.0686286930190386e-09 
1.2891220353235629e-09 
9.4223332754229493e-10 
-1.106862380953777e-09 
-9.0238872275998004e-10 
1.1271456431544938e-09 
-9.238370111943877e-10 
-1.0854408743942734e-09 
-8.3844542025293115e-10 
-9.974184229077285e-10 
-8.0367573018575288e-10 
-9.6329388397664516e-10 
-8.193737910499489e-10 
-9.8937750545606427e-10 
-7.4426400509696111e-10 
-8.6037236203207595e-10 
-7.6405473122519432e-10 
-9.0341905816453763e-10 
-6.7992568209575301e-10 
-8.4226876591398919e-10 
-7.6337490873073093e-10 
-8.3110269586411946e-10 
-6.6502114796952616e-10 
-8.6073823211197702e-10 
-6.1930246158313862e-10 
-5.3873657509928947e-10 
-7.0443453480863017e-10 
-9.6052865023174827e-10 
4.7879507639450877e-10 
4.0322310815697359e-10 
1.1250450889229182e-09 
-1.1075837736679991e-09 
2.1814221485442198e-10 
4.9443077563085308e-10 
1.5116762656461696e-09 
5.1837953263206792e-10 
-1.1346983261044015e-10 
-1.5287870034162377e-09 
-4.4066643672983275e-10 
-4.49828256484104e-10 
-2.8643301074228225e-09 
9.6573081787871814e-10 
-9.7859197505190066e-10 
-4.0226560260877679e-10 
-3.8640304886010362e-10 
2.251379757424796e-09 
5.7856993386275923e-10 
3.6064483657346432e-09 
1.0341370793668916e-08 
-3.4372085377876724e-09 
-9.1657086901745971e-09 
2.225816697696897e-09 
-8.5691980162336585e-09 
-2.2893594212108534e-09 
4.0637286668514148e-09 
-2.5870082412570851e-10 
3.1218692840558888e-09 
-6.7891423660273394e-09 
1.5896787308198786e-08 
-1.1872506457179404e-08 
-3.5880739537784244e-08 
5.5010550672021085e-09 
2.9418820573857194e-08 
-1.6842427023339149e-09 
3.5103618592281772e-08 
2.7727877517397312e-09 
6.3472323125655135e-08 
1.9093204833237103e-08 
-7.8701410223454997e-08 
-3.8898317622602317e-08 
-5.9013290956540087e-08 
-5.4814316107936249e-08 
5.4964039527070213e-08 
7.6666347958177786e-08 
3.4992009196072642e-08 
8.5756311718549517e-08 
-1.5277606365997649e-08 
9.4059562266311469e-08 
-1.2584225779508109e-08 
-8.4889563037009176e-08 
4.3218583921494549e-08 
9.0526843417817305e-08 
-6.4908119836737973e-08 
-5.3641302288450381e-08 
8.339286290332325e-08 
2.3908105352887765e-08 
-9.8964801997907759e-08 
1.4816146278929131e-08 
8.7532333303659217e-08 
-5.3874463781023705e-08 
-7.5894002847422528e-08 
8.6348191941622789e-08 
3.7971014711063639e-08 
-1.0829584728382453e-07 
1.840578297354599e-08 
1.0305899952330592e-07 
-7.5560178873996633e-08 
-6.8707428790670606e-08 
1.0852230462954849e-07 
1.0064393058371292e-08 
-1.1747671380893896e-07 
5.0322050419746034e-08 
9.6864490716029379e-08 
-1.0074363179800989e-07 
-4.9197920348823834e-08 
1.283758193301314e-07 
-2.7035478279197316e-08 
-1.2995403808673472e-07 
9.4132550442520884e-08 
8.73611399231804e-08 
-1.3117705400386201e-07 
-3.0258247933307509e-08 
1.4317781232520493e-07 
-2.8365265394920709e-08 
-1.4201682938795965e-07 
7.3817585103447005e-08 
1.2270151668862633e-07 
-1.079346945115141e-07 
-1.075342643396049e-07 
1.2781530721306178e-07 
9.9639983749452438e-08 
-1.3687272122375532e-07 
-1.1120909637582483e-07 
1.3220414007996247e-07 
1.3384622269162583e-07 
-1.048900181550863e-07 
-1.5913341921845195e-07 
5.3383882163260511e-08 
1.7657390895384289e-07 
1.6682403795711981e-08 
-1.7120673382326302e-07 
-8.8610388112120205e-08 
1.2410887280784952e-07 
1.3943741737201548e-07 
-3.1937392829241069e-08 
-1.6580205692465138e-07 
-1.0247798809066192e-07 
1.091029536195893e-07 
1.4959234707893047e-07 
-1.2768611633714412e-09 
-1.4949773137900443e-07 
-9.8153211455569448e-08 
8.5599816975996618e-08 
1.4087005499614013e-07 
5.0626737174189863e-08 
-1.2765459046192831e-07 
-1.3676922028170622e-07 
-3.5413709811867783e-09 
1.3231603601263665e-07 
1.0725402712148767e-07 
-5.757852361614717e-08 
-1.3572543694537273e-07 
-8.8875380691959646e-08 
8.9198319731649267e-08 
1.3318691808012355e-07 
6.1458728369116564e-08 
-9.9179476362506276e-08 
-1.3128715245931391e-07 
-1.9095077837466611e-08 
1.2367298265528858e-07 
1.3356505323313123e-07 
1.9026507330617669e-08 
-1.1177934769316864e-07 
-1.2774519027196567e-07 
1.4130090398416173e-08 
1.3028558043037436e-07 
-1.2837731537194891e-07 
3.3001704111662406e-08 
1.1858392990182336e-07 
1.2303338392538352e-07 
-3.5482850958236435e-08 
1.3659922804509452e-07 
1.1574232954013199e-07 
-6.6358855916348415e-08 
-1.2493035943038189e-07 
1.2162295258857145e-07 
-4.4784061054599488e-08 
-1.4306870781529851e-07 
-1.1309550051307425e-07 
-7.5651455538848297e-08 
-1.3217044711344501e-07 
-1.2349063916949764e-07 
-4.4819848473785826e-08 
-1.5041715407367889e-07 
-1.192703929997162e-07 
-7.1585961321628661e-08 
-1.3811037067430398e-07 
-1.3023133443066068e-07 
-3.4600017883691376e-08 
-1.5416233141234396e-07 
-1.3480733738256855e-07 
-5.3033452755555507e-08 
-1.3755916844410535e-07 
-1.4235301079983123e-07 
-9.6646387662079066e-09 
-1.4995608885137714e-07 
1.5350726443107225e-07 
-1.5489871905533159e-08 
1.2463341885485081e-07 
1.5507205824996591e-07 
-3.3903457760803047e-08 
1.2829054812192981e-07 
-1.6264704491182704e-07 
-3.7129437920478822e-08 
-8.7719171962035621e-08 
-1.5883633542666164e-07 
8.5639750616353514e-08 
-7.4459316206738706e-08 
1.5322420186420695e-07 
8.3600435966757253e-08 
1.1890760828845368e-08 
1.3979674669412055e-07 
-1.1503806138631141e-07 
-3.7500367910429862e-09 
-1.0986868771915612e-07 
1.0882306273744989e-07 
6.0358664034631303e-08 
6.4735654651733415e-08 
1.1770854465811916e-07 
-5.3811653464134606e-08 
-5.4554105771215996e-09 
-1.0444199942090236e-07 
8.2479933203754824e-08 
2.0702365257036111e-08 
6.6610222831572224e-08 
-7.8283318350791379e-08 
-5.434642096889578e-08 
-1.0191557446568746e-08 
8.1336632624732946e-08 
4.7275065866531694e-08 
-3.711910182233555e-08 
-3.3727571029527286e-08 
-6.6411852474476204e-08 
3.1099843671778284e-08 
-2.4595930603342126e-08 
4.6643208079126122e-08 
-5.0585540199884813e-08 
2.3239347155382965e-08 
1.531166765330405e-08 
4.4241852169340679e-08 
-3.7524996761505204e-08 
1.6630063391674951e-08 
7.3561165336023427e-09 
4.2883470248273329e-08 
-3.0661164591829615e-08 
1.4480392252854865e-08 
6.189665550726552e-09 
3.3725598149792018e-08 
-2.4912786216175547e-08 
1.1480586750908061e-08 
-7.318725626244647e-09 
3.0104537097799931e-08 
-2.2539373407724346e-08 
1.1524673704767076e-08 
-9.8996966607465876e-09 
-1.9213592990448742e-08 
-1.9536361699603908e-08 
9.8904142546435091e-09 
-9.767527505313628e-09 
-1.4608054217499957e-08 
2.0939937794753522e-08 
-1.0253746738075887e-08 
-9.8201893956257949e-09 
-1.8295876716431522e-09 
1.6722921715509666e-08 
-9.3674789937353221e-09 
8.8934356049102323e-09 
-1.2185977278741305e-09 
1.2979765895269244e-08 
-1.4503396729786617e-08 
9.7983203667018286e-09 
-4.4161478734932781e-09 
2.5664288590356014e-09 
9.7920478081051057e-09 
-1.0134441266243067e-08 
3.9299767341275492e-09 
2.9228876735757862e-09 
5.6130500629712382e-09 
-1.3658125448825672e-08 
8.2500099792764449e-09 
-5.0177243223291902e-09 
-3.4177619184805168e-10 
3.3024519791263666e-09 
-8.6670106702616717e-09 
6.5976106592662143e-09 
4.6529250469136852e-10 
2.3553444626443573e-09 
-7.9476569165900594e-09 
1.0157182546561379e-08 
-1.001754153301084e-08 
2.5835636774453536e-09 
4.3075994880607506e-09 
-6.0213385510473771e-09 
8.2915157366609758e-09 
-9.0419024744626824e-09 
9.4635816721597925e-10 
5.1670265436525206e-09 
-6.9543509323167711e-09 
9.0741256362652584e-09 
-1.0020833392542193e-08 
5.55048698262711e-09 
5.2314576952445057e-09 
8.5778295039617114e-09 
-1.4362190192428698e-08 
2.7032661909719181e-08 
-3.3552293659720683e-08 
