436
1.8523108009734565e-13 
2.0653611487451433e-11 
4.2088644779067064e-11 
7.2638910639561249e-11 
6.5262760504764034e-11 
7.5018367390991044e-11 
4.8467678328483004e-11 
5.5393417561287137e-11 
3.8468755713127524e-11 
3.9390260952126516e-11 
2.6104956910344919e-11 
2.7384318261158182e-11 
1.7159075643629549e-11 
1.9825456333156467e-11 
1.3849536635758007e-11 
2.0715247709982287e-11 
1.6350287350557226e-11 
2.2966956860029848e-11 
-1.8614789961825576e-11 
-2.3457786804926146e-11 
-1.747434174044879e-11 
-1.9270840914854732e-11 
-1.3553309962750923e-11 
-1.682135505789619e-11 
-1.2549179471184319e-11 
-1.6709294150322508e-11 
-1.4321180696645468e-11 
-1.8642728951900247e-11 
-1.5836111793043487e-11 
-1.8290922864828886e-11 
-1.4261848111102043e-11 
-1.5253897821596277e-11 
-1.1109784284120626e-11 
-1.1471238019434255e-11 
9.6671435476952434e-12 
1.2889010575137075e-11 
-1.1496839069459711e-11 
-1.4157369765890346e-11 
-1.1360957326276972e-11 
1.1601322687784292e-11 
9.4718502891410387e-12 
-1.1684553908061551e-11 
9.6598330490088108e-12 
1.0268488991226382e-11 
8.9314973285946209e-12 
1.1424714768325366e-11 
9.5064877960479101e-12 
9.9695332919990658e-12 
9.5482407516572072e-12 
9.0343889185159376e-12 
4.5457639495150085e-12 
7.0304129710193272e-12 
8.3755193035124652e-12 
8.1841104721950045e-12 
7.8672417124281335e-12 
8.6246326206609123e-12 
5.2004570916970892e-12 
1.6003607855947506e-11 
5.5230783892056135e-12 
-2.5151537962006519e-11 
2.679331007151253e-11 
1.0682485459227805e-10 
-5.1748412734566211e-11 
-1.2825152854722203e-10 
-1.8844613865458355e-10 
-3.1230994736020813e-10 
5.2803775881427104e-10 
-4.2412147030100902e-10 
8.3618094891351015e-10 
-2.3134231930894038e-10 
8.508050420690731e-10 
-2.3304137143276989e-10 
4.8168123847410414e-10 
-8.8203248159740962e-10 
-1.0308444717178235e-09 
-1.0633913346527912e-09 
-2.3145660174404437e-09 
2.8223815762455144e-10 
-1.5276754093916743e-09 
1.5833169006327331e-10 
1.7559952001424139e-10 
1.6186808419425068e-09 
1.1363923264465726e-09 
4.2078441207590035e-09 
9.937699959540801e-09 
-2.9941118390714534e-09 
-9.671630183572256e-09 
1.6836908141604253e-09 
-8.114088565654001e-09 
-2.7697905738872117e-09 
4.5378091931677415e-09 
2.3368135340050536e-10 
2.6295454519120231e-09 
-6.1337935383929074e-09 
1.633703175690833e-08 
-1.2130667879758466e-08 
-3.5348653216071679e-08 
4.8930630684408873e-09 
2.9848966683139914e-08 
-1.1807418595524378e-09 
3.4500388846027766e-08 
3.441102834264643e-09 
6.3852865416998882e-08 
1.8839504406209148e-08 
-7.8043697561232457e-08 
-3.9552209809098226e-08 
-5.9461901415809246e-08 
-5.4256881438153116e-08 
5.4397306423358296e-08 
7.7230140922268944e-08 
3.5459444046578272e-08 
8.5138653144955863e-08 
-1.4768808696915089e-08 
9.4601251192968093e-08 
-1.2067435327381139e-08 
-8.4199410901989997e-08 
4.3699919292723984e-08 
9.0932522827575327e-08 
-6.4255226550119207e-08 
-5.3002621769873086e-08 
8.3894998338668684e-08 
2.4384334944971855e-08 
-9.8291383684571382e-08 
1.5304344077288113e-08 
8.804037090688385e-08 
-5.323000743382233e-08 
-7.5350018367834442e-08 
8.685061065346644e-08 
3.8444203376736629e-08 
-1.0763394361799666e-07 
1.8891161752094284e-08 
1.0356396004641361e-07 
-7.4940401505775675e-08 
-6.8203031994019751e-08 
1.0905049145722466e-07 
1.0562025700176698e-08 
-1.1685225173312523e-07 
5.0781233080227958e-08 
9.7355316209723646e-08 
-1.0007613001963118e-07 
-4.8782445132140256e-08 
1.2884955415165317e-07 
-2.6381193306331724e-08 
-1.2940592385747872e-07 
9.4536683350043456e-08 
8.7866607643118268e-08 
-1.3041233940282958e-07 
-2.9975420238961762e-08 
1.4364389708444022e-07 
-2.7656931252604196e-08 
-1.4146444671643598e-07 
7.4149311343639693e-08 
1.232196217887823e-07 
-1.0712220286864064e-07 
-1.071361000755955e-07 
1.2819232493247705e-07 
1.0017400558307015e-07 
-1.3603003875646364e-07 
-1.1075998457661668e-07 
1.3258854654951172e-07 
1.3425943715300873e-07 
-1.0402099543320228e-07 
-1.5853578829477814e-07 
5.3827543147335955e-08 
1.7691123313639095e-07 
1.7309357170968043e-08 
-1.7033785544298346e-07 
-8.8171540270308757e-08 
1.2460726612491572e-07 
1.396246028769997e-07 
-3.1076464159199725e-08 
-1.6518286292845328e-07 
-1.0192171041260861e-07 
1.0951968159608677e-07 
1.4983933279453952e-07 
-5.3667828329897252e-10 
-1.4871619552682102e-07 
-9.7689486851112375e-08 
8.6104035023802482e-08 
1.4090888288727758e-07 
5.1292004296311337e-08 
-1.2688024406411676e-07 
-1.3612183885977283e-07 
-3.0759776084581869e-09 
1.3247802446310691e-07 
1.0752141600042549e-07 
-5.6602336913013069e-08 
-1.3522594578257748e-07 
-8.8230749865462816e-08 
8.9232428417351892e-08 
1.3324430003875369e-07 
6.2119572796196411e-08 
-9.8320976167644658e-08 
-1.3087387578348251e-07 
-1.8688926323259492e-08 
1.234797790209038e-07 
1.3374091789809418e-07 
1.9782680492334506e-08 
-1.1101224669389166e-07 
-1.2735359068405522e-07 
1.4334043230486026e-08 
1.300352359423539e-07 
-1.2875648448270049e-07 
3.2266116245653785e-08 
1.1786709345663099e-07 
1.2276089639954885e-07 
-3.5469065060611668e-08 
1.3635966855993579e-07 
1.1634451763261819e-07 
-6.5846704421501348e-08 
-1.2430660427201459e-07 
1.2151369177159148e-07 
-4.4732990272048935e-08 
-1.4287857765602566e-07 
-1.1364414208705022e-07 
-7.5272098852101988e-08 
-1.3164716104817208e-07 
-1.234973296612114e-07 
-4.4763877457073332e-08 
-1.501662924707389e-07 
-1.1964432398148563e-07 
-7.1253086542472249e-08 
-1.3751006038266188e-07 
-1.3031455924611233e-07 
-3.4361213896639727e-08 
-1.5380078975969479e-07 
-1.3508030665907262e-07 
-5.2813043284750006e-08 
-1.3701942819542141e-07 
-1.424814621532777e-07 
-9.3815420908030078e-09 
-1.4943185481942514e-07 
1.5355008218183868e-07 
-1.5326443009204972e-08 
1.2417663383587531e-07 
1.5519300243604339e-07 
-3.4150214532792472e-08 
1.2756732973353741e-07 
-1.6236970539007623e-07 
-3.7054216814990079e-08 
-8.7232359527272466e-08 
-1.5886776722737577e-07 
8.5806349778652324e-08 
-7.3562981396702712e-08 
1.5259055491464657e-07 
8.3299767079422653e-08 
1.1597722020910619e-08 
1.397266257947644e-07 
-1.1504901395150748e-07 
-4.5937445728307177e-09 
-1.0889547769915774e-07 
1.0807613947261368e-07 
6.0358723354530834e-08 
6.4672842401263564e-08 
1.1763072620253204e-07 
-5.440211391352144e-08 
-6.1671725100001887e-09 
-1.0296955054678361e-07 
8.2064222020349382e-08 
2.0510872357591333e-08 
6.6552332096853042e-08 
-7.8674267405308676e-08 
-5.4507166822339739e-08 
-8.8261484160793258e-09 
7.9814477709406093e-08 
4.7003431522081286e-08 
-3.7174796975243138e-08 
-3.4023602349645499e-08 
-6.6664885902209098e-08 
3.1749075413083525e-08 
-2.5059498607511266e-08 
4.4538666171269564e-08 
-4.97947189889413e-08 
2.2980365235120807e-08 
1.5469547855616998e-08 
4.4758191351572229e-08 
-3.7960675877830434e-08 
1.7609188210460334e-08 
8.3892727802120009e-09 
4.0608263962185888e-08 
-3.0327036554377322e-08 
1.4388585818790049e-08 
6.1208358173573161e-09 
3.4476131937784735e-08 
-2.5282356508552555e-08 
1.2550829707548309e-08 
-8.3227846427623313e-09 
2.7471493259165529e-08 
-2.206633132343745e-08 
1.1484051320225427e-08 
-1.0169242240767399e-08 
-1.9998685231371131e-08 
-2.017956150970713e-08 
1.0724165295381823e-08 
-1.0408404301005892e-08 
-1.1630989871747287e-08 
1.9500244710844324e-08 
-1.0213144675241573e-08 
-1.002607193180163e-08 
-2.1027373922511401e-09 
1.7527000375972265e-08 
-1.0248268472381139e-08 
9.6326969104099144e-09 
-3.1125899515884981e-09 
9.4569066246883005e-09 
-1.307140640222056e-08 
9.7050605649520143e-09 
-4.7207639601810967e-09 
3.1981329803423358e-09 
1.022605680679919e-08 
-1.1029353273161338e-08 
5.4576476880014401e-09 
4.6671213774104274e-09 
2.1776765780464359e-09 
-1.0053283095962115e-08 
7.7282198640836379e-09 
-5.5114248583538288e-09 
8.280790192853182e-10 
1.4736343906717095e-09 
-8.6720178682162936e-09 
8.0876402316762286e-09 
-2.4430563254197401e-09 
-6.3022839450818125e-10 
-3.9501129438475227e-09 
6.2849385748869711e-09 
-7.615581058587147e-09 
3.2149819617994471e-09 
2.0952877662213772e-09 
-3.0877015539904583e-09 
5.8334413319800235e-09 
-7.0019176862849929e-09 
3.9732447287118614e-09 
1.0169242239252802e-09 
-4.0872993327079059e-09 
4.1534415751188077e-09 
-5.8077027242651714e-09 
6.2891405805745975e-09 
2.9737624394764933e-11 
2.678116699814774e-09 
-4.3145515232660936e-09 
4.1077611098465167e-09 
-5.3493440286438229e-09 
5.1354162570238227e-09 
1.890072097731973e-09 
-2.9754683159591808e-09 
4.0986308929887185e-09 
-3.832464911331841e-09 
4.7811028184648852e-09 
-5.212953691204798e-09 
-9.8515366083489554e-10 
2.7991058798674316e-09 
-3.809850851658313e-09 
3.5420384861510976e-09 
-4.2209128843785723e-09 
4.1563929557630067e-09 
-3.7166554594269412e-09 
-2.1427964660163621e-09 
3.5375570977212095e-09 
-3.2816749399112592e-09 
3.8033134135168898e-09 
-3.5599174089541204e-09 
4.8249952138969895e-09 
-1.1747710892150707e-09 
-3.240887896671556e-09 
2.9924955646321558e-09 
-3.5326513832779808e-09 
-3.3230662120869875e-09 
3.911322172719425e-09 
-3.8984828463555494e-09 
3.3593300153580753e-09 
2.0771371656175468e-09 
-3.3602832690194177e-09 
3.1679945595203113e-09 
-3.6271127726677729e-09 
3.4757184674243127e-09 
-4.1761511203023572e-09 
4.7124062544565976e-09 
-3.2746147177778356e-10 
-2.5669153084148068e-09 
3.5615293179354619e-09 
-3.4559264590808725e-09 
3.9438970056693229e-09 
-3.9010399222206198e-09 
4.5334232580334549e-09 
-4.8185584347900939e-09 
1.8317972121749114e-09 
2.4431166005569542e-09 
-3.9647063792657321e-09 
4.0014381063152754e-09 
-4.4537191733039033e-09 
4.4466049359400172e-09 
-4.5369665786864256e-09 
4.352793049896176e-09 
-3.3849041944222771e-09 
8.142156430654622e-10 
3.165123998835493e-09 
-3.5804515754121701e-09 
3.3474015219500332e-09 
-3.0169197042526165e-09 
2.540832316608501e-09 
-2.2833696880320937e-09 
1.8336733140652261e-09 
-1.6586300386578571e-09 
1.0175945545966755e-09 
4.717211199606374e-10 
-1.641445372095167e-09 
1.3508650721948328e-09 
-1.0541038327636433e-09 
9.5253107540354828e-10 
-7.8178324305006051e-10 
7.0075428072570036e-10 
-5.7325665370700414e-10 
5.2632564295992013e-10 
-4.0523189120133363e-10 
3.6978728900199387e-10 
2.6679457517384661e-10 
-4.5607591217152671e-10 
3.0984503123104571e-10 
-3.1142686272805758e-10 
2.3350128480372747e-10 
-2.2821333840179469e-10 
1.6755406210012048e-10 
-1.628120694097145e-10 
9.7650327188031228e-11 
-1.1003779800644929e-10 
4.4539564044724159e-11 
-7.7317584950330007e-11 
1.2133687322750027e-10 
8.9902919094562053e-11 
-1.3512757518691037e-11 
-4.8352738278759476e-11 
2.0543668015016655e-11 
-2.1571406691579922e-11 
7.8700859432759889e-11 
-4.853524833898829e-10 
6.5452649383944359e-10 
