436
2.3000656905623887e-13 
2.0775089220226534e-11 
4.2080515308122638e-11 
7.2616551966862722e-11 
6.5217997108408633e-11 
7.501694154179432e-11 
4.8466223652965104e-11 
5.5407928753306061e-11 
3.8471758862378166e-11 
3.941192960290686e-11 
2.6117940540984039e-11 
2.7407188752776283e-11 
1.7175212485564142e-11 
1.9848962393116836e-11 
1.3867162242555045e-11 
2.0732193166187243e-11 
1.6361783685493101e-11 
2.2979930908258128e-11 
-1.8623376084821161e-11 
-2.3467190086182288e-11 
-1.7483927642958012e-11 
-1.9287004826600528e-11 
-1.3568119792200063e-11 
-1.6837402397993279e-11 
-1.2563619788099515e-11 
-1.6722490367168792e-11 
-1.4331600697502871e-11 
-1.8651682887309825e-11 
-1.5843899620849361e-11 
-1.8300579760930424e-11 
-1.4272184378197415e-11 
-1.5266968521124655e-11 
-1.1122125955598231e-11 
-1.1483552690625988e-11 
9.6771903636177315e-12 
1.2900902692822862e-11 
-1.1508840023511397e-11 
-1.4167555155081603e-11 
-1.1367624876603679e-11 
1.1611124484122267e-11 
9.4827677973881683e-12 
-1.1693728717151299e-11 
9.6687345245832685e-12 
1.028068523280893e-11 
8.9414587626012685e-12 
1.1431511254118815e-11 
9.5129307405261825e-12 
9.9793763130340636e-12 
9.5537294030755928e-12 
9.0410736541551217e-12 
4.5616126709234499e-12 
7.0458209592931412e-12 
8.3728873783191054e-12 
8.1904596486934327e-12 
7.887718261187806e-12 
8.6243173671041413e-12 
5.1938438309074317e-12 
1.6030255250365189e-11 
5.5377376406006712e-12 
-2.5167708743914205e-11 
2.6825609879110324e-11 
1.0686896511794372e-10 
-5.1808141560360271e-11 
-1.2826167007692462e-10 
-1.8859461429647149e-10 
-3.1226996197557068e-10 
5.2832300419112804e-10 
-4.2394283072554196e-10 
8.3643666571216817e-10 
-2.3111337188211288e-10 
8.5078693404960723e-10 
-2.3322535701081953e-10 
4.8118710588939049e-10 
-8.8176862881420707e-10 
-1.0318817015302296e-09 
-1.0623173872141267e-09 
-2.3155576748376417e-09 
2.810229501999647e-10 
-1.5278831245915701e-09 
1.5712386274464302e-10 
1.7627620774926676e-10 
1.616189920929171e-09 
1.133119833590827e-09 
4.1971026115217317e-09 
9.9228978587279055e-09 
-2.9780364055944382e-09 
-9.6558030194246846e-09 
1.6893845535005291e-09 
-8.099999283465698e-09 
-2.7672872789688016e-09 
4.5367431006381942e-09 
2.3197345418449958e-10 
2.6316476831948711e-09 
-6.1116870289180819e-09 
1.630320892085217e-08 
-1.2065993059556167e-08 
-3.5253870975701074e-08 
4.8211388062610312e-09 
2.9760742264153774e-08 
-1.228183692819354e-09 
3.4394207553716151e-08 
3.5072704113034178e-09 
6.3652083991268791e-08 
1.8905823308749287e-08 
-7.7789409473314438e-08 
-3.9565056068771322e-08 
-5.9247937596427039e-08 
-5.4212472797014276e-08 
5.4172672527280491e-08 
7.7122640980848998e-08 
3.5268911836514192e-08 
8.4983775968130475e-08 
-1.4609769865369878e-08 
9.4398857577647202e-08 
-1.2153781881301472e-08 
-8.3984923652083609e-08 
4.3715979065997699e-08 
9.0666541786194319e-08 
-6.4198411576522744e-08 
-5.2807175854903118e-08 
8.3753838116777525e-08 
2.4215706856047488e-08 
-9.8086128808421874e-08 
1.5391813558773801e-08 
8.7814446589138849e-08 
-5.3223611577365204e-08 
-7.5108389716819547e-08 
8.6750058074873535e-08 
3.8244698977418442e-08 
-1.0745001786515271e-07 
1.898954008564314e-08 
1.0332893525556943e-07 
-7.4904319022364951e-08 
-6.7972587288698772e-08 
1.0890421877989028e-07 
1.0403827667870558e-08 
-1.166349576808531e-07 
5.082981385784287e-08 
9.711198310885425e-08 
-1.0001110005522328e-07 
-4.8570404434009101e-08 
1.2869131046874198e-07 
-2.6489612784854419e-08 
-1.2917603001832341e-07 
9.4518501590998886e-08 
8.7633322777640836e-08 
-1.3029974936836442e-07 
-2.9792946301809473e-08 
1.4346587023274337e-07 
-2.7767385481695124e-08 
-1.4124262456770742e-07 
7.4193751650096138e-08 
1.2298783981143942e-07 
-1.0711738564575905e-07 
-1.0690555185412496e-07 
1.2816339289566296e-07 
9.9948367287191719e-08 
-1.3600270937678321e-07 
-1.1053842207974606e-07 
1.3258572523986279e-07 
1.3404285083200655e-07 
-1.0406719525704164e-07 
-1.5834255130412185e-07 
5.393024984978868e-08 
1.7675583017871534e-07 
1.715295601584985e-08 
-1.7024673366399798e-07 
-8.798889611009872e-08 
1.2460310563769196e-07 
1.3944757321284218e-07 
-3.1172233717731767e-08 
-1.6504896131383587e-07 
-1.0175633106784055e-07 
1.0951452763162845e-07 
1.4968862102947623e-07 
-6.3566526950316509e-10 
-1.4861724748298868e-07 
-9.7541663689214704e-08 
8.610203202271648e-08 
1.4076615948022379e-07 
5.1179529948316486e-08 
-1.2680419239733271e-07 
-1.3598780389092772e-07 
-3.0150742553060395e-09 
1.3237857159774657e-07 
1.0739636862704235e-07 
-5.6590732501692494e-08 
-1.3510289488861565e-07 
-8.8129409987372591e-08 
8.9173634579408981e-08 
1.331286049584458e-07 
6.2051907167394991e-08 
-9.8242989506041863e-08 
-1.3076160843240608e-07 
-1.8673525622145921e-08 
1.2337593012627532e-07 
1.3363305519276898e-07 
1.9780010896315166e-08 
-1.1091517195840847e-07 
-1.2726602804035473e-07 
1.4296654181808419e-08 
1.2993274891899741e-07 
-1.2868168909891746e-07 
3.2208229010797523e-08 
1.1776825939318585e-07 
1.2270688776156415e-07 
-3.5400788326954571e-08 
1.36264490743742e-07 
1.1631405713273688e-07 
-6.5761340369263529e-08 
-1.2421141111406422e-07 
1.2148987128410181e-07 
-4.4650760140867836e-08 
-1.427923719638782e-07 
-1.1364194491084429e-07 
-7.5179300670479971e-08 
-1.3155656213498599e-07 
-1.2349571189837677e-07 
-4.4674720632165165e-08 
-1.5008772194331553e-07 
-1.1965706670565513e-07 
-7.1157870584033293e-08 
-1.3742336400505379e-07 
-1.3032563258569865e-07 
-3.4268864067590017e-08 
-1.5372545587026118e-07 
-1.350948325708878e-07 
-5.2716200627287426e-08 
-1.3693280761021205e-07 
-1.4249386159992549e-07 
-9.288800376554208e-09 
-1.4935263496106947e-07 
1.5355328904664757e-07 
-1.5230161886458473e-08 
1.2408389663266813e-07 
1.5519473145843184e-07 
-3.4236023565040115e-08 
1.2747605012140901e-07 
-1.6235115271833155e-07 
-3.7140807643950117e-08 
-8.7128759777522589e-08 
-1.5884566970888384e-07 
8.5868792683672783e-08 
-7.345617842859481e-08 
1.5253979442515843e-07 
8.3361878860670254e-08 
1.1492847376455459e-08 
1.39658705420584e-07 
-1.1507402445815993e-07 
-4.6955721515515472e-09 
-1.0879943669595125e-07 
1.0809867108733631e-07 
6.0428890249074964e-08 
6.4559081277811645e-08 
1.1760021048588908e-07 
-5.447317098554431e-08 
-6.270890962200074e-09 
-1.0289093259458465e-07 
8.2089609372455793e-08 
2.0605761006859888e-08 
6.643923400736996e-08 
-7.8688152361708101e-08 
-5.4560016793110795e-08 
-8.7116927480776614e-09 
7.9741215235268296e-08 
4.705943149110648e-08 
-3.7243100667389167e-08 
-3.3899595793623893e-08 
-6.6639421332987389e-08 
3.1820064780941882e-08 
-2.5139464613181845e-08 
4.4420747027669595e-08 
-4.9803674583384164e-08 
2.3059817188140732e-08 
1.5561240791016051e-08 
4.4653078018569782e-08 
-3.798695859102978e-08 
1.7693552442671014e-08 
8.4918759043973229e-09 
4.0515601762149121e-08 
-3.0361431602532465e-08 
1.4475718066600466e-08 
6.2273429379198587e-09 
3.4386126672791416e-08 
-2.5318914843813245e-08 
1.2638450409126338e-08 
-8.4226011196451183e-09 
2.7368334602606725e-08 
-2.209989344356067e-08 
1.1570410552317379e-08 
-1.0259403054933776e-08 
-1.9877153824911642e-08 
-2.0201792859182719e-08 
1.0808269563764933e-08 
-1.0492034371135827e-08 
-1.1493856281282422e-08 
1.9490507259102922e-08 
-1.0293525721525516e-08 
-1.0105154738077248e-08 
-1.9675325596297717e-09 
1.7453493702054612e-08 
-1.031994109360438e-08 
9.7067812828195814e-09 
-3.2321546836228919e-09 
9.3179179072787325e-09 
-1.3088315370942254e-08 
9.7673204516753115e-09 
-4.8304498819233999e-09 
3.3187444527093782e-09 
1.0099121254530352e-08 
-1.1047231763634239e-08 
5.5585865542279956e-09 
4.7749175321841715e-09 
2.0287883422583156e-09 
-9.9507650815677661e-09 
7.7897151827272189e-09 
-5.6044830890209635e-09 
9.6482294868920544e-10 
1.327700980449112e-09 
-8.5722527880731922e-09 
8.1137645353954886e-09 
-2.5621864838943869e-09 
-7.6012924282079969e-10 
-3.8150139117241975e-09 
6.1723592460188171e-09 
-7.6235077359907405e-09 
3.309674186527926e-09 
1.9739673460236203e-09 
-2.9734560183393442e-09 
5.7434478637913973e-09 
-6.9484429410001758e-09 
4.0371572229586027e-09 
9.2253356963352817e-10 
-4.001939983391564e-09 
4.0747119134036248e-09 
-5.7506775703319335e-09 
6.2810182481427266e-09 
-3.8963676644668861e-11 
2.6108188586347601e-09 
-4.2567314500841169e-09 
4.0531513837250927e-09 
-5.3083207460466457e-09 
5.14089194842779e-09 
1.8390839923632898e-09 
-2.9281174568650114e-09 
4.0566993792463872e-09 
-3.7922450700615714e-09 
4.7475434017297246e-09 
-5.2042415792817047e-09 
-9.4992229781723443e-10 
2.7640363422498975e-09 
-3.7775599346213686e-09 
3.5108573667713524e-09 
-4.1925612349379483e-09 
4.1290826002184964e-09 
-3.7195845995437784e-09 
-2.116263098518544e-09 
3.511399756023279e-09 
-3.2563936845346099e-09 
3.7791765665085773e-09 
-3.5364021921202591e-09 
4.8072451746456263e-09 
-1.1860390043004558e-09 
-3.2188281322811824e-09 
2.9712724482265845e-09 
-3.5117763376232382e-09 
-3.302745673710946e-09 
3.8913492349206972e-09 
-3.8788988136017969e-09 
3.3562556202750897e-09 
2.0601299041025565e-09 
-3.3414897441722886e-09 
3.1497761055245832e-09 
-3.6086997937884523e-09 
3.4577263064316422e-09 
-4.1579503319334455e-09 
4.6969688908835984e-09 
-3.3529711660127824e-10 
-2.551076477354936e-09 
3.5441271921749919e-09 
-3.4388165794699112e-09 
3.9263392952791914e-09 
-3.8836052278331942e-09 
4.5157951184643014e-09 
-4.8017582822940745e-09 
1.8326061611616896e-09 
2.4286986974560396e-09 
-3.9474975021558679e-09 
3.9843968711130451e-09 
-4.4366246193606078e-09 
4.4298863090406597e-09 
-4.5218827222872531e-09 
4.3391708321826048e-09 
-3.3776046004145232e-09 
8.1779399087039554e-10 
3.1509790484155929e-09 
-3.5673122373311123e-09 
3.3376849428861507e-09 
-3.0086450154443165e-09 
2.5353517819725888e-09 
-2.2785785536310997e-09 
1.8313180674341026e-09 
-1.6566458438523473e-09 
1.0192718315067875e-09 
4.6457190224982184e-10 
-1.6366351811262148e-09 
1.3486722930917922e-09 
-1.0539222924116497e-09 
9.5265445868251741e-10 
-7.8279968377220482e-10 
7.0218667665651459e-10 
-5.7538948313045042e-10 
5.2854731294423815e-10 
-4.0818469930955832e-10 
3.7291712320501218e-10 
2.6107077643254349e-10 
-4.5643162043556325e-10 
3.128922165410569e-10 
-3.1360271418068518e-10 
2.3680784039994459e-10 
-2.3091680665091377e-10 
1.711955916221826e-10 
-1.6595116772666048e-10 
1.0201465663248573e-10 
-1.1359611672248331e-10 
4.9546993757814328e-11 
-8.1151836485326743e-11 
1.1679799239090253e-10 
9.2317824363836745e-11 
-1.806734301340956e-11 
-4.2586974497155442e-11 
1.5384411070843069e-11 
-1.6489763689176308e-11 
7.2346962889564679e-11 
-4.6934337489907765e-10 
6.337687378431449e-10 
