436
-5.2662436448066031e-11 
-1.0338715798597374e-10 
6.6544585731552008e-11 
6.4916224145337713e-11 
8.2238851292669743e-11 
5.5369833362215468e-11 
3.7778938347647001e-11 
4.0257499513267808e-11 
3.1549129084958672e-11 
2.2705664183958702e-11 
1.7708972975459643e-11 
1.4245706450295757e-11 
1.0224191446655672e-11 
6.7068584523352442e-12 
6.4136087656888797e-12 
1.093151911845606e-11 
1.1242174658586496e-11 
1.3725506115989748e-11 
-1.3607293846538203e-11 
-1.6967341730289125e-11 
-1.253209217326144e-11 
-9.1671822638821322e-12 
-6.8642258782051909e-12 
-8.0397886244819963e-12 
-6.002300134814536e-12 
-8.9009781701621692e-12 
-9.4561403962738635e-12 
-1.2526884326406195e-11 
-1.1893587272594952e-11 
-1.1988743154770655e-11 
-8.8729743511228787e-12 
-7.9745355742831247e-12 
-5.5515467576355498e-12 
-4.4685976802240099e-12 
5.6133041262334021e-12 
6.9732690869953149e-12 
-5.4946720434306293e-12 
-8.3188074655034632e-12 
-9.1624217168959761e-12 
6.3003474280686337e-12 
3.485352677493995e-12 
-7.5885350021122968e-12 
6.3716489364030693e-12 
3.6250399158712857e-12 
3.3404714197544974e-12 
8.8182750566246676e-12 
7.1495566137071212e-12 
3.3342570027046991e-12 
6.1850518621988615e-12 
8.747621961017247e-12 
-2.7765637217337115e-12 
-4.7666949660176023e-12 
1.3603468149310604e-11 
9.7533104275116007e-12 
-1.1201389261008305e-11 
6.8281603317442096e-12 
1.9207010053603714e-11 
-2.6885879157637305e-13 
-1.1807060591734477e-11 
-6.0646207072715158e-12 
1.3356381318975626e-11 
6.3524702563054726e-11 
-1.5475943339679494e-11 
-9.9445880522811069e-11 
-9.0926633160208177e-11 
-2.7273456310054249e-10 
3.0670678708384944e-10 
-4.1820417030764789e-10 
5.6623704885720986e-10 
-3.004128674423725e-10 
6.8876700747741233e-10 
-5.9346309782401167e-11 
6.0662925688943189e-10 
-7.2297730359824765e-10 
-3.1731659182579545e-10 
-1.2407037766489649e-09 
-1.2747094554948881e-09 
7.9654409665214228e-10 
-8.5940674109742009e-10 
9.3995699131975484e-10 
3.2278786715326863e-10 
3.1148033287685561e-09 
1.3777451916770996e-09 
1.1143908031776164e-08 
1.2982176737016925e-08 
-1.4961776158072276e-08 
-1.4982111465613691e-08 
-5.3540328239174998e-09 
-1.3623753221331725e-08 
-1.6502317880410503e-09 
1.8539123630784275e-09 
1.4649263572713183e-09 
-4.4932659111402845e-09 
-2.3627067086487343e-08 
1.5633433914634489e-08 
-7.6482971872872877e-08 
-5.7191540983297148e-08 
9.0920794386860916e-08 
5.7557803912591946e-08 
6.3126867542150532e-08 
7.8341977128547345e-08 
-9.5147144468040328e-08 
1.6362872910066456e-07 
-1.1774677102816596e-07 
-2.1794448798477004e-07 
6.894102280843066e-08 
-1.9604407790623205e-07 
5.7402854589540767e-09 
2.2184596239587692e-07 
5.4226782501154749e-08 
2.039675030043814e-07 
1.0988542610063531e-07 
-1.8668120807770954e-07 
1.6377170210379179e-07 
1.2113539229292173e-07 
-1.943877743330419e-07 
-6.0126258215233919e-08 
2.6047796205417361e-07 
-1.7722747386710293e-08 
-2.0537103841289471e-07 
1.1241887328955935e-07 
1.9110764424041278e-07 
-1.8403154635005101e-07 
-1.1543223409669041e-07 
2.1982685845831512e-07 
2.227717387075347e-08 
-2.5046558157933316e-07 
7.6436767751811714e-08 
2.2007589217637187e-07 
-1.7098818550760626e-07 
-1.2132566042986771e-07 
2.3660490915880331e-07 
-2.1480095035025472e-08 
-2.4280987635608192e-07 
1.4359645786462998e-07 
1.7113827718061152e-07 
-2.257327034602221e-07 
-5.2894422754000499e-08 
2.5805613330181496e-07 
-7.4112220224089448e-08 
-2.2381429984234549e-07 
1.8046673192735653e-07 
1.043545505017049e-07 
-2.5981096221918348e-07 
4.3971558472912897e-08 
2.5655570470021768e-07 
-1.5428998996390033e-07 
-1.8836548364984406e-07 
2.2779816182564519e-07 
9.3925719037604719e-08 
-2.7289525120782413e-07 
-5.0955243623842846e-09 
2.7653674941570013e-07 
-6.5291380271322944e-08 
-2.674743270471714e-07 
1.0882887266924826e-07 
2.5886076984285984e-07 
-1.2269391629109924e-07 
-2.6469870621453735e-07 
1.0950185748713574e-07 
2.8284874225413044e-07 
-5.5302933704638997e-08 
-2.9003068652479965e-07 
-2.5819472299717095e-08 
2.8338753384047379e-07 
1.2840497198081615e-07 
-2.362260821390058e-07 
-2.1617460354094637e-07 
1.3581643060821942e-07 
2.6677572435028059e-07 
2.3980608391774836e-08 
-2.6938028935174863e-07 
-2.1377061075950954e-07 
1.33893545734613e-07 
2.6220131122741865e-07 
4.756871295313348e-08 
-2.3730073784182429e-07 
-1.9146409702157605e-07 
1.1894718458396694e-07 
2.4565009561147023e-07 
1.0391441046854668e-07 
-2.0710400364006038e-07 
-2.3159936733282967e-07 
-8.6730486660637953e-09 
2.2286227510933903e-07 
1.7487669884763905e-07 
-1.0508379569365177e-07 
-2.2271428442455887e-07 
-1.2671173034412622e-07 
1.6460450049504385e-07 
2.1666836205191789e-07 
6.6273107640223572e-08 
-1.7966382884598104e-07 
-1.9112119947939917e-07 
1.8603062036343495e-08 
2.0293034079475319e-07 
1.9139371832624751e-07 
-2.7230075276999706e-08 
-1.8919691332182389e-07 
-1.5182064922079273e-07 
8.2935582811794035e-08 
1.9220532980597908e-07 
-1.3926246316276922e-07 
1.0818486439460542e-07 
1.8353453524224649e-07 
1.1157586698328366e-07 
-1.1353972193209443e-07 
1.8103922432886229e-07 
8.4364455868126102e-08 
-1.4107341646589209e-07 
-1.7557109766517292e-07 
8.3520937780554182e-08 
-1.2139579793478822e-07 
-1.7107747715862884e-07 
-5.935785846377535e-08 
-1.4345804113346455e-07 
-1.6850304567693027e-07 
-6.7746863481340869e-08 
-1.1825890718576384e-07 
-1.6394732192038119e-07 
-5.4205222887331274e-08 
-1.3492344555095567e-07 
-1.6247347189350913e-07 
-6.4089798001629409e-08 
-1.0658454205255984e-07 
-1.5860029501529028e-07 
-6.5147615392138722e-08 
-1.1763456349844092e-07 
-1.5569461793881371e-07 
-7.1856814866637716e-08 
-8.480024922129389e-08 
-1.5320631466266906e-07 
8.5604411765660039e-08 
-8.8041155128824255e-08 
1.456440877499513e-07 
8.6488840026605586e-08 
4.8526595768307543e-08 
1.4244691507301907e-07 
-1.0395870001328553e-07 
4.5737281367364378e-08 
-1.2511732097081532e-07 
-1.0171020880272558e-07 
-7.4672792438744848e-10 
-1.1639458603104054e-07 
1.1483455459554784e-07 
-2.3055262305925231e-09 
7.9730669536034416e-08 
1.1593935274301384e-07 
-3.7677377633819374e-08 
6.7743462824402644e-08 
-1.1495118001551052e-07 
3.3363359126741313e-08 
-2.0599482269588127e-08 
1.0263786430484445e-07 
6.842516509684789e-08 
2.4462348878666967e-08 
6.4298286715804836e-08 
-8.8802660406081692e-08 
1.3189994442451044e-08 
-5.2612918180434234e-08 
9.1707437842920575e-08 
-1.6077478475031323e-08 
1.6585078772209562e-08 
-7.19289623762088e-08 
6.4558177122504306e-08 
-2.2260193912013157e-08 
3.2555026176274416e-08 
-7.9630303298771542e-08 
-2.6796311715903459e-08 
-3.6312261657380459e-08 
4.2888847558824225e-08 
7.2314911815379595e-08 
7.0688661773149984e-10 
-4.3349658893012825e-08 
-5.0758230648399384e-08 
5.9007478785338535e-08 
1.5168560389466382e-08 
-4.7057561107105482e-08 
-5.6307880168921046e-08 
4.6036094992071232e-08 
2.2504274743379301e-08 
-4.8775275884007778e-08 
-5.7377914586338651e-08 
3.9505649088529707e-08 
2.5742972314618624e-08 
-4.9101425490436938e-08 
5.4035676938245919e-08 
4.2618649211568061e-08 
2.601115534862769e-08 
-4.8597346268763368e-08 
5.0036680476336102e-08 
-4.9732088566199987e-08 
2.2387715990903366e-08 
-4.7720262224334093e-08 
4.7517439482807833e-08 
-5.7877996913264971e-08 
-9.7198990093483647e-09 
4.6273939329486775e-08 
4.5801795773467361e-08 
-6.1522241612805402e-08 
1.8048974943515522e-08 
4.3137527922230829e-08 
-4.3947152763995116e-08 
5.7946092557070843e-08 
5.23144777164793e-08 
2.2622427432859515e-08 
-3.9669876243278779e-08 
5.4811434697777291e-08 
-5.7503555399584554e-08 
4.1937369773902414e-08 
2.3299842943014813e-08 
-5.181656188341046e-08 
-5.3594097586860191e-08 
6.041371946906092e-08 
-2.7422237696987233e-08 
-3.883331763711258e-08 
4.8617567532707937e-08 
-5.8701651136676624e-08 
5.7959179107748299e-08 
-2.5265843291454345e-08 
-2.6025955584570765e-08 
5.3418576564287858e-08 
5.3972402285967082e-08 
-4.6507846240855922e-08 
3.2033653223546341e-08 
1.9136859748448218e-08 
-4.4365196177865501e-08 
4.3183613221205351e-08 
-3.7710993229754544e-08 
2.1707146555224837e-08 
-4.4204632414234742e-09 
-3.3666751569793025e-08 
3.3405754505818068e-08 
-2.2381184768320134e-08 
1.9296178806878255e-08 
-6.8608103746526864e-09 
-1.2571117850856659e-08 
2.4989393799964434e-08 
1.7528303443253427e-08 
-9.7188551789698637e-09 
8.7746598314580194e-09 
-5.3960097905259809e-10 
-1.5156207241376282e-08 
1.2541729516331421e-08 
-8.2058488837265141e-09 
3.1914465991792457e-09 
-3.0742230078482453e-09 
-1.8409557683705702e-09 
1.0986233656230879e-08 
-8.423077843721975e-09 
3.398378052855493e-09 
2.8971108006239876e-10 
-1.3863059408802139e-10 
2.9210596355615812e-09 
-3.2335383367417476e-09 
1.0451185895762466e-08 
-1.6340451452173656e-09 
-2.255753280892618e-09 
2.0042954191777991e-09 
-3.763050147827357e-09 
3.4431705883309883e-09 
-8.0626204067139758e-09 
5.4845613217123991e-09 
3.248575635206303e-09 
-2.9527312750772417e-09 
4.4311862873945722e-09 
4.1644257964887194e-09 
-5.7386825807243325e-09 
5.8707763062622899e-09 
-7.4048296222591377e-09 
-2.1408837902390216e-09 
4.9539787335097582e-09 
-4.6872541590871299e-09 
5.7882304319632764e-09 
-5.5783303015550514e-09 
7.2001449379235269e-09 
-8.7304889558920147e-09 
1.5086726921417302e-09 
4.087179279127035e-09 
-6.1511829890164861e-09 
6.0246254000985378e-09 
-7.0716318929590772e-09 
7.0561884001658796e-09 
-8.4010378198943231e-09 
9.0764301274084388e-09 
-3.7127143825273943e-09 
-4.4496822235750914e-09 
7.4413993954219294e-09 
-7.5615199050456141e-09 
8.4979704061111689e-09 
-8.5320789962089372e-09 
8.730149580193166e-09 
-8.3757433582873523e-09 
6.5108435896539824e-09 
-1.4837479707384386e-09 
-6.2100109860465203e-09 
7.0085920236241698e-09 
-6.4907149092604459e-09 
5.8448436249254708e-09 
-4.8708989082197403e-09 
4.3938088016935925e-09 
-3.4548345262953925e-09 
3.1226270564498315e-09 
-1.7455398084093843e-09 
-1.243287279283351e-09 
3.2258313901217242e-09 
-2.5525218917236642e-09 
1.9087896650889927e-09 
-1.687388135186614e-09 
1.326765798256963e-09 
-1.1190792107317908e-09 
8.4077476177375016e-10 
-7.3083442156634992e-10 
4.6950135009516599e-10 
-3.6387133902061762e-10 
-9.4755851941809147e-10 
7.4783415509287593e-10 
-2.3540384534177479e-10 
3.3956782513430438e-10 
-7.0514958950998878e-11 
1.2974447390277417e-10 
9.1887257393877085e-11 
-4.620928157080751e-11 
3.152410456228367e-10 
-2.0154912000167659e-10 
4.8219682114576648e-10 
-2.7813037649753535e-10 
-5.9816593945756662e-10 
1.6801945577234061e-10 
-5.3624864978395156e-10 
8.3370110855876352e-10 
-6.9091925785980007e-10 
6.9852032603759683e-10 
-9.7230966140294326e-10 
3.0420433144602807e-09 
-4.0124582574038061e-09 
