436
-1.7116771270445995e-11 
-1.9291884220587757e-11 
4.6031643606147917e-11 
7.4777591716974885e-11 
7.4582209622768442e-11 
7.1198669372731537e-11 
4.6749158337753533e-11 
4.9956638302205647e-11 
3.7046402617413588e-11 
3.2841115429306755e-11 
2.2998422365891875e-11 
2.1447404776583727e-11 
1.3927349911787029e-11 
1.3846613588427061e-11 
1.0325866777763676e-11 
1.6309287638955382e-11 
1.4121545584440745e-11 
1.9219799216157894e-11 
-1.6795005999745185e-11 
-2.0761275859658012e-11 
-1.5512638252303856e-11 
-1.4948243781797443e-11 
-1.0482298170025821e-11 
-1.278083502331234e-11 
-9.561004398186137e-12 
-1.3256761057588111e-11 
-1.2213949335196424e-11 
-1.6136319633296718e-11 
-1.4280540388292155e-11 
-1.5633841375367692e-11 
-1.2055611974861312e-11 
-1.1957758022266844e-11 
-8.5474826771174521e-12 
-8.3363240039445865e-12 
7.7240337417223203e-12 
1.0041886011020286e-11 
-8.8994055949071869e-12 
-1.1585793326989647e-11 
-1.0241681006451171e-11 
9.1326670599753491e-12 
7.0482691354519845e-12 
-9.5874205135031143e-12 
8.0092276640540345e-12 
7.2326945500901467e-12 
6.6897470799678902e-12 
9.9425174953834542e-12 
8.3185279656536791e-12 
7.2863932260062388e-12 
8.4419934129185393e-12 
7.982943832733987e-12 
1.0068522771446645e-12 
2.6833595196294327e-12 
9.975946221253186e-12 
7.3731382565395106e-12 
1.6273039930446706e-12 
8.5863435288047864e-12 
8.8147345663079782e-12 
8.9534491960558036e-12 
5.2491322504500327e-13 
-1.917966504199422e-11 
1.9847491851688973e-11 
9.2303125324712123e-11 
-3.6504565722569512e-11 
-1.2106239746777095e-10 
-1.4939258295315977e-10 
-3.0919738478610899e-10 
4.4512286533359662e-10 
-4.4601940516914273e-10 
7.4719839126223887e-10 
-2.7541972577603069e-10 
8.199287389060751e-10 
-1.7244705578689715e-10 
5.740312674800227e-10 
-8.8284061992181561e-10 
-7.4503891928464334e-10 
-1.2431165041343487e-09 
-1.9686263596326797e-09 
5.5660945745171945e-10 
-1.3672675986444231e-09 
4.9848324890094107e-10 
1.0020658749741103e-10 
2.2851123095033822e-09 
1.6846716316131697e-09 
7.1126637497514116e-09 
1.2751826850310769e-08 
-7.6279017018945189e-09 
-1.3044189681927452e-08 
-4.8384385475742418e-10 
-1.1243991312273036e-08 
-2.8914953521555644e-09 
4.2302685542176335e-09 
8.0484544435327198e-10 
1.1870430529335841e-09 
-1.2854197194152064e-08 
2.2219642060694131e-08 
-3.4029482746918386e-08 
-5.5480544126885634e-08 
3.1677068052550548e-08 
4.9777835836457021e-08 
1.7657046408132835e-08 
6.0164857281941091e-08 
-2.406343447918389e-08 
1.1483191144328556e-07 
-1.4777559328326228e-08 
-1.4445321241936186e-07 
-1.9656841721020727e-08 
-1.1813530864546864e-07 
-5.1950499436589086e-08 
1.1966929460735404e-07 
9.1540989931755709e-08 
9.494419226108057e-08 
1.1510239561385093e-07 
-6.9282934804491443e-08 
1.3961911948232574e-07 
2.380934817823531e-08 
-1.3767070389493578e-07 
2.4421712836482334e-08 
1.6224442421582438e-07 
-6.6244224975803805e-08 
-1.0964943346622529e-07 
1.117105822775749e-07 
7.8755694714248961e-08 
-1.456816833551443e-07 
-1.9895303363715419e-08 
1.460286579699879e-07 
-4.2261783002048263e-08 
-1.4261184614664303e-07 
1.01552709937211e-07 
9.9685441823536949e-08 
-1.4743456894957514e-07 
-1.9321683231528801e-08 
1.6248269259105298e-07 
-7.2071647779657606e-08 
-1.328306303871757e-07 
1.3762919790906934e-07 
6.1380652701577439e-08 
-1.6836051193285158e-07 
2.6329894321865351e-08 
1.6108233729346864e-07 
-1.0575626554766589e-07 
-1.0982648198315009e-07 
1.6131711725445591e-07 
1.1536159904169977e-08 
-1.8543185104037902e-07 
8.8830829934887759e-08 
1.5047384071765785e-07 
-1.5092798319971579e-07 
-8.3184281685757635e-08 
1.8359956499487885e-07 
8.8319696150667122e-09 
-1.9544179228917808e-07 
5.4239707901234172e-08 
1.8204568937131886e-07 
-1.0040040352265664e-07 
-1.6672260401354236e-07 
1.2846786922969107e-07 
1.5855143212401601e-07 
-1.3690905108223909e-07 
-1.6746697724894123e-07 
1.2826711930165236e-07 
1.8899464063506766e-07 
-8.8594934278499992e-08 
-2.0671455420034376e-07 
2.5600373410343041e-08 
2.1522966518517229e-07 
5.7766503161236852e-08 
-1.9271217512115839e-07 
-1.3447772921291694e-07 
1.258954108514961e-07 
1.8443705583995862e-07 
-8.0636607707755018e-09 
-1.9973102568599969e-07 
-1.4282645942431899e-07 
1.130598341243133e-07 
1.8816440318686722e-07 
2.1590426760923568e-08 
-1.7566287738165405e-07 
-1.3319515296076421e-07 
9.060736915092089e-08 
1.7692911567563083e-07 
7.5706342098017593e-08 
-1.4929875871069128e-07 
-1.6951244966515322e-07 
-1.3099330338989533e-08 
1.5993112111509637e-07 
1.3565216586827859e-07 
-6.5119079970564548e-08 
-1.6588436709799707e-07 
-1.0872549561179186e-07 
1.0871055443340377e-07 
1.6232723147269202e-07 
7.2641020347689622e-08 
-1.2163348723528456e-07 
-1.5612593835857614e-07 
-1.5413657833698671e-08 
1.5041379013404113e-07 
1.580915346127081e-07 
1.3120209829634066e-08 
-1.3696706318950782e-07 
-1.4383719922609149e-07 
3.0223894334706901e-08 
1.5449628336462836e-07 
-1.4133904741816048e-07 
5.2382307818404875e-08 
1.4252498896583966e-07 
1.2904317244237012e-07 
-5.7611704044839051e-08 
1.5742195908321268e-07 
1.1598988262507182e-07 
-9.0227902963644828e-08 
-1.4656861684335683e-07 
1.1930523774669343e-07 
-6.9024342843557855e-08 
-1.6042196667849212e-07 
-1.0569569732448514e-07 
-1.0003770223176753e-07 
-1.5137654629075188e-07 
-1.1528376018755087e-07 
-6.9917695012758867e-08 
-1.6466561736269566e-07 
-1.0775735658484848e-07 
-9.6004348837573954e-08 
-1.5514992488831402e-07 
-1.1861744192496102e-07 
-6.005763368481146e-08 
-1.667239052797383e-07 
-1.2232103340720991e-07 
-7.8230084884463155e-08 
-1.5397260265400151e-07 
-1.2999745458016993e-07 
-3.5789844559158677e-08 
-1.6305845991602423e-07 
1.4300059624461664e-07 
-4.198992527780749e-08 
1.4272958120794021e-07 
1.4477710709448898e-07 
-7.6872143399436817e-09 
1.4494955606772332e-07 
-1.5682766423971539e-07 
-1.0394900530748381e-08 
-1.1009711459200432e-07 
-1.5407431627377163e-07 
6.2546384295495662e-08 
-9.7724594444162445e-08 
1.5540336061884594e-07 
6.0158889918208845e-08 
3.9258880847697282e-08 
1.4742167575919832e-07 
-9.9207270046046203e-08 
2.3240408619337236e-08 
-1.2569920709049526e-07 
9.2944576426202256e-08 
3.635459411362722e-08 
8.9252481467650181e-08 
1.1502266683492641e-07 
-3.0478489416019283e-08 
2.183161397332407e-08 
-1.135921319982877e-07 
6.705125283016599e-08 
-6.5316273576799664e-09 
8.891746407326122e-08 
-6.6395955768508536e-08 
-3.4492111385046819e-08 
-3.7516583735979656e-08 
8.9101070788073658e-08 
2.6660166329302926e-08 
-1.472802447974296e-08 
-6.1385445327436232e-08 
-6.4069963000310903e-08 
9.048079132324749e-09 
-8.9918980616305392e-10 
6.7896711228344769e-08 
-3.9754711167472785e-08 
-9.1852372871427276e-10 
-1.0378304594810669e-08 
6.3689198932521891e-08 
-2.4568759450782007e-08 
-6.9123158445916432e-09 
-1.9019024100667855e-08 
5.5948436922926761e-08 
-1.5553308282975717e-08 
-1.04330066803803e-08 
-2.1793622563442659e-08 
4.9235907281098033e-08 
-1.0336370637538369e-08 
-1.2218427423431905e-08 
1.8488036820468612e-08 
4.6021189932348709e-08 
-7.9603782532145715e-09 
-1.294757612316364e-08 
1.491504747868685e-08 
-4.4048001530081459e-08 
-8.6766716968631029e-09 
-1.3208961866824218e-08 
1.3407229014805195e-08 
-4.1253451201173892e-08 
1.5254638621868869e-08 
1.2943082546244452e-08 
1.2863452432955588e-08 
-3.4150422665536472e-08 
2.8619582770010484e-08 
1.1164538815225232e-08 
-1.2242769502372664e-08 
2.7113259574910361e-08 
3.8905561110205736e-08 
-3.2388583690684425e-09 
-9.7388229031355276e-09 
2.3930768974730552e-08 
-2.7397102874042333e-08 
3.5713153192041066e-08 
-1.1375749719812511e-09 
-2.1656592688168251e-08 
-2.3759471417230516e-08 
3.6766546841933017e-08 
-2.9015427309075357e-08 
-1.1478774023953076e-08 
2.0110281971671241e-08 
-3.2548213109761619e-08 
3.5657051617382006e-08 
-2.7199903149107532e-08 
-3.415344518866331e-09 
2.7847207452537359e-08 
3.1103143917177162e-08 
-3.382456715186112e-08 
2.9048445135656978e-08 
-2.7437524353809465e-10 
-2.2035057448020098e-08 
2.9934950450530095e-08 
-2.8475196391311406e-08 
2.3211231849599827e-08 
-1.4510557242973594e-08 
-1.4763137876379182e-08 
2.324852604850112e-08 
-2.1618382983208616e-08 
1.9991541510437986e-08 
-1.4882666781329946e-08 
2.8321610801140762e-09 
1.6971269467783319e-08 
1.6968299693597931e-08 
-1.4789246336771988e-08 
1.3960078739309352e-08 
-1.0631818280119672e-08 
-1.0881630514492124e-09 
1.2904831077613129e-08 
-1.205005636763688e-08 
1.0708692545078805e-08 
-1.025826671353949e-08 
8.5399881530061408e-09 
-2.1389098386970571e-09 
-9.0106446255582775e-09 
8.9415534200696829e-09 
-8.181152256920554e-09 
7.8954975475886919e-09 
-7.0995828696263887e-09 
6.8131695369186794e-09 
1.0872338633182297e-09 
-6.7874113986710097e-09 
6.5423300098303038e-09 
-6.3247287602290155e-09 
5.9469947532132768e-09 
-5.7981509988505757e-09 
4.0479673991846527e-09 
3.2232929753123786e-09 
-5.4343365457074511e-09 
5.241858760890341e-09 
-5.0479086051392704e-09 
-4.9212013307579595e-09 
4.6968048076127893e-09 
-4.5776136023072472e-09 
1.407498420435004e-10 
4.2360930904547458e-09 
-4.4379320899146918e-09 
4.3087967773431918e-09 
-4.2437696495248824e-09 
4.147779031149927e-09 
-4.0109247118077918e-09 
3.0773584728697003e-09 
2.2691817975066303e-09 
-3.7364075912650294e-09 
3.8923391580414404e-09 
-3.8235405378819653e-09 
3.7957386445889343e-09 
-3.7534723822779265e-09 
3.6008667662584769e-09 
-3.2582942246106064e-09 
-7.6005101896976771e-10 
3.2685569195677064e-09 
-3.5772071319466593e-09 
3.4971668259505356e-09 
-3.3475458859235937e-09 
3.2146895842555369e-09 
-2.7168108026951448e-09 
2.3532821995662222e-09 
-8.9773467954783973e-10 
-1.2577110579584994e-09 
2.827352272461858e-09 
-2.3853672848962904e-09 
1.5110015575173187e-09 
-1.2110847941149671e-09 
5.9710025886927973e-10 
-4.7331331655394685e-10 
-3.5370326030935053e-11 
8.7242200698970749e-11 
-8.3119380191634801e-10 
1.7350880253805387e-09 
-6.5496492762270455e-10 
5.0105127036371022e-11 
3.850931298001011e-10 
-4.2922255441892097e-10 
6.0646548199879489e-10 
-6.7610807511063413e-10 
8.1238421553410225e-10 
-8.1777977469146491e-10 
9.6437452784933285e-10 
-9.897002630107531e-10 
1.3329616344385502e-09 
3.3291388137675921e-10 
-9.43289939521503e-10 
7.4494459827190889e-10 
-9.8283949368167554e-10 
8.4068288121645247e-10 
-1.0366937172709001e-09 
9.1641352141892702e-10 
-1.1734257073731375e-09 
9.9151739020822065e-10 
-1.3044650113029592e-09 
1.0509110278448215e-09 
1.0560685104282627e-09 
-6.979358651618092e-10 
1.1685251131573677e-09 
-1.4085593985246328e-09 
1.293104797477871e-09 
-1.2762523080540094e-09 
1.5351130860636135e-09 
-3.5115973738886954e-09 
4.5128964827387338e-09 
