436
4.4536674753763095e-12 
3.3438557576872564e-11 
4.0977005270121671e-11 
6.8633053966052022e-11 
5.8936186351379346e-11 
7.3418052666615863e-11 
4.7609904042782027e-11 
5.6514309081389745e-11 
3.8642323040088971e-11 
4.1799072921741827e-11 
2.7773100775899435e-11 
3.0280267774010848e-11 
1.9395354716918764e-11 
2.2924259039971596e-11 
1.6265708501867664e-11 
2.3005028422072396e-11 
1.7910945590829374e-11 
2.4647641905930694e-11 
-1.9716306334080217e-11 
-2.4718028698510143e-11 
-1.8727406523782213e-11 
-2.141434737653548e-11 
-1.5523367358014933e-11 
-1.9019440626009091e-11 
-1.4470244797278237e-11 
-1.8507027320193778e-11 
-1.5698141172571574e-11 
-1.9869574772833222e-11 
-1.6851276297033765e-11 
-1.960686999896669e-11 
-1.5605521204615048e-11 
-1.7050285207080836e-11 
-1.2758218367962197e-11 
-1.3150929756604438e-11 
1.1047665069579342e-11 
1.4563332487073604e-11 
-1.3089665096310935e-11 
-1.5585403462081272e-11 
-1.2316878137069881e-11 
1.2960604579542295e-11 
1.0908782937300186e-11 
-1.3011474198324294e-11 
1.0919837285746186e-11 
1.1946316498905291e-11 
1.0249943356846971e-11 
1.2406930287851018e-11 
1.0404529656434973e-11 
1.1287469075763482e-11 
1.0344202806415738e-11 
1.0131359744342121e-11 
6.6261332404659498e-12 
8.949441091450372e-12 
8.3029134345438732e-12 
9.2445982650214434e-12 
1.0209594327162848e-11 
8.6655042674710903e-12 
4.8665313181929678e-12 
1.9344110648343413e-11 
7.0808587231612472e-12 
-2.6632044415326697e-11 
3.1301474937493311e-11 
1.1139196221515514e-10 
-5.9410323989214286e-11 
-1.2778270390285227e-10 
-2.0675095542411773e-10 
-3.0231322539908224e-10 
5.6007828699047191e-10 
-3.928863026963613e-10 
8.5954783748601623e-10 
-1.9721718720677776e-10 
8.3594615460043447e-10 
-2.5147025835928796e-10 
4.0858287790301397e-10 
-8.2576164599970385e-10 
-1.1519684882024588e-09 
-8.9707793953065254e-10 
-2.4057872075130968e-09 
1.201382464895003e-10 
-1.5202835240359356e-09 
2.234480806392614e-11 
2.8292648104612344e-10 
1.3205684192945497e-09 
6.588784515417432e-10 
2.9138182325431341e-09 
7.8408778064914021e-09 
-1.137743334279551e-09 
-7.5209655369166858e-09 
2.1938524985054437e-09 
-6.2281559836358831e-09 
-2.3113535436639278e-09 
4.2531537776469969e-09 
6.5771563201275468e-11 
2.7105326592982605e-09 
-3.6685566358504724e-09 
1.168772002052049e-08 
-5.4541044052176723e-09 
-2.3027925162867874e-08 
-1.9687269353269818e-09 
1.8623985036593571e-08 
-5.4585819085631286e-09 
2.1320517150942444e-08 
9.1810188804083007e-09 
3.9350400835641856e-08 
2.3256767659223716e-08 
-4.7304708592495131e-08 
-3.7400887042436634e-08 
-3.4140606106113344e-08 
-4.5696440105706544e-08 
2.8573736942029674e-08 
6.0968939900047613e-08 
1.4450471882526194e-08 
6.3792493278656576e-08 
1.6927510841770309e-09 
6.7996583746241816e-08 
-1.9583823003685244e-08 
-5.7264381272139657e-08 
4.2187415823898442e-08 
5.8604340251793205e-08 
-5.4255129250940039e-08 
-3.0190099332432674e-08 
6.4316751153784486e-08 
5.9804187110866826e-09 
-7.1415058367517994e-08 
2.3187959339731918e-08 
5.9797594401938892e-08 
-4.9402278595209586e-08 
-4.6347593633370169e-08 
7.1549130679505007e-08 
1.5846548109924076e-08 
-8.269601530071589e-08 
2.8048079525989404e-08 
7.3610063638056154e-08 
-6.7308067761950845e-08 
-4.0512954108569201e-08 
8.8232337439972256e-08 
-6.7867543579828208e-09 
-8.8184726523058281e-08 
5.3742653119248255e-08 
6.6782670385695503e-08 
-8.8802394780644573e-08 
-2.3596093969084328e-08 
1.0640673409419993e-07 
-3.7387222824969831e-08 
-9.9168328830089446e-08 
8.9219762482979614e-08 
5.8754443832549687e-08 
-1.1348773434146442e-07 
-8.4264109427571982e-09 
1.1900652924364837e-07 
-3.9382531338286148e-08 
-1.119470488601414e-07 
7.7178195380916736e-08 
9.306222957067209e-08 
-1.0384461071729765e-07 
-7.7439841757290828e-08 
1.2191569076779389e-07 
7.109907857120691e-08 
-1.3015892028817929e-07 
-8.1936947885473361e-08 
1.3013446106560993e-07 
1.0572342986593712e-07 
-1.0836041883236528e-07 
-1.3266317949047219e-07 
6.6105334272156863e-08 
1.5570162707690932e-07 
-2.6264915346500352e-09 
-1.5749645549101352e-07 
-6.4259186881734715e-08 
1.2342559526255988e-07 
1.1612878349527569e-07 
-4.3498878506458084e-08 
-1.4725260556325817e-07 
-7.9903452173376219e-08 
1.0882680252305012e-07 
1.2974185998103654e-07 
-1.397254425942974e-08 
-1.3572021472988534e-07 
-7.7741607146213358e-08 
8.6413103781698501e-08 
1.2187161288701183e-07 
3.5602949716472471e-08 
-1.1730694500840351e-07 
-1.181629067807726e-07 
6.0960920585722274e-09 
1.1970076157979395e-07 
9.013779336538402e-08 
-5.6268229143448598e-08 
-1.1876518594174148e-07 
-7.3597658935087513e-08 
8.2495962302851026e-08 
1.1786466306632495e-07 
5.1560606791080758e-08 
-8.8876896683903192e-08 
-1.1524170689612941e-07 
-1.4844830687644806e-08 
1.0994036810968264e-07 
1.1877286167755887e-07 
1.7524206917786282e-08 
-9.8621054710729521e-08 
-1.1435440543563235e-07 
1.114990147368674e-08 
1.1621576978968012e-07 
-1.1725980020733168e-07 
2.6184395241939753e-08 
1.0488198108606355e-07 
1.1370500111070978e-07 
-2.7922795006542597e-08 
1.2316137578976821e-07 
1.1016803919428235e-07 
-5.5543457820187125e-08 
-1.1147899317110466e-07 
1.1616034254037429e-07 
-3.5072484704431232e-08 
-1.3058269776762121e-07 
-1.1101997485441315e-07 
-6.3679233968928012e-08 
-1.1912506046958383e-07 
-1.2092681929753201e-07 
-3.4032328631221501e-08 
-1.3862864902904996e-07 
-1.189232442515229e-07 
-5.9245229760730364e-08 
-1.2526653932615411e-07 
-1.2933361452870067e-07 
-2.3193076924775056e-08 
-1.4254651041016094e-07 
-1.3451492926510087e-07 
-4.0710082755985771e-08 
-1.2467374658796419e-07 
-1.4159570155086369e-07 
1.6497528431354269e-09 
-1.3767202471710106e-07 
1.5141708123877138e-07 
-3.6833503891986655e-09 
1.1111603181414763e-07 
1.5282833340738385e-07 
-4.3823787771918348e-08 
1.1449993187238263e-07 
-1.5737758828203056e-07 
-4.6830157666956373e-08 
-7.3216160363112447e-08 
-1.5339971473373679e-07 
9.1827720657527308e-08 
-5.9270728976341415e-08 
1.4358369135367116e-07 
8.9288840594197068e-08 
-1.4279779456515595e-09 
1.2867929416942747e-07 
-1.1579279677574418e-07 
-1.6991157094609911e-08 
-9.4784510433815766e-08 
1.0852211417729439e-07 
6.7662302169991635e-08 
4.9151914775546246e-08 
1.1110015157134785e-07 
-6.1890432193625153e-08 
-1.888068991297148e-08 
-9.0593372111432699e-08 
8.3060630802821864e-08 
3.1767724981843219e-08 
5.0569238752154323e-08 
-7.8149397134678998e-08 
-5.9474642813224381e-08 
5.7676257582457853e-09 
6.8084211931123679e-08 
5.2480047559700263e-08 
-4.4470836233154986e-08 
-1.7229444664654817e-08 
-6.1029686396659491e-08 
3.9485235910181336e-08 
-3.4143930298223402e-08 
2.7852250213172428e-08 
-4.8832052383185768e-08 
3.2018261708801084e-08 
2.6363938481133075e-08 
2.9360039141633569e-08 
-3.9449973656085205e-08 
2.7417298677487199e-08 
2.0969519809397216e-08 
2.665572780308221e-08 
-3.2997560387364903e-08 
2.4631500815851429e-08 
1.9302279753331879e-08 
2.0873827550593012e-08 
-2.8298255298097064e-08 
2.287054437791629e-08 
-2.0467468514793837e-08 
1.2329473598056193e-08 
-2.4700683332722968e-08 
2.1621173703361169e-08 
-2.0861735841816048e-08 
-2.7904727568638014e-09 
-2.1285046969050627e-08 
2.0524671069509176e-08 
-2.0136158982152814e-08 
7.0417921633771336e-09 
1.6327171111335112e-08 
-1.9456991406565012e-08 
-1.9075818023276644e-08 
1.5435454067493899e-08 
6.1286447859024575e-09 
-1.8224798386967132e-08 
1.7938090845326696e-08 
-1.8010161545969005e-08 
-9.5492764210057028e-09 
-1.3506833208067236e-08 
1.6325452130443319e-08 
-1.8053632835546194e-08 
1.8109359354119358e-08 
-7.5016232646285417e-09 
-1.1597075389877702e-08 
1.7433137653542133e-08 
1.7595493001199145e-08 
-1.7092766841924774e-08 
4.704228979231268e-09 
1.4143812994046476e-08 
-1.6261364104733268e-08 
1.7929038849098745e-08 
-1.7189122970501818e-08 
5.6005085980225839e-09 
9.7127347012776504e-09 
-1.6851245206709505e-08 
-1.6716296899552498e-08 
1.3748107363066736e-08 
-9.1175522415529603e-09 
-6.8415458881230903e-09 
1.414616333451863e-08 
-1.3347386438735748e-08 
1.1681901205302894e-08 
-6.6419119208956204e-09 
1.3249296707161644e-09 
1.0670129321404647e-08 
-1.0641715600966818e-08 
7.2880194269858303e-09 
-6.4195444576652537e-09 
2.6468600157858053e-09 
3.4516578895124597e-09 
-8.0581571323391543e-09 
-5.9971187468822815e-09 
3.7447437361993344e-09 
-3.4928210108261248e-09 
1.0917370417849547e-09 
4.0237009861674697e-09 
-4.4940948456437493e-09 
3.339202230680567e-09 
-1.9833446261615615e-09 
1.9510798227854144e-09 
-6.1071099078038816e-10 
-2.3049165429802596e-09 
3.1334024854044832e-09 
-1.9694657275776727e-09 
1.0523426675212402e-09 
-1.0789877089643063e-09 
3.8241484642719592e-10 
-3.0524722462746804e-10 
-2.4156113515920362e-09 
1.3680065671366586e-09 
-5.2601261383852695e-10 
5.7174089968060593e-10 
-1.6893263772153703e-10 
2.3479910387835581e-10 
9.4929349765443985e-10 
-1.599350280121675e-09 
2.5002988748148049e-10 
-2.891470366980129e-10 
-1.4463725275202724e-11 
3.0506600638926824e-11 
2.8564473662684e-10 
-3.1638027514120468e-10 
1.3414164827355795e-09 
-3.3045855704615076e-10 
-1.3880998320457247e-10 
9.815002612418913e-11 
-2.9676632005157512e-10 
2.616979359512488e-10 
-5.5546315885756905e-10 
9.6205219952515581e-10 
-6.5297581658107811e-10 
-4.4928053227210269e-11 
3.5603163301221261e-10 
-3.382460247689114e-10 
5.0552773366716621e-10 
-5.0059910324686964e-10 
7.3408030805131711e-10 
-8.9309713891531933e-10 
7.4608036360084679e-10 
1.1906791807481234e-10 
-5.428034154382973e-10 
5.6305986806986406e-10 
-7.2956187253583763e-10 
7.4243671964308991e-10 
-8.5996701741832034e-10 
8.6204729764597953e-10 
-8.3442557012078677e-10 
4.6013580977438548e-10 
4.1470106483856078e-10 
-6.100370980271426e-10 
6.8923160448224193e-10 
-6.4397224903850241e-10 
6.0738744102841802e-10 
-5.512799572691632e-10 
5.0707750715605766e-10 
-4.6494396939634608e-10 
4.1394058889747718e-10 
-1.6798586607110159e-10 
-3.2629098749955495e-10 
3.4380010513713527e-10 
-3.3667532595691911e-10 
3.1302845659327486e-10 
-2.9775219432881468e-10 
2.8674428735064076e-10 
-2.7773871647120651e-10 
2.6252182452058463e-10 
-2.5762914518714639e-10 
2.5086101615046386e-10 
-1.7809803854667703e-10 
-1.5103879475904783e-10 
2.2508513591319262e-10 
-1.8509373717203641e-10 
2.0991542397343567e-10 
-1.8108301869976265e-10 
2.023515999448863e-10 
-1.7876698225779246e-10 
2.122719169628936e-10 
-1.7967393448944486e-10 
2.2198025871105728e-10 
-1.7787712450061206e-10 
-1.5359356922798684e-10 
1.2326846221055519e-10 
-1.940687911481027e-10 
2.3165316101997626e-10 
-2.0910094340023391e-10 
2.0359534346342696e-10 
-2.4521432038514639e-10 
5.7421507962603259e-10 
-7.4126556003646412e-10 
