436
-4.1071589414164033e-11 
-7.0891704990761926e-11 
5.6710148403277185e-11 
7.0532270866064944e-11 
8.0192979010379802e-11 
6.1980162447724747e-11 
4.1760569294902023e-11 
4.343023644531645e-11 
3.4168796337630394e-11 
2.583668685592155e-11 
1.9988622483867913e-11 
1.6146326645513739e-11 
1.1828231745401612e-11 
8.5196554690210714e-12 
8.114880302922852e-12 
1.2170118031012859e-11 
1.2703652406439795e-11 
1.5135475842973989e-11 
-1.5273034052078813e-11 
-1.7809319862566539e-11 
-1.4073024872135826e-11 
-1.0644195771932434e-11 
-8.4687517659322265e-12 
-9.110748060841661e-12 
-7.5884437188218224e-12 
-9.912565578081406e-12 
-1.0822770344427203e-11 
-1.3385597173149197e-11 
-1.3186536939695302e-11 
-1.2834248215432427e-11 
-1.0396877003879984e-11 
-8.9001349801441336e-12 
-6.8704881439275745e-12 
-5.4176308427859122e-12 
6.6137374590340242e-12 
7.6050227227144969e-12 
-6.99178386502686e-12 
-9.097654019372246e-12 
-9.8304463168554293e-12 
6.8965508601880833e-12 
5.0635207551867898e-12 
-7.9144254994890355e-12 
7.1849398830461989e-12 
4.4878281916294076e-12 
4.8110504335164331e-12 
8.907891217125717e-12 
7.7673944281829363e-12 
4.451184068940906e-12 
7.3780038989728623e-12 
8.0079965207657475e-12 
-1.4449989394170121e-12 
-2.2088062179093343e-12 
1.2537494152729611e-11 
8.2379073642353042e-12 
-6.1407999569102279e-12 
7.6635574406388401e-12 
1.5236476238110245e-11 
2.4257011651801427e-12 
-6.708052441526792e-12 
-1.1044710586749347e-11 
1.5278918746747499e-11 
7.4056188475912689e-11 
-2.2325224521509857e-11 
-1.0826561834678933e-10 
-1.1141221643945047e-10 
-2.8879680002678699e-10 
3.5596244823206815e-10 
-4.3466867720967068e-10 
6.3421574800687729e-10 
-2.9642239698719995e-10 
7.4347130758303105e-10 
-1.000808854153211e-10 
6.0833035165927511e-10 
-7.9506012703605295e-10 
-4.6310416383849943e-10 
-1.2724525592487154e-09 
-1.5316882563106403e-09 
7.3805039267721403e-10 
-1.0639037743882803e-09 
8.0875340565877656e-10 
2.0521381875176888e-10 
2.871278245435738e-09 
1.6361755438878242e-09 
9.8546751900597841e-09 
1.3462896647686297e-08 
-1.247363377098531e-08 
-1.4771119387284894e-08 
-3.5186386693355488e-09 
-1.3145490513592376e-08 
-2.2216925950500536e-09 
2.9175324198149456e-09 
1.3396340363883099e-09 
-2.0361384619542892e-09 
-2.0098783398700566e-08 
2.0385850727332898e-08 
-6.1399468824200919e-08 
-6.1464636005284643e-08 
6.8904384565227239e-08 
5.8819634544229312e-08 
4.5731624145268216e-08 
7.5994510853812423e-08 
-6.7305894279739162e-08 
1.5262770988857723e-07 
-7.5736561705146955e-08 
-1.9857359309918186e-07 
3.0501134999243305e-08 
-1.7242257381551649e-07 
-2.193479466378999e-08 
1.8783350835271585e-07 
7.6005339597331641e-08 
1.6505706440562215e-07 
1.1974608302109832e-07 
-1.4229276534334407e-07 
1.6285076865647696e-07 
8.1928578705982397e-08 
-1.7941986950643089e-07 
-2.3053309887600618e-08 
2.2922820778459053e-07 
-4.2188917726270247e-08 
-1.7168790943022456e-07 
1.1874416143197957e-07 
1.4854626070444917e-07 
-1.7638422010072334e-07 
-7.6522912310138574e-08 
1.9709364683094813e-07 
-7.1253090207180877e-09 
-2.1294872921114319e-07 
9.2403374297983799e-08 
1.747683862508268e-07 
-1.6867285639161435e-07 
-7.9621311678208533e-08 
2.1355046820851863e-07 
-4.591992067117387e-08 
-2.0313719347803767e-07 
1.4716176165659316e-07 
1.2828270692162156e-07 
-2.0891495101867053e-07 
-1.9135264199200583e-08 
2.2421249435435982e-07 
-9.1035533434277136e-08 
-1.8078761055729752e-07 
1.7809103481488833e-07 
6.661971804822862e-08 
-2.3509969147344419e-07 
6.4973323737859151e-08 
2.1739189474839983e-07 
-1.5698361355125293e-07 
-1.4748926745137575e-07 
2.1427458889419086e-07 
5.9380959149503397e-08 
-2.4567537214119632e-07 
2.0176742506632988e-08 
2.4168874585723e-07 
-8.1259692358647999e-08 
-2.2947598092992588e-07 
1.1851038490902195e-07 
2.2064377454635751e-07 
-1.2977959803987523e-07 
-2.2748563296788678e-07 
1.1783166500003844e-07 
2.4673352434064331e-07 
-6.876201512854247e-08 
-2.5769168425929097e-07 
-5.6716846963412055e-09 
2.565409076835045e-07 
1.0082590090935088e-07 
-2.1855262928560417e-07 
-1.839848980384348e-07 
1.3097166672105852e-07 
2.3380877859181783e-07 
1.2222583329728151e-08 
-2.4072044791238316e-07 
-1.8559510172507514e-07 
1.2399115909755049e-07 
2.3186242537273769e-07 
3.853012702300552e-08 
-2.1106086008140578e-07 
-1.6846882144694377e-07 
1.0543655346005526e-07 
2.1739481871604547e-07 
9.3997607021455698e-08 
-1.8189923878129893e-07 
-2.0612537875291265e-07 
-1.2633484662000992e-08 
1.9590601944123733e-07 
1.5995009732185916e-07 
-8.644189728814974e-08 
-1.9935993783758966e-07 
-1.2114262210183445e-07 
1.3984679691956154e-07 
1.9431566923840695e-07 
7.1216236771636258e-08 
-1.5451432525836606e-07 
-1.7782804249593635e-07 
2.140824972447606e-09 
1.811918445362192e-07 
1.7887170609560499e-07 
-8.1941727816568242e-09 
-1.6754182519734418e-07 
-1.5067199105427322e-07 
5.9354046597520557e-08 
1.7763350605230711e-07 
-1.4253663005251343e-07 
8.3852953024557793e-08 
1.6747668415506167e-07 
1.2149039518542278e-07 
-8.9607478105898603e-08 
1.7315612976347745e-07 
1.002033424999655e-07 
-1.2019945879706321e-07 
-1.6534632806543645e-07 
1.0115486760371519e-07 
-9.9847054082405299e-08 
-1.6931105741869675e-07 
-8.1212971542683767e-08 
-1.2665217590987915e-07 
-1.640551060730152e-07 
-9.0196514229217049e-08 
-9.9143222762902618e-08 
-1.6757755345414245e-07 
-7.895388474548714e-08 
-1.2063752957169187e-07 
-1.6282731304302496e-07 
-8.9413914822074051e-08 
-8.8708872236800451e-08 
-1.6590223568468313e-07 
-9.161390956158646e-08 
-1.034534769666173e-07 
-1.5899157448081644e-07 
-9.8908095756236788e-08 
-6.5973364899115033e-08 
-1.6175711657841509e-07 
1.1276145612341952e-07 
-7.0886858733187953e-08 
1.4887933624904033e-07 
1.1413280502134833e-07 
2.6107707356065884e-08 
1.4823969604700474e-07 
-1.3001876820643215e-07 
2.3469453817063412e-08 
-1.2326055775871871e-07 
-1.2767136897580095e-07 
2.6048842960771403e-08 
-1.1301627718488299e-07 
1.3660497769603397e-07 
2.4009981519465598e-08 
6.6016099577509302e-08 
1.3422557234702891e-07 
-6.5313366831734885e-08 
5.2046307509045298e-08 
-1.2485779359516935e-07 
6.0077467642995405e-08 
2.4077349196575997e-09 
1.0214045019899525e-07 
9.1593871329776887e-08 
2.5635731196527375e-09 
4.9851916860697086e-08 
-1.0414536945752622e-07 
3.6704935290938188e-08 
-3.6155463711843002e-08 
9.5975040962555917e-08 
-3.8368608208958533e-08 
-4.0680066227337481e-09 
-6.1867210499508936e-08 
7.9175972777937728e-08 
-2.8862492940394352e-09 
1.4575364542422388e-08 
-7.7333599801755765e-08 
-4.4648159209508377e-08 
-1.9450861437331854e-08 
2.7213430602883682e-08 
7.5836293046427473e-08 
-1.6715177883043727e-08 
-2.8362757789397288e-08 
-3.7287342632589303e-08 
6.5829688651696966e-08 
-9.2041626100621775e-10 
-3.3466797189000807e-08 
-4.4817308396844626e-08 
5.4432685917040218e-08 
7.7109962384707649e-09 
-3.6242052343502709e-08 
-4.6918467799615226e-08 
4.757677097057428e-08 
1.2075993058354032e-08 
-3.7366403522433178e-08 
4.344108875748966e-08 
4.8481213582223377e-08 
1.3290364175250725e-08 
-3.7483426188152688e-08 
3.9359034694748248e-08 
-5.2537458831207456e-08 
1.0567219928034442e-08 
-3.7143968149352993e-08 
3.7139328954142154e-08 
-5.6872800385289326e-08 
8.0049174033774735e-10 
3.6181228575556656e-08 
3.5871731645022474e-08 
-5.6200121073089126e-08 
2.5323324672149792e-08 
3.3398995377815587e-08 
-3.4475599291216371e-08 
5.0756902299502689e-08 
5.2818234134908326e-08 
1.3191106041166147e-08 
-3.0585283830240248e-08 
4.7377454276091839e-08 
-5.0889592816407799e-08 
4.482011189363834e-08 
1.4661915092431212e-08 
-4.4500346408091771e-08 
-4.6764543908741222e-08 
5.771760434111658e-08 
-3.2351100185821051e-08 
-3.1137714042739018e-08 
4.1901841714353137e-08 
-5.4795359717047563e-08 
5.5966902169788908e-08 
-3.028659781661011e-08 
-1.8841659259279665e-08 
4.9246652471279833e-08 
5.1357425471346374e-08 
-4.7897034265239314e-08 
3.5994177771392374e-08 
1.2518483034416874e-08 
-4.0685610182079982e-08 
4.4028182671845643e-08 
-3.9747673931348411e-08 
2.6454193899084467e-08 
-1.0478948276278904e-08 
-3.015019665852706e-08 
3.446868237496348e-08 
-2.631028421283158e-08 
2.3466450299869404e-08 
-1.2464375893248265e-08 
-6.9913543334494386e-09 
2.5874910626918167e-08 
2.0902383318581814e-08 
-1.4500402024799783e-08 
1.3474019348087511e-08 
-6.0995181911149249e-09 
-1.0982224932786193e-08 
1.5605248325284054e-08 
-1.2221947740383613e-08 
8.0760213480145399e-09 
-7.7906014336628566e-09 
3.4565359204838396e-09 
6.484986616288708e-09 
-1.0927318679475386e-08 
7.4221998057550845e-09 
-4.4331891280701059e-09 
4.412452384987219e-09 
-2.0066111024561696e-09 
1.6434116843539959e-09 
8.1176411239569125e-09 
-5.1524450594093093e-09 
2.2376666371268065e-09 
-2.3162040837245961e-09 
8.3504764065780955e-10 
-9.9899205682023724e-10 
-3.4530902062910276e-09 
6.0298821317725389e-09 
-9.6236630844287443e-10 
1.0858197450444575e-09 
1.2071820111475418e-10 
-1.5903456168934317e-11 
-1.304105716176925e-09 
1.471089461937426e-09 
-5.5430877845113452e-09 
1.1605999348089787e-09 
8.4404833132578617e-10 
-7.1412763493785455e-10 
1.5986906930631044e-09 
-1.4943093326319459e-09 
2.850166333971009e-09 
-4.7059272871226591e-09 
2.7755374016517235e-09 
5.8428833889202414e-10 
-2.1006041803664952e-09 
2.0445501984393017e-09 
-2.8994018613969283e-09 
2.9179011609781678e-09 
-4.1177012057204386e-09 
4.9261016994735342e-09 
-3.575306265711977e-09 
-1.1700536424576783e-09 
3.3727448747072781e-09 
-3.5367973460842928e-09 
4.4257955703031163e-09 
-4.5678466621146869e-09 
5.1231794777948327e-09 
-5.124158125636841e-09 
4.7190919707451756e-09 
-2.2201999136365776e-09 
-2.9824266876780279e-09 
4.0090857766259461e-09 
-4.2734924120715639e-09 
3.9805373766222745e-09 
-3.6576115769223337e-09 
3.3681714888763059e-09 
-2.9847912096343057e-09 
2.7546754914762095e-09 
-2.1720058854799724e-09 
3.1537821321417321e-10 
2.2744218512842557e-09 
-2.1902610505276153e-09 
1.9901024756933845e-09 
-1.8413423852971993e-09 
1.6758429329864617e-09 
-1.5549348539359475e-09 
1.4251745712357975e-09 
-1.3396173693806438e-09 
1.2303291075185723e-09 
-1.1615712288300205e-09 
2.2009629985882325e-10 
9.8559452660204071e-10 
-1.0195800968518982e-09 
9.6166334972887728e-10 
-9.1150346772825087e-10 
8.5511907748338165e-10 
-8.1259416398543592e-10 
7.608831406959729e-10 
-7.2196648732154908e-10 
6.8400181959553862e-10 
-6.7349989387937784e-10 
6.602952176468035e-10 
2.5051533506496613e-10 
-4.9976124744666718e-10 
5.2726426972968481e-10 
-4.5358705156978405e-10 
4.9196711051593184e-10 
-4.7987052364549483e-10 
4.3244784410761166e-10 
-1.2127737887256658e-10 
4.7651296752507513e-11 
