436
-6.0713691526415678e-09 
1.3569027486571244e-09 
-1.2810547638219865e-09 
8.8029105195047037e-10 
-8.1004423330157835e-10 
7.8326429797807494e-10 
-7.2935560597414002e-10 
6.1383721534314701e-10 
-6.0440183497717965e-10 
4.7661366107398498e-10 
-5.1963187370476396e-10 
3.9829709900312444e-10 
-4.5262972817714328e-10 
3.317645024674522e-10 
-4.0694716772683151e-10 
2.9631901403549342e-10 
-3.5770273803364188e-10 
2.6122090174747558e-10 
3.2664736325976833e-10 
-2.3461036381191134e-10 
2.9815568738591034e-10 
-2.0124754375631834e-10 
2.7391973471262063e-10 
-1.7687486148961791e-10 
2.4844799946978575e-10 
-1.5499038181169895e-10 
2.2955308242363112e-10 
-1.4496114783400266e-10 
2.1677615887563904e-10 
-1.3423232068054448e-10 
2.0768888649951271e-10 
-1.1718740613431193e-10 
1.8629231082317524e-10 
-8.8635173380703081e-11 
-1.6093321802844236e-10 
9.550211230047245e-11 
1.8613514565171795e-10 
-9.0522646076448669e-11 
1.5579926615122963e-10 
7.3230850223969247e-11 
-1.5515895287592815e-10 
-7.1121053114710786e-11 
-1.5002471175177902e-10 
5.9164088729723822e-11 
-1.3888977943346775e-10 
5.5936638440587026e-11 
-1.2352557169063493e-10 
4.1583528161852157e-11 
-1.2974098353094476e-10 
5.2311066128575733e-11 
-1.1619748867802929e-10 
1.3785661777592036e-11 
-9.9946878016575752e-11 
4.8200103926283416e-11 
-1.3108348775183426e-10 
1.7266151293305279e-11 
-7.1789559386312218e-11 
2.0957513912650998e-11 
-1.2865186592609363e-10 
1.6918497774903033e-11 
-6.9963168482147892e-11 
3.7576235743215091e-11 
-8.4117397109099144e-11 
-4.331283555628899e-11 
7.5938458941698637e-11 
-1.6874824892662316e-10 
1.7141775921859012e-10 
-2.7314738285311493e-10 
1.6631013340586691e-10 
-2.5866747002136674e-10 
4.4471076907416003e-10 
1.0290773690623705e-10 
3.5548601780658247e-10 
-3.0069416544427128e-10 
2.2080962164901927e-10 
-7.7581348290694813e-10 
-2.5317459836700426e-10 
6.8057457606110178e-10 
1.5620343213373094e-10 
9.2982688945899088e-10 
9.4246286497470059e-10 
2.9635404007805624e-09 
-1.1512965236991684e-09 
1.2521756864524182e-08 
4.3715826236302939e-09 
-2.0039229528421427e-08 
-9.1723023768924265e-09 
-1.1547724055101148e-08 
-1.0199077723559306e-08 
8.8992952153474789e-10 
-3.7074740026094759e-09 
-9.9229392055340573e-10 
-1.6742749179658298e-08 
-2.5455293147217092e-08 
-3.0350026928012108e-08 
-1.0560087602365416e-07 
2.3518467162876163e-08 
1.4894027512108447e-07 
-4.8162179491749079e-09 
1.1710425019804576e-07 
2.0707199582024391e-08 
-1.9307771089526137e-07 
8.9686414043404383e-08 
-2.9156020508468291e-07 
-1.5681276011119038e-07 
2.6058134905891399e-07 
-1.8654123428735082e-07 
1.7846627211308632e-07 
2.6395471004008109e-07 
-1.274932028245604e-07 
2.9649195058168067e-07 
-3.7949739640846849e-08 
-3.3325637859573902e-07 
4.5185567261236094e-08 
2.8879522378548168e-07 
-1.4804113803285738e-07 
-2.6438929942632428e-07 
2.7890274872678911e-07 
1.6051500278446475e-07 
-2.8510348982974192e-07 
-1.1068978097368261e-08 
3.4368215877734983e-07 
-1.0551405567757439e-07 
-2.9886932008649514e-07 
2.2118305124060053e-07 
2.0817415524946044e-07 
-3.3620306353959503e-07 
-8.5813920910659247e-08 
3.8511673857050032e-07 
-7.3354443593291829e-08 
-3.2991786781828727e-07 
2.4316458243557824e-07 
1.5954896238730655e-07 
-3.6488116726160895e-07 
3.3252267595893033e-08 
3.6241937818511779e-07 
-2.1098708300969272e-07 
-2.5256187775541015e-07 
3.4703440887187744e-07 
8.0062696981032662e-08 
-3.9993880332176158e-07 
1.0475198643259705e-07 
3.0992752980150223e-07 
-3.0244710800178221e-07 
-1.2027998429564294e-07 
4.067356700556865e-07 
-6.6809671862872157e-08 
-3.8817573121989981e-07 
2.2407448641480325e-07 
2.9500274261023173e-07 
-3.5190066265213526e-07 
-1.7977924440329576e-07 
4.160789171306012e-07 
6.9929885234293295e-08 
-4.4173469054609299e-07 
5.5242694516556246e-09 
4.4675243979497579e-07 
-3.7270564542902442e-08 
-4.5326885718565683e-07 
2.1166769114581306e-08 
4.6902584878594534e-07 
5.5829681925282736e-08 
-4.5766939949131255e-07 
-1.7012947759403115e-07 
4.2141632207072203e-07 
3.1141029981084175e-07 
-3.2109479069090988e-07 
-4.2407587922234774e-07 
1.4335719718441125e-07 
4.7800681072512982e-07 
1.2116683776462435e-07 
-4.5145425151159662e-07 
-4.1484332011366483e-07 
1.8514583964818178e-07 
4.7658873155687965e-07 
1.2793373226631099e-07 
-4.2139461522080429e-07 
-3.7189534794242553e-07 
2.0707447487538956e-07 
4.6433974448416341e-07 
1.9572143955737885e-07 
-3.9777666975622995e-07 
-4.4034179082396524e-07 
7.4120980292724415e-09 
4.410268814031296e-07 
3.1116469035934664e-07 
-2.4814467241051765e-07 
-4.2605955166906206e-07 
-1.9057259700858342e-07 
3.6859042926887993e-07 
4.1692932203314037e-07 
4.1746550591019878e-08 
-3.9653969031980022e-07 
-3.2303847711575086e-07 
1.4787774710191353e-07 
4.0187422116096813e-07 
3.1777515366543842e-07 
-1.8227138706637218e-07 
-3.8789288395298877e-07 
-1.8080598897363618e-07 
2.8578368318733227e-07 
3.3433969858491366e-07 
-1.273792192389477e-07 
3.2300390071601482e-07 
3.3607037078160684e-07 
3.7928431664842257e-08 
-3.2678346585921825e-07 
2.6167756355260345e-07 
-4.6460443974028888e-08 
-3.3036468363153304e-07 
-2.7232088847552619e-07 
-6.712397799446178e-08 
-3.1382301559799395e-07 
-1.8828772492508206e-07 
1.3372237446474505e-07 
-2.9122514673771219e-07 
-2.026795514909481e-07 
1.3442175303368704e-07 
-2.8268675362784292e-07 
-1.1930261809093246e-07 
1.7222536230330782e-07 
-2.499882614889085e-07 
-1.3847366784652405e-07 
1.7211983262900517e-07 
-2.5091199214544756e-07 
-6.3801247408606523e-08 
1.8644518712787197e-07 
-2.2025488784043795e-07 
-8.6508343215002383e-08 
1.9051982320812095e-07 
-2.2947992266718508e-07 
-2.7046114753751187e-08 
-1.8718952731496891e-07 
-2.0964725816350185e-07 
5.7652637277915481e-08 
-1.954288033067975e-07 
2.2570212738537636e-07 
2.2526447279844412e-08 
1.7854787083695098e-07 
2.1779175628512154e-07 
-6.9249948427653685e-08 
1.8506298644268059e-07 
-2.3384706060864065e-07 
-6.79662367598957e-08 
-1.5265432991544718e-07 
-2.2694887361537215e-07 
1.3422608677955764e-07 
-1.3069672081077307e-07 
2.2712625101677147e-07 
1.395070594076997e-07 
7.1600048824662842e-08 
-2.1934743206766408e-07 
-1.8773411807085003e-07 
2.9419241915886251e-09 
-1.908188759839495e-07 
1.7208182421581723e-07 
1.0567115435500383e-07 
1.3522276478063352e-07 
-1.8447340510371037e-07 
-1.1395466053812946e-07 
-5.9603559244477694e-08 
1.7185586463011203e-07 
1.4735258680361678e-07 
-4.3616306092342238e-08 
-1.326243203442339e-07 
-1.282682201509936e-07 
1.075151825101572e-07 
2.730723996294322e-08 
1.3711604660946925e-07 
-8.8950364837476837e-08 
7.3797662987725426e-08 
-7.2737957135134818e-08 
1.0808079335720031e-07 
-6.0017685604250009e-08 
-3.8567528664569901e-08 
-8.7885142511642319e-08 
8.020365383652064e-08 
-3.3015899572986264e-08 
-1.0207298363332345e-08 
-8.781513392953016e-08 
5.3089133729821698e-08 
-1.395030235781738e-08 
1.1061023368149649e-08 
-7.8675393489879339e-08 
3.4376281996963897e-08 
4.8845719788944995e-09 
-1.7623880163870562e-08 
-7.2270724158125901e-08 
1.697839635003957e-08 
1.7129407995195518e-08 
-2.5989879942205133e-08 
6.9530320065438084e-08 
9.3084415926571225e-09 
3.0611720429058948e-08 
-3.2883032548763054e-08 
7.2567022909746292e-08 
-1.0950340207103321e-08 
-3.8728484790415707e-08 
-4.3344118189621837e-08 
7.3348003716014288e-08 
-3.6090312038878191e-08 
-4.6085151916079001e-08 
4.8983337271234244e-08 
-7.4193087834727497e-08 
-7.2478678967343528e-08 
-2.5000596846957469e-08 
5.2672466488538474e-08 
-7.507662182277393e-08 
8.2225039980052106e-08 
-5.853261265122053e-08 
-3.538275804924168e-08 
7.7929712991801305e-08 
8.0731040079750597e-08 
-8.8590928200797239e-08 
3.2688999498386012e-08 
6.4132966734086006e-08 
-7.8921796002596578e-08 
8.857136785023284e-08 
-8.5205401841844804e-08 
2.5150226314249706e-08 
5.0976327674940239e-08 
-8.3305994663385004e-08 
-7.9686962669246183e-08 
5.926704414613124e-08 
-3.1157200536118813e-08 
-4.4790483116141357e-08 
6.9630476847920309e-08 
-5.2778780583128022e-08 
4.0687974791447209e-08 
-9.7807634064210432e-09 
-1.7321041025289876e-08 
5.3394688484453853e-08 
-3.4493833077058823e-08 
8.8057364212217867e-09 
-2.927868585295612e-09 
-1.8243026225311229e-08 
3.8525060462744504e-08 
-2.0768915187107852e-08 
2.1822333655743733e-10 
-1.5045564785372732e-08 
1.7684209502530604e-08 
-2.8779658259461349e-08 
3.3490053195742483e-08 
9.0559068505457666e-09 
-1.7471151901331127e-08 
2.7604793803058201e-08 
-2.6434105016272367e-08 
3.4162567825788432e-08 
-3.1396211579487999e-08 
-1.2785879892321469e-08 
2.6590216443991392e-08 
-3.0828914002090957e-08 
3.236055533348175e-08 
-3.3340791539473732e-08 
3.5580676728178629e-08 
-1.3756188806534806e-08 
-2.5775806832890703e-08 
3.4311427543353308e-08 
-3.1118034740618178e-08 
3.5134254935847505e-08 
-3.1799954822313044e-08 
3.1800554376506851e-08 
1.0444586953181562e-08 
-3.0545090942679652e-08 
3.2473590735638809e-08 
-3.0460617607938222e-08 
-3.2664191794124912e-08 
2.9711942370081995e-08 
-3.2028881607921959e-08 
4.3748294699166328e-09 
2.5133152687885002e-08 
-3.0495805203958067e-08 
2.6512059347128966e-08 
-2.9205209416453595e-08 
2.5363757160495545e-08 
-2.6814750620350084e-08 
1.7090652870046732e-08 
1.4648831078830968e-08 
-2.4912842191909246e-08 
2.2170144329399118e-08 
-2.3797800937437966e-08 
2.0067233041511158e-08 
-2.1208898852571608e-08 
1.6338669411703334e-08 
-1.3841088497850235e-08 
-9.1590399425305688e-09 
1.6403392552215355e-08 
-1.5359795518518284e-08 
1.3154053109770567e-08 
-9.8990828343245094e-09 
8.0870738063795364e-09 
-2.6084469956881774e-09 
1.1282701705512441e-09 
7.7652437426625286e-09 
-1.0435403864253828e-08 
6.621102185967975e-09 
2.0661916418886884e-09 
-3.6992170085304339e-09 
9.1829576439079628e-09 
-6.5787191404644682e-09 
1.2188934552950059e-08 
-7.5531042763546055e-09 
1.3374358343024451e-08 
-7.679486300264046e-09 
7.0502670649328718e-09 
9.9778300367988853e-09 
-7.002145598073195e-09 
1.1353402845914109e-08 
-8.5804836376683758e-09 
8.892801053563452e-09 
-1.0051529520378054e-08 
5.8289717095591172e-09 
-1.0926112708446875e-08 
4.4340967841589061e-09 
-8.9837117498550411e-09 
3.7958392580612861e-10 
6.1369203339232866e-09 
-5.4998286279537602e-09 
6.5151232729077963e-09 
-6.5118113663622183e-09 
2.7566059698579335e-09 
-7.4670189584798174e-09 
5.2894583808640318e-09 
-6.3134786503071011e-11 
4.3316670239744554e-09 
-3.0231625965473106e-09 
4.6636689473928284e-09 
-1.8542979700868233e-09 
-3.7507656324519495e-09 
-5.5163771626526045e-10 
-2.6913130613463893e-09 
3.5320009957253946e-09 
-5.1237626817142355e-10 
-3.1616566167904001e-09 
9.2434453259672245e-09 
-4.5301356886138904e-09 
