436
5.3541643906179903e-12 
3.6310109843618805e-11 
4.0458047240847257e-11 
6.6620696192987117e-11 
5.6523298692516966e-11 
7.2086796234038235e-11 
4.6980077243801722e-11 
5.6436147951347324e-11 
3.8596101141123229e-11 
4.2397061509459234e-11 
2.8331746704515971e-11 
3.1229352459211236e-11 
2.0213705646701629e-11 
2.4035159333766255e-11 
1.7126370580043219e-11 
2.3879040216390165e-11 
1.8449160881408827e-11 
2.5269147682969472e-11 
-2.0060875014022712e-11 
-2.5213300246823762e-11 
-1.9130598867475393e-11 
-2.2216218635265724e-11 
-1.6188536688617591e-11 
-1.9873865738418207e-11 
-1.5116386429945079e-11 
-1.9212689992604685e-11 
-1.6149407635571187e-11 
-2.0371995233405425e-11 
-1.7169977380081801e-11 
-2.0138624772580364e-11 
-1.6038431134859355e-11 
-1.7757089737242213e-11 
-1.331903565170151e-11 
-1.3808829138502823e-11 
1.1532282860668361e-11 
1.5239346753991518e-11 
-1.363593098530436e-11 
-1.6172400827603418e-11 
-1.2669352385022261e-11 
1.3512004728866506e-11 
1.1392693306189354e-11 
-1.356644581292261e-11 
1.1386947408980633e-11 
1.261187632587731e-11 
1.0704290180786796e-11 
1.2811811117745327e-11 
1.0726617217404148e-11 
1.1809687489645035e-11 
1.0659318552873956e-11 
1.0645455755368739e-11 
7.3276819468882354e-12 
9.6026438688007124e-12 
8.4045600939894766e-12 
9.7483930303176848e-12 
1.0870629215777567e-11 
8.7513148331236497e-12 
4.9940485900620321e-12 
2.0463081990356216e-11 
7.459103229575444e-12 
-2.6819303704562275e-11 
3.3016891349184461e-11 
1.1235642299924319e-10 
-6.2021247643823362e-11 
-1.2657601541009836e-10 
-2.1246760599627155e-10 
-2.9615624667681443e-10 
5.6817748063809564e-10 
-3.7762001298939018e-10 
8.6196975534370928e-10 
-1.8301717078278796e-10 
8.2395255885304611e-10 
-2.5489538436664232e-10 
3.7892125910256864e-10 
-7.9464242606127769e-10 
-1.1854527178893792e-09 
-8.2600062261918253e-10 
-2.4162658616137394e-09 
6.2879813158896984e-11 
-1.5003106337713859e-09 
-1.2494310028674669e-11 
3.2687603783206363e-10 
1.2317593016979372e-09 
4.7518266796507894e-10 
2.5208582460274591e-09 
7.0500212387129382e-09 
-6.1592893738994262e-10 
-6.7468288052322201e-09 
2.2586147351922546e-09 
-5.5601399537201213e-09 
-2.0936068480084163e-09 
4.0874125193200064e-09 
3.2752406496706651e-11 
2.6624477027598618e-09 
-3.0105585386978598e-09 
1.0060079371021952e-08 
-3.9428530888788036e-09 
-1.8970765295485911e-08 
-3.2196321123888683e-09 
1.5023023456790203e-08 
-6.0979288446237635e-09 
1.7218892482510047e-08 
9.9103710543620566e-09 
3.1874802388001026e-08 
2.2982522697458143e-08 
-3.8028570014475288e-08 
-3.5077231080616005e-08 
-2.6726312429734851e-08 
-4.1644869531244984e-08 
2.135087806465838e-08 
5.4529018165516853e-08 
8.9970982895734919e-09 
5.6084461774738737e-08 
5.4277524959531805e-09 
5.8896005953289662e-08 
-2.0523521554078289e-08 
-4.8569767048934476e-08 
4.0119283953882406e-08 
4.8630271938482882e-08 
-4.9728059390240549e-08 
-2.3582285565386668e-08 
5.7128630664538702e-08 
1.2749866954219248e-09 
-6.2191128481151724e-08 
2.4325793176588935e-08 
5.0682800818878089e-08 
-4.6764018909141916e-08 
-3.7534074601015352e-08 
6.5327067231697013e-08 
9.63098947539457e-09 
-7.3704408775739528e-08 
2.9525575287144393e-08 
6.3626355512688272e-08 
-6.3332117285825724e-08 
-3.2066131414912925e-08 
8.0238888787173657e-08 
-1.1235750404544036e-08 
-7.8123151761852769e-08 
5.3163587226902553e-08 
5.6754438829449159e-08 
-8.3553164261113093e-08 
-1.6055048236084887e-08 
9.7738667548115386e-08 
-3.9674511055850218e-08 
-8.8527682479361602e-08 
8.5904616925235486e-08 
4.9267988468836883e-08 
-1.0645850459749281e-07 
-2.0467266643532585e-09 
1.0968113280906525e-07 
-4.2100796665474541e-08 
-1.0132588654229238e-07 
7.6788893488865697e-08 
8.2548161733410023e-08 
-1.0127783948142053e-07 
-6.7241656493600334e-08 
1.1833890267773574e-07 
6.1107130125276836e-08 
-1.2679351583511803e-07 
-7.187100693195081e-08 
1.2805222852086051e-07 
9.553539106938705e-08 
-1.0885637483632204e-07 
-1.2316134647020642e-07 
6.9695043549575318e-08 
1.4764034615645519e-07 
-9.2912158384140604e-09 
-1.5231877458895808e-07 
-5.5837276245693607e-08 
1.2249166758167173e-07 
1.0761101174766998e-07 
-4.7679061247251838e-08 
-1.4057791323700798e-07 
-7.1948151909964486e-08 
1.0838815251032664e-07 
1.2237147655475617e-07 
-1.883575300925247e-08 
-1.3096287464461984e-07 
-7.041199004921931e-08 
8.664732198135818e-08 
1.1490613558931334e-07 
2.9653640204071829e-08 
-1.1398257565314805e-07 
-1.1156260415054152e-07 
9.8290306546172483e-09 
1.1520838904778018e-07 
8.3506699816044804e-08 
-5.662884968541141e-08 
-1.1272988905558378e-07 
-6.7786322049137399e-08 
8.0502562668269386e-08 
1.1227451129157254e-07 
4.7038612056608361e-08 
-8.5855590306738615e-08 
-1.0924885760374272e-07 
-1.2636346663337105e-08 
1.0515099783404374e-07 
1.1305968647742288e-07 
1.5824973210517769e-08 
-9.4376840063740355e-08 
-1.090141847565819e-07 
1.0842748772643624e-08 
1.1113057196912933e-07 
-1.123685437054261e-07 
2.4760826075211546e-08 
1.002749457047802e-07 
1.0953890909844272e-07 
-2.5944948762862478e-08 
1.181489063416118e-07 
1.0691519112009404e-07 
-5.2347578006351865e-08 
-1.0678896239883052e-07 
1.1317477512335284e-07 
-3.2227078778564938e-08 
-1.2576978053715001e-07 
-1.0894369462798317e-07 
-5.9892712580065083e-08 
-1.1441516128655061e-07 
-1.1886071672916116e-07 
-3.0745192947251699e-08 
-1.3398010870594953e-07 
-1.1749330455404183e-07 
-5.5279891376353075e-08 
-1.205578158485291e-07 
-1.2779760530802556e-07 
-1.9753792129936504e-08 
-1.3794663918492953e-07 
-1.3311399842387853e-07 
-3.6779328992048237e-08 
-1.1989238863768341e-07 
-1.4006998356377197e-07 
4.9454996336601755e-09 
-1.3291661142452774e-07 
1.494465322130395e-07 
-1.0386756375283806e-10 
1.0614303820502966e-07 
1.5076702360271555e-07 
-4.6433581679022691e-08 
1.0943583905227284e-07 
-1.5442638879977845e-07 
-4.9478000234743966e-08 
-6.8142377858448615e-08 
-1.5028465132291157e-07 
9.2897760813801137e-08 
-5.4171465031550629e-08 
1.3935006669784013e-07 
9.0356233561406678e-08 
-5.6102508786848874e-09 
1.2383886394624211e-07 
-1.1486353536961714e-07 
-2.0848976278122672e-08 
-8.9174482789593992e-08 
1.0750451573324177e-07 
6.9311841569525695e-08 
4.3479391623881519e-08 
1.0765066404645601e-07 
-6.363646901011022e-08 
-2.2882786781580725e-08 
-8.5328692986721548e-08 
8.231628255983049e-08 
3.5124343016705115e-08 
4.4477214772269085e-08 
-7.6868829327501557e-08 
-6.0281350087978422e-08 
1.0643630489370571e-08 
6.3012163813492154e-08 
5.3507225292568462e-08 
-4.6225171992040465e-08 
-1.1142770423958144e-08 
-5.7990585830967918e-08 
4.1431925065955824e-08 
-3.6639393126664709e-08 
2.1476539409711878e-08 
-4.7485974706417052e-08 
3.450433828358825e-08 
2.9612896665234413e-08 
2.324371365096146e-08 
-3.903802318262113e-08 
3.022687962114912e-08 
2.492157714890159e-08 
2.0951481906356622e-08 
-3.3045618584519591e-08 
2.7622026602950642e-08 
2.3499885912426781e-08 
1.5289750588445815e-08 
-2.8489717388061261e-08 
2.5885887237561777e-08 
-2.4223962271465133e-08 
6.2990763264155953e-09 
-2.4759783924859981e-08 
2.4560012831861499e-08 
-2.4017490709582535e-08 
3.788599117557349e-09 
-2.0788999698651739e-08 
2.3319694095155157e-08 
-2.2898998470395252e-08 
1.3837580331161877e-08 
1.4302880399805549e-08 
-2.2017719176117723e-08 
-2.15540842275515e-08 
2.1398257866794418e-08 
1.3283209583950289e-09 
-2.0276126720732122e-08 
2.0106610710321549e-08 
-2.2757480545693526e-08 
-1.6483617613009951e-08 
-1.277333068171096e-08 
1.7836273787161875e-08 
-2.2116444175678154e-08 
2.2780768340642376e-08 
-1.4132178163238265e-08 
-1.0902651185363648e-08 
2.0908023464467815e-08 
2.1420144485934976e-08 
-2.3563035023608216e-08 
1.0416379833350912e-08 
1.5506375712066437e-08 
-1.9197505788525065e-08 
2.3343940985365056e-08 
-2.3308149371023738e-08 
1.1067889003236713e-08 
9.3470867497845306e-09 
-2.1126657250201503e-08 
-2.1690587384445738e-08 
1.9738084039011073e-08 
-1.4661187957200147e-08 
-5.6439132683905109e-09 
1.7067270448179168e-08 
-1.8314352248292688e-08 
1.6542793506142617e-08 
-1.1188574700343656e-08 
4.8058728100221568e-09 
1.203017567679708e-08 
-1.4162419123436359e-08 
1.1180326936694228e-08 
-1.0073999428188378e-08 
5.976270815280148e-09 
1.5622830532868367e-09 
-1.0246677055670653e-08 
-8.7821347319868282e-09 
6.660216721796972e-09 
-6.2294604869417441e-09 
3.7821105285135378e-09 
2.6615835320944333e-09 
-6.4129032593711613e-09 
5.4537916588657666e-09 
-4.2776238709653951e-09 
4.1051996589826687e-09 
-2.8984159354430828e-09 
-3.8200270768424211e-10 
4.1737210787522549e-09 
-3.5886400789649047e-09 
2.9583778912143216e-09 
-2.8470669911640948e-09 
2.3447642627260974e-09 
-2.214146536844407e-09 
-1.0346514949908612e-09 
2.4881138950783903e-09 
-2.1612846075659138e-09 
2.083935119160352e-09 
-1.8702699996852478e-09 
1.8236743566731608e-09 
-1.156099850683328e-09 
-1.102734305123087e-09 
1.6722699394899968e-09 
-1.5823429352425553e-09 
1.5207359482745434e-09 
1.45462635108036e-09 
-1.4126517734373926e-09 
1.3686172247927422e-09 
-2.4633696525888631e-10 
-1.1531916690506872e-09 
1.2753734297313238e-09 
-1.2242124476062578e-09 
1.2426919097335364e-09 
-1.2058935663913167e-09 
1.2616591120246961e-09 
-1.201464763020765e-09 
-3.0501177120508313e-10 
9.5464520146622037e-10 
-1.1413144545054216e-09 
1.0975652617938027e-09 
-1.1879067525900285e-09 
1.1629748455686107e-09 
-1.2799648752270157e-09 
1.3013325864789798e-09 
-3.2339739478418994e-10 
-8.0088301826418034e-10 
1.1478973910506198e-09 
-1.156939242384945e-09 
1.2439365701185753e-09 
-1.2438830504690579e-09 
1.2369054363140486e-09 
-1.1889336090528014e-09 
8.87978302759238e-10 
-1.7529523470800592e-10 
-9.0166944088393372e-10 
9.9062943661552798e-10 
-9.2003015036183871e-10 
8.2295211380805109e-10 
-6.9751464441097856e-10 
6.2326879069161465e-10 
-5.0754583317026679e-10 
4.5619079757966844e-10 
-2.8709479369844759e-10 
-1.3083230207492204e-10 
4.5729273374675014e-10 
-3.8638442527208868e-10 
3.0081020308009364e-10 
-2.8149963142246819e-10 
2.30013846251182e-10 
-2.1610091468370699e-10 
1.7593254460853083e-10 
-1.7198674683121042e-10 
1.3267095957045664e-10 
-1.3133148928104247e-10 
-7.7037646619602479e-11 
1.5270881836230365e-10 
-1.186214134696821e-10 
1.1607332360195171e-10 
-1.0075340796213056e-10 
9.4891271633844061e-11 
-8.5321166685153013e-11 
7.9084266855657462e-11 
-6.79873680094982e-11 
6.7429587452265531e-11 
-5.9491754301082754e-11 
6.6303953712429227e-11 
6.6156036660222242e-12 
-5.5129268116698471e-11 
4.3196188941641349e-11 
-2.5882905257141836e-11 
3.8378025551270453e-11 
-4.1881627731374509e-11 
2.4929291998168997e-11 
9.6797200033177869e-11 
-1.4104332363016519e-10 
