436
8.1956662850988637e-12 
3.8268135516447602e-11 
3.9590938892127003e-11 
6.0633294668628781e-11 
5.178840137841543e-11 
6.7318898430869996e-11 
4.5515127153809019e-11 
5.4815574843068434e-11 
3.8635606221750054e-11 
4.2778198579843994e-11 
2.9671713953273226e-11 
3.2740250772859394e-11 
2.21040558034299e-11 
2.6174707276886685e-11 
1.9005504188594126e-11 
2.571469792061923e-11 
1.9619765762132544e-11 
2.6573113490993948e-11 
-2.0781953891482426e-11 
-2.6315056802209453e-11 
-1.9947250488570657e-11 
-2.3958157028619932e-11 
-1.7526098914425057e-11 
-2.1798586218810381e-11 
-1.6389499690827833e-11 
-2.0855366424956831e-11 
-1.7021758106451547e-11 
-2.1621487210848352e-11 
-1.776115161740741e-11 
-2.1461061860773333e-11 
-1.6858807782705948e-11 
-1.9430533994358944e-11 
-1.442413129563055e-11 
-1.538713047087127e-11 
1.2498845911281089e-11 
1.6880405913339569e-11 
-1.4749233097477126e-11 
-1.7668736061655461e-11 
-1.3415738805116302e-11 
1.4919525550290122e-11 
1.2337215223671803e-11 
-1.49810827450723e-11 
1.2379833008886123e-11 
1.4275971235007662e-11 
1.1624987524373503e-11 
1.3846678185823411e-11 
1.1385578224072236e-11 
1.319118955069894e-11 
1.1396790338407826e-11 
1.2052949721624525e-11 
8.6619324478436773e-12 
1.1067714611944281e-11 
8.840791360903402e-12 
1.116241426718361e-11 
1.1993690486924221e-11 
9.20975892055953e-12 
5.6522423851552276e-12 
2.2830285719492909e-11 
7.9856306122930002e-12 
-2.6467838715633035e-11 
3.6758076964090945e-11 
1.1312369803280843e-10 
-6.7192165584734614e-11 
-1.2165375968745626e-10 
-2.2243295438286873e-10 
-2.7805572170248823e-10 
5.7752322198563627e-10 
-3.3737553376009833e-10 
8.5432625546765706e-10 
-1.4956379974682289e-10 
7.8565905807332296e-10 
-2.561525201946509e-10 
3.1169798869654917e-10 
-7.0939491275816026e-10 
-1.2328342381953626e-09 
-6.5854515402353261e-10 
-2.3929471467600084e-09 
-5.2376572431123779e-11 
-1.4289528802873831e-09 
-5.7606810297493778e-11 
4.180893620747663e-10 
1.0791658160292728e-09 
9.4428765068881044e-11 
1.827933500255592e-09 
5.3966022213886722e-09 
2.2374799783030617e-10 
-5.1755096764288163e-09 
2.2078503404503658e-09 
-4.2139649914303478e-09 
-1.5752849426157799e-09 
3.6461396478158952e-09 
-9.7336261611984384e-13 
2.4781574429836626e-09 
-1.9735671293996411e-09 
6.9877906874472039e-09 
-2.0322510337438858e-09 
-1.1600618275894248e-08 
-4.192906625431978e-09 
8.599245670375511e-09 
-6.2484576119555336e-09 
1.0041748737608052e-08 
9.7104663393926539e-09 
1.8924660682104839e-08 
2.0132731856600028e-08 
-2.2045645798526544e-08 
-2.8530318568220558e-08 
-1.425575689709838e-08 
-3.2360579019225989e-08 
9.706282208078365e-09 
4.0947372838610669e-08 
9.0114732159212652e-10 
4.0663138643077561e-08 
9.9924296280806401e-09 
4.1314331157842093e-08 
-2.0059093376552134e-08 
-3.2456545068875645e-08 
3.3925409313721703e-08 
3.0792931056740591e-08 
-3.9351497957456777e-08 
-1.2431892428959797e-08 
4.2410146976344723e-08 
-5.5845979646457622e-09 
-4.4147524673960736e-08 
2.4250992154080816e-08 
3.3677821323526952e-08 
-3.9624532115052401e-08 
-2.193228682981014e-08 
5.1640742264687972e-08 
-2.6485802490841006e-10 
-5.5333922098795752e-08 
2.9862356993132433e-08 
4.4390552305852208e-08 
-5.3331412975496249e-08 
-1.7053913453599997e-08 
6.3046913840261631e-08 
-1.7591398680674554e-08 
-5.7804224230877218e-08 
4.9354451473181835e-08 
3.7612848160334018e-08 
-7.0766990686453121e-08 
-2.9391610321197771e-09 
7.8794669455905414e-08 
-4.1619747467631995e-08 
-6.6819193770170752e-08 
7.6605748034985694e-08 
3.1206314092854547e-08 
-9.0156406961162227e-08 
8.8567108593232015e-09 
8.9373966132902089e-08 
-4.5084793661844486e-08 
-7.9093735203541142e-08 
7.3239171063420781e-08 
6.113507338434767e-08 
-9.3236800558308736e-08 
-4.6770865996335986e-08 
1.0819992389204314e-07 
4.1039773548078763e-08 
-1.1711819887839279e-07 
-5.1301450094942568e-08 
1.2107994032218165e-07 
7.4195398177062032e-08 
-1.0750444005489593e-07 
-1.0261885344227595e-07 
7.5317050523167195e-08 
1.2952985653921236e-07 
-2.2100818948517118e-08 
-1.3990476194647958e-07 
-3.8515712561967966e-08 
1.1904967569346751e-07 
8.9407392405442889e-08 
-5.5521205129862387e-08 
-1.257237000725791e-07 
-5.5168369484832755e-08 
1.0658390068207825e-07 
1.0635374045247597e-07 
-2.8761657750408649e-08 
-1.2037142114985766e-07 
-5.4754190677009999e-08 
8.6876462517671053e-08 
9.9839230826137993e-08 
1.6809913317512979e-08 
-1.0678539843835688e-07 
-9.7256512024899564e-08 
1.8136771819401054e-08 
1.056178972378522e-07 
6.8911266666024388e-08 
-5.7888243739474344e-08 
-9.9662151570810938e-08 
-5.4687137177571073e-08 
7.6763669689935085e-08 
1.0024631805974003e-07 
3.6399957950098333e-08 
-7.9924901581854931e-08 
-9.5928886647973556e-08 
-6.7173145231901268e-09 
9.5064366056048131e-08 
1.0039529254979103e-07 
1.0842023646225061e-08 
-8.5691759333789397e-08 
-9.6610134943534894e-08 
1.1543597735438154e-08 
1.0015858043096023e-07 
-1.0075462837297435e-07 
2.3010697689367223e-08 
9.0635428894572481e-08 
9.9196069573517044e-08 
-2.3017482096911503e-08 
1.07117034501435e-07 
9.828101329808483e-08 
-4.648828468880267e-08 
-9.6782404445959176e-08 
1.0504937168587797e-07 
-2.7340662908880723e-08 
-1.1498141673190557e-07 
-1.0260430035473449e-07 
-5.2623136521938186e-08 
-1.0419150006338893e-07 
-1.1253037946963525e-07 
-2.4876888242708482e-08 
-1.2339546631123243e-07 
-1.124548775002622e-07 
-4.762741947836609e-08 
-1.1021547880813514e-07 
-1.2252966225289748e-07 
-1.3604392965896796e-08 
-1.274261393478895e-07 
-1.281272128116155e-07 
-2.9348765300160569e-08 
-1.0939126937213178e-07 
-1.3483007865380939e-07 
1.0621340896563558e-08 
-1.22178631767825e-07 
1.4332492463742645e-07 
6.2674312447185975e-09 
9.5407485006288585e-08 
1.4447277634344302e-07 
-5.0364678256906606e-08 
9.8384673679950294e-08 
-1.4641943749838882e-07 
-5.3499651582323366e-08 
-5.7635150524706875e-08 
-1.4197720819520164e-07 
9.3311459237010107e-08 
-4.3742519991911281e-08 
1.2901989997978686e-07 
9.0794529583895636e-08 
-1.3401478760305473e-08 
1.1248101240895271e-07 
-1.1103148534759362e-07 
-2.7817653850065921e-08 
-7.677959626422672e-08 
1.0353406002381197e-07 
7.1145380684758463e-08 
3.1666568286193384e-08 
9.8809023272457305e-08 
-6.5721351289268435e-08 
-3.0214074147357335e-08 
-7.3212067292376979e-08 
7.9035962191235623e-08 
4.0939015408657751e-08 
3.139861266845504e-08 
-7.2501215208334908e-08 
-6.0392743411099749e-08 
2.008616685769677e-08 
5.1217376669426829e-08 
5.4130994959665322e-08 
-4.8452238379431128e-08 
1.4671350371780988e-09 
-5.0123629387130814e-08 
4.4105763535486274e-08 
-4.0551251326395088e-08 
7.75001153298703e-09 
-4.3108787591424431e-08 
3.8402729383920171e-08 
3.5226456379756959e-08 
9.7115994813206232e-09 
-3.6668491964768259e-08 
3.4851384200396946e-08 
3.2137785078784361e-08 
8.0957124151352888e-09 
-3.1659453514546259e-08 
3.2657168377376352e-08 
3.1249433436778263e-08 
2.6609144252683918e-09 
-2.7422889482955728e-08 
3.0940517952336289e-08 
-3.0950092996842932e-08 
-7.0700724828240253e-09 
-2.3408200225978445e-08 
2.9436700829050677e-08 
-2.9352413067878014e-08 
1.7965232409271606e-08 
-1.8284526966402785e-08 
2.7835794843529208e-08 
-2.7343799527048995e-08 
2.7915950957855807e-08 
8.6575703264161543e-09 
-2.5984943227800454e-08 
-2.5311709007825193e-08 
3.3035144810093176e-08 
-9.6953591526949607e-09 
-2.307301196888959e-08 
2.3145954228418177e-08 
-3.1406820186959064e-08 
-3.0828902614699386e-08 
-9.7428526499930402e-09 
1.9405508280862282e-08 
-2.9137482332347366e-08 
3.1086138474048939e-08 
-2.8092529627759282e-08 
-7.9151388219907319e-09 
2.6502644902894365e-08 
2.7740695633064777e-08 
-3.5875838437705286e-08 
2.2729695640019899e-08 
1.6590763378676624e-08 
-2.3468003110773543e-08 
3.2981454994252953e-08 
-3.4588898244275329e-08 
2.2717869494698389e-08 
6.8850532580868995e-09 
-2.8070803355687095e-08 
-3.0212113351057853e-08 
3.1068013895822612e-08 
-2.579274887415215e-08 
-1.5401177076927143e-09 
2.1011256937509696e-08 
-2.7142468202861882e-08 
2.5371602168972369e-08 
-2.0363551193207817e-08 
1.2641467800389282e-08 
1.2709492092623135e-08 
-1.9843350494538085e-08 
1.8475901136248847e-08 
-1.7000355340427475e-08 
1.308591362092505e-08 
-3.8769233414941672e-09 
-1.3119710710022211e-08 
-1.3548297751297878e-08 
1.2395413987068359e-08 
-1.1552072602573211e-08 
9.7790277962100867e-09 
-1.949047941163537e-09 
-9.3333976359421004e-09 
9.215193491775314e-09 
-8.8971848929729795e-09 
8.3992047230536183e-09 
-7.9923518810035915e-09 
5.1634679384413809e-09 
5.2125749499394465e-09 
-6.4367888339984588e-09 
6.9147937115627986e-09 
-6.3946405955547892e-09 
6.7163031843349547e-09 
-6.4460009032257684e-09 
3.5954196168838956e-09 
4.2639578944978187e-09 
-5.5743064220287338e-09 
5.1769652215668463e-09 
-5.6150175719440263e-09 
5.2678665237590906e-09 
-6.6546561211041702e-09 
1.3365971611171243e-09 
4.6627688336004967e-09 
-4.1758867982311429e-09 
4.9497112249515039e-09 
4.5228919869109245e-09 
-5.4211258087901743e-09 
5.3254644879298456e-09 
-5.1892064586827815e-09 
-2.5164769112928143e-09 
4.3892568484440812e-09 
-4.1057615293991063e-09 
4.7799605244913425e-09 
-4.5647299110382602e-09 
5.7087793872035623e-09 
-7.0333657291957979e-09 
1.4783994255446031e-09 
2.895218252651621e-09 
-4.6094844502205097e-09 
4.3476643849033004e-09 
-5.2705412763289487e-09 
5.1170817396587071e-09 
-6.3917635898300139e-09 
7.0387951521430325e-09 
-3.9263222418073245e-09 
-2.5685381285114579e-09 
5.1706202800724135e-09 
-5.3116744630538567e-09 
6.1880862378052732e-09 
-6.2817710576759873e-09 
6.7499978121238797e-09 
-6.704685024089737e-09 
5.8666644738833325e-09 
-2.6054454939618559e-09 
-3.9265003055907323e-09 
5.0063352630037388e-09 
-5.3032092255224486e-09 
4.839042246235634e-09 
-4.4654757076529278e-09 
3.9939978229495191e-09 
-3.6088040653846824e-09 
3.2564950211788339e-09 
-2.7474073217521366e-09 
6.8217713983494686e-10 
2.5242571617889153e-09 
-2.5519522548749091e-09 
2.3349027647244691e-09 
-2.2272380166779915e-09 
2.0211423201184848e-09 
-1.9919636614741049e-09 
1.8371026152375071e-09 
-1.8029427332600879e-09 
1.6699910822353394e-09 
-1.683488769267727e-09 
8.4118573568983461e-10 
1.1395414628196791e-09 
-1.5347271513893421e-09 
1.2808756294561581e-09 
-1.4361166897253228e-09 
1.2321944336473706e-09 
-1.3829941087902414e-09 
1.2052498112356899e-09 
-1.4171547247139449e-09 
1.2060941075948194e-09 
-1.4839789016657692e-09 
1.2287451114965313e-09 
1.0271681973751846e-09 
-8.5984884994445082e-10 
1.2618472113656451e-09 
-1.451737482303389e-09 
1.3556301031861571e-09 
-1.3566405820626967e-09 
1.5433248318766197e-09 
-3.1553338775024584e-09 
4.0062048694782518e-09 
