275
1.255429592578698e-07 
4.1144569391253553e-07 
2.4063922381207431e-07 
2.55307131872989e-07 
1.1392737575311897e-07 
1.3292946008279309e-07 
3.1225940969279269e-08 
5.498577851895852e-08 
-4.2124268075645319e-10 
2.4560857902823578e-08 
-8.599529240296717e-09 
1.6956895325262274e-08 
-7.2177252279796983e-09 
1.5516819369941538e-08 
-4.5126801631804748e-09 
1.5594085217475724e-08 
-2.081529326812125e-09 
1.4897911698175832e-08 
1.7253127562973179e-09 
-1.2787162629155552e-08 
2.1981692598564379e-09 
-1.090772313520371e-08 
2.6382725374268371e-09 
-9.4276040673937757e-09 
2.668749714771098e-09 
-8.0962706160894442e-09 
2.8006898332047719e-09 
-7.7138901997699133e-09 
2.7167129033121432e-09 
-7.5031690861551426e-09 
2.5564879721426323e-09 
-7.1950503981337701e-09 
2.1926206562220141e-09 
-6.0321057291780604e-09 
-1.843786216607047e-09 
6.7180358112738084e-09 
1.9186748822230373e-09 
-7.1628315331061936e-09 
1.3706413072853276e-09 
6.4045429636689992e-09 
-1.0618328357566456e-09 
-6.7759091942742465e-09 
-7.9807163411219869e-10 
6.7456055494787716e-09 
-5.5674938444459208e-10 
6.3168574949628296e-09 
-4.0242628132996198e-10 
6.1697240267908784e-09 
-3.3473056938181282e-10 
6.3098350142087372e-09 
-3.2981740310568415e-10 
5.4691617934223966e-09 
-2.6029672826622916e-10 
5.8334651607293939e-09 
-1.3925903104495492e-10 
5.4776548867134638e-09 
-1.1919102801357068e-10 
5.4071403970711521e-09 
-1.7862031478730582e-10 
5.3355714066649694e-09 
-2.4447255922429506e-11 
4.2380977239847563e-09 
-1.1662118219881796e-10 
5.3102985382012431e-09 
-1.9833280686005624e-10 
-5.0382057464405297e-09 
5.297324490896001e-10 
3.9794590673927176e-09 
9.1139367092862233e-10 
-5.0837766825841566e-09 
8.5805011049262372e-10 
-5.1453682220422811e-09 
6.2168510248100266e-10 
3.4986767862201628e-09 
-1.1820638269014421e-09 
-5.2067916733653191e-09 
-2.3372767401242847e-09 
-4.3008503668127009e-09 
-1.8163903058084485e-09 
4.1601044907876886e-09 
4.7837242839939305e-10 
-2.6436656070235617e-09 
1.0937477804807383e-09 
8.4684416581122954e-09 
9.4323847196994667e-09 
3.3746855008879745e-11 
-9.7659709699635535e-09 
-2.384672449513316e-09 
-7.9203436737237338e-09 
-5.5943739482723187e-09 
4.9550670221409154e-09 
4.1895333008771819e-09 
2.2462711909475049e-09 
-1.8810656688435746e-09 
1.5865995527774847e-08 
-1.5155306442847186e-08 
-3.3751938313529414e-08 
1.3090223538904637e-09 
2.9533930334753885e-08 
2.907514967848679e-09 
3.3440831790940576e-08 
7.6197419257719636e-09 
6.3747045395514186e-08 
1.466044451701336e-08 
-7.6735503085404628e-08 
-4.2704414921103089e-08 
-5.9834553050754902e-08 
-4.8716529210478996e-08 
5.4478660035675226e-08 
8.0226082199318922e-08 
3.6742870390819644e-08 
7.9452942518119113e-08 
-1.591438352334234e-08 
9.7727781064141993e-08 
-1.0344816686801813e-08 
-7.8487396500225631e-08 
4.2502515029958928e-08 
9.4623982989590831e-08 
-6.1393249470517567e-08 
-4.8434184778422373e-08 
8.344727007991329e-08 
3.0047615970510041e-08 
-9.5784247518414963e-08 
1.8722965054114705e-08 
8.8511212006168391e-08 
-4.6716858414086736e-08 
-7.504504200844856e-08 
8.9985423854373117e-08 
4.0096749056801461e-08 
-1.0120940535547493e-07 
1.7609949398500256e-08 
1.0806152666002346e-07 
-7.1210376149964233e-08 
-6.3920556093759451e-08 
1.0893193602048787e-07 
1.7859367440763122e-08 
-1.1419396912734985e-07 
5.319244970985056e-08 
9.8673001972836772e-08 
-9.1734963456039752e-08 
-4.9829226552144794e-08 
1.317983832983076e-07 
-2.1775548849317697e-08 
-1.2266122505329585e-07 
9.296894893168685e-08 
9.3948875288344917e-08 
-1.242505607056081e-07 
-2.6656517122813802e-08 
1.428734117429093e-07 
-1.8259371491805475e-08 
-1.3753215576259787e-07 
7.5925140494383199e-08 
1.2323790726951044e-07 
-9.5685632533143715e-08 
-1.0553232362596013e-07 
1.3006178346239851e-07 
1.0095721082461857e-07 
-1.240834713646105e-07 
-1.0867315622694749e-07 
1.3555145035186224e-07 
1.3446210466306968e-07 
-9.1887575628395217e-08 
-1.548836545731276e-07 
5.8252905467249339e-08 
1.7671925149587884e-07 
2.8074060982020488e-08 
-1.6214267455392234e-07 
-8.2185282456182162e-08 
1.2528079252674047e-07 
1.4585133246370725e-07 
-2.0392758693392551e-08 
-1.5459465218863535e-07 
-1.0082149968166318e-07 
1.1378414255835722e-07 
1.5007163616499561e-07 
1.4331272576171164e-08 
-1.4061358575559677e-07 
-9.1473840505480786e-08 
8.8046100685559111e-08 
1.4719702015425178e-07 
6.2364180066948829e-08 
-1.1274485983331878e-07 
-1.3316774922247263e-07 
3.2821088385825931e-09 
1.3313518144402375e-07 
1.1972253133157357e-07 
-4.1937197553677631e-08 
-1.2751632010898973e-07 
-8.4181356921636776e-08 
9.5723395356636439e-08 
1.353690483738847e-07 
8.0558145780960006e-08 
-8.8194338460690047e-08 
-1.2397036723315603e-07 
-1.2673724668087301e-08 
1.3010371622624172e-07 
1.3990314485469626e-07 
3.9854041484668663e-08 
-1.0443366132978968e-07 
-1.1967583571317678e-07 
2.043742399330332e-08 
1.3816734365426286e-07 
-1.433156432628234e-07 
1.4573219461587352e-08 
1.1291427300466166e-07 
1.1461471362051552e-07 
-4.108572365441509e-08 
1.4652140214648031e-07 
1.3647826891394493e-07 
-5.2695212436907083e-08 
-1.1996193612774165e-07 
1.1424553419200812e-07 
-5.0380442658110878e-08 
-1.5472770271329207e-07 
-1.3575963623340339e-07 
-6.4803999748028837e-08 
-1.2766410879515601e-07 
-1.1823582311476985e-07 
-5.0224568564782229e-08 
-1.6273381771855653e-07 
-1.4123961511041921e-07 
-6.2142189572122143e-08 
-1.3446483467171241e-07 
-1.2884262794366269e-07 
-3.9068264250569579e-08 
-1.6552282166856417e-07 
-1.5452735005175466e-07 
-4.5105517897595853e-08 
-1.354630852885568e-07 
-1.4682936695078988e-07 
-9.9025975906286196e-09 
-1.5817605194831953e-07 
1.6977155843245723e-07 
-8.9644411380520188e-09 
1.2527216236369225e-07 
1.6685703504184117e-07 
-4.12935254454157e-08 
1.3092394289230772e-07 
-1.7402281411401549e-07 
-4.2707811738221907e-08 
-9.1410692049952741e-08 
-1.7682110910184048e-07 
1.0186856280447466e-07 
-6.7572165699174156e-08 
1.5843500465557734e-07 
9.0394195705489376e-08 
1.33676466788921e-08 
1.5972835901256485e-07 
-1.3709001003414414e-07 
-1.6556169844032654e-08 
-1.0807218869406945e-07 
1.2079532385394193e-07 
6.9320569713277777e-08 
6.6735665111078523e-08 
1.3371747331955319e-07 
-6.3901627888444357e-08 
-1.0904443998493683e-08 
-1.2501676453503636e-07 
1.0330913991817396e-07 
4.1484019892427301e-08 
4.7958801713925299e-08 
-8.3236949996663958e-08 
-6.10418483168878e-08 
-1.4112868445562301e-08 
1.0919756327832012e-07 
5.8092890801058276e-08 
-5.1799050877200491e-08 
-4.8541545782339426e-08 
-1.0885377178094106e-07 
5.6171017918922926e-08 
-4.9295859947530096e-08 
7.4932358994901025e-08 
-8.8413559631914771e-08 
7.6589827777549902e-08 
1.1107784647306285e-07 
