436
-5.7563430596655614e-11 
-1.3754964792054502e-10 
7.8947688231464955e-11 
5.6576293223263956e-11 
8.3599355846450312e-11 
4.8298212057050271e-11 
3.2910849511916501e-11 
3.8257687839459302e-11 
2.7692773889466429e-11 
2.1223242306857553e-11 
1.424372897022923e-11 
1.4155687869740027e-11 
7.3483975943055642e-12 
6.8790121143667441e-12 
3.3346000080824803e-12 
1.1685349710444391e-11 
8.2370870178374171e-12 
1.4214207815912765e-11 
-1.0308456346237883e-11 
-1.7919022120400738e-11 
-9.3908665547113368e-12 
-9.5959495956830905e-12 
-3.859051059453592e-12 
-8.822837621443389e-12 
-3.0486270519853046e-12 
-9.6128875127990553e-12 
-6.654020271244197e-12 
-1.3251467875944947e-11 
-9.1073991315736351e-12 
-1.2750573794074407e-11 
-5.9413687193281763e-12 
-8.6517453377345674e-12 
-3.0469376986266013e-12 
-4.8787879536824935e-12 
3.5039017552104606e-12 
7.7961470593584213e-12 
-2.7461142294590802e-12 
-8.9538147916795523e-12 
-7.2817019576350433e-12 
7.02007707232677e-12 
7.6887275892058008e-13 
-8.5192921236490115e-12 
4.41413181639436e-12 
4.1335895433836381e-12 
8.0346740349832536e-13 
9.7598563177570521e-12 
5.5289366151252973e-12 
3.3781731590703231e-12 
3.8012421294999737e-12 
1.0658713346836628e-11 
-4.7306399790331789e-12 
-6.4286327773287637e-12 
1.3484540313339449e-11 
1.2558459384193786e-11 
-1.7042001726217673e-11 
6.3648368624438523e-12 
2.2362482185311953e-11 
-1.3471523514494661e-12 
-1.790086852864018e-11 
-8.0326385135718321e-13 
1.1348618358948103e-11 
5.4126668961707458e-11 
-1.0323863920855975e-11 
-8.9444516871624509e-11 
-7.1069631437150795e-11 
-2.550145120396554e-10 
2.6043612552725608e-10 
-3.959241902660091e-10 
4.9766483380798636e-10 
-3.0002331246344899e-10 
6.2981328566099442e-10 
-2.1434700522916696e-11 
5.9110293961053051e-10 
-6.4142655754254825e-10 
-1.8635588567518221e-10 
-1.1828135436574099e-09 
-1.0248509304619213e-09 
8.2304234838092734e-10 
-6.4725689414508394e-10 
1.0286792513285554e-09 
4.6410492153121665e-10 
3.2718652905900342e-09 
9.9077873247400425e-10 
1.214527110902434e-08 
1.1949689546735689e-08 
-1.7073597417224589e-08 
-1.4661067738493723e-08 
-7.1132844164477927e-09 
-1.3668420854439873e-08 
-1.0351461913009318e-09 
6.6554041609846695e-10 
1.3917479367109407e-09 
-7.202134233193898e-09 
-2.6307901269305468e-08 
8.5719314178885949e-09 
-8.9567077421758561e-08 
-4.7634601813427409e-08 
1.1121800962035239e-07 
5.1635874143029685e-08 
7.9791725473341161e-08 
7.5420827401080972e-08 
-1.2267435987241549e-07 
1.6561447183568745e-07 
-1.6125516621408632e-07 
-2.2688244527852056e-07 
1.112329346264671e-07 
-2.120495918702165e-07 
3.884512450161462e-08 
2.4924895917447197e-07 
2.4683976630802023e-08 
2.3875577043168691e-07 
9.1497659831338324e-08 
-2.2947554428606446e-07 
1.5537488771798429e-07 
1.6178865691290367e-07 
-2.0153890980165824e-07 
-1.0192340616008247e-07 
2.841496581001133e-07 
1.3055360626974776e-08 
-2.3534669281194539e-07 
9.8744387376871443e-08 
2.3279406586156182e-07 
-1.837082153127594e-07 
-1.5672030675102662e-07 
2.3620778229458077e-07 
5.6871933394414225e-08 
-2.8359889141557604e-07 
5.3290854593204381e-08 
2.644891424816364e-07 
-1.6569397071078407e-07 
-1.6616145093566708e-07 
2.5370505544132536e-07 
8.8549941357192027e-09 
-2.7999936411979056e-07 
1.3337288048345075e-07 
2.1537901512799516e-07 
-2.3692825526301767e-07 
-9.0997802246941446e-08 
2.8870523378163159e-07 
-5.14424497514289e-08 
-2.6696970729126087e-07 
1.7724168590545171e-07 
1.4547305229260547e-07 
-2.8079634998323756e-07 
1.7992061879501702e-08 
2.9513335040557377e-07 
-1.4687700123091693e-07 
-2.3124991726302173e-07 
2.3778276846641476e-07 
1.3203057453090836e-07 
-2.9825144075091932e-07 
-3.4445019031767022e-08 
3.1125990681196899e-07 
-4.5503829116522356e-08 
-3.0657445082266521e-07 
9.5900773662357295e-08 
2.9885194473774782e-07 
-1.1296168597894706e-07 
-3.0398422884649512e-07 
9.8870381938855584e-08 
3.2126934527110589e-07 
-3.9572358344240258e-08 
-3.2473313820100888e-07 
-4.8507371302641214e-08 
3.1249827871163031e-07 
1.5914670448526311e-07 
-2.5563861851978123e-07 
-2.521803842136685e-07 
1.4127746971355483e-07 
3.0402152665055034e-07 
3.7143660994378215e-08 
-3.0224625603473615e-07 
-2.4606213061211537e-07 
1.4577542050859949e-07 
2.97533135948986e-07 
5.756609673867159e-08 
-2.684324996759264e-07 
-2.1820515967132884e-07 
1.3562017964712246e-07 
2.7915246852544552e-07 
1.1509441172709836e-07 
-2.3769653055755708e-07 
-2.620848189383722e-07 
-3.1327224566941079e-09 
2.5568456482951473e-07 
1.924399493438946e-07 
-1.2840117210002398e-07 
-2.5095543887103891e-07 
-1.3280697588661445e-07 
1.9524556766248743e-07 
2.4380724654572959e-07 
5.9462888775425091e-08 
-2.1069425813892511e-07 
-2.0692098114728779e-07 
3.9510187009175237e-08 
2.2943682443284785e-07 
2.0617843711246465e-07 
-5.1279853931543968e-08 
-2.1554554210933286e-07 
-1.5235794405191605e-07 
1.1228416242724118e-07 
2.0944391285268131e-07 
-1.3421585077761383e-07 
1.3819070646888506e-07 
2.024739761747892e-07 
9.826180266644582e-08 
-1.427562895168328e-07 
1.8947360822320875e-07 
6.3771588155001799e-08 
-1.6599844994044325e-07 
-1.8668620204808672e-07 
6.0613731429417705e-08 
-1.4701611758287365e-07 
-1.7131551082743943e-07 
-3.1402770815445692e-08 
-1.6255036422036582e-07 
-1.7170636138057651e-07 
-3.8919155101707917e-08 
-1.4014651385157347e-07 
-1.5682415881950802e-07 
-2.271758997951117e-08 
-1.5016658481989621e-07 
-1.5895418946697057e-07 
-3.169322141029233e-08 
-1.2630715351050294e-07 
-1.4619238580821841e-07 
-3.1277108824492796e-08 
-1.3215313481573036e-07 
-1.4771907494637763e-07 
-3.7053915104163134e-08 
-1.0530885030567568e-07 
-1.384324248092173e-07 
5.0186828310437234e-08 
-1.0599504952319994e-07 
1.3695835777530786e-07 
5.0349331071473262e-08 
7.3673247668003848e-08 
1.3031708874173705e-07 
-6.8896615854178403e-08 
7.0481935641374232e-08 
-1.2220604320111919e-07 
-6.6631062072951887e-08 
-3.2441122874758511e-08 
-1.1515337122672979e-07 
8.3801521036451276e-08 
-3.316929117082316e-08 
9.1846513840297456e-08 
8.8608443150861585e-08 
-3.3801669191675819e-09 
8.2395991566881511e-08 
-9.6987335683449105e-08 
3.9783954730198355e-10 
-4.6060306710655761e-08 
9.7009371643881797e-08 
3.7414905635888559e-08 
4.8166545727184112e-08 
7.6696592581242205e-08 
-6.5263938114403878e-08 
-1.4684664338928548e-08 
-6.776338050656649e-08 
8.0227128263088138e-08 
1.0532201521652128e-08 
3.8850679603478267e-08 
-7.7843541263182555e-08 
4.2942265752182863e-08 
-4.2438942352611043e-08 
5.0220937874364173e-08 
-7.56256742046781e-08 
-4.4156228526730319e-09 
-5.217686948563413e-08 
5.6720437138954244e-08 
6.1938527930999338e-08 
2.0158563221077649e-08 
-5.6129519181956576e-08 
-6.1027246359186995e-08 
4.5819830929900941e-08 
3.1630720123619705e-08 
-5.7565078206167612e-08 
-6.3444046797034819e-08 
3.2109616433750079e-08 
3.6597640115302246e-08 
-5.7593572872117261e-08 
-6.2888449125734207e-08 
2.6415669715049164e-08 
3.8055585095505463e-08 
-5.6676235091270668e-08 
5.970097475524013e-08 
3.1442049366342276e-08 
3.7036406558682906e-08 
-5.5234298433755764e-08 
5.5923544737896609e-08 
-4.0882848413750608e-08 
3.265757167464543e-08 
-5.3572460062586622e-08 
5.3084774637697777e-08 
-5.1941226829272553e-08 
-1.9958150026032347e-08 
5.1509387532105756e-08 
5.0825592552712944e-08 
-5.9502401729487622e-08 
7.8815078475938012e-09 
4.8122935860896371e-08 
-4.845529996109658e-08 
5.8086023614948943e-08 
4.4840256415235197e-08 
2.9751551907755558e-08 
-4.4079973228420768e-08 
5.5335151472282619e-08 
-5.6680536572741399e-08 
3.3064399206194702e-08 
2.9282651459824054e-08 
-5.2336815648628884e-08 
-5.3242333322374729e-08 
5.4602730466577229e-08 
-1.8205520785814104e-08 
-4.1346657384554724e-08 
4.8565762167380688e-08 
-5.4091668935703492e-08 
5.1320082861720716e-08 
-1.6114666266856759e-08 
-2.9626359002066011e-08 
4.9556720334121842e-08 
4.8267765830020132e-08 
-3.7672945204370351e-08 
2.2719807893301929e-08 
2.3016109971586122e-08 
-4.0982547682434595e-08 
3.5157502966229061e-08 
-2.9243051989343067e-08 
1.3027383927482232e-08 
2.708361147540265e-09 
-3.1527699493378589e-08 
2.6426065797892813e-08 
-1.4269516162141481e-08 
1.1418198232761203e-08 
2.9593737065361442e-10 
-1.6104773163989441e-08 
1.9375369406677735e-08 
1.0639601150767995e-08 
-2.7948125473105506e-09 
2.075437240292222e-09 
5.452839929131844e-09 
-1.6496267606815515e-08 
6.7355617122884934e-09 
-2.2348856141421834e-09 
-2.6775979807660197e-09 
2.6192600644180198e-09 
-7.0920256245564412e-09 
1.3354386386898795e-08 
-3.8597687930161838e-09 
-1.7037100321258222e-09 
5.3185374426439111e-09 
-5.0298617872218826e-09 
7.5640083342377485e-09 
-7.7493057674912331e-09 
1.0416187852448517e-08 
2.6317285293331946e-09 
-6.6145627378945124e-09 
6.2421248211011779e-09 
-7.8532755557865951e-09 
7.4473007433013578e-09 
-1.099748586602213e-08 
3.3695856903861728e-09 
7.0534431192165192e-09 
-6.6489863263568929e-09 
8.0229712483529825e-09 
7.6789328889635368e-09 
-9.0752546490452709e-09 
9.1197627406912018e-09 
-7.2951779223569621e-09 
-5.2562304718736265e-09 
8.1260192290129056e-09 
-7.77957947239928e-09 
8.7757722668268799e-09 
-8.5020754862931225e-09 
9.892072945165415e-09 
-1.0532540363868565e-08 
-4.3889628517401031e-10 
6.7833036160329277e-09 
-8.7903590525048823e-09 
8.6071304941417638e-09 
-9.5107779934273754e-09 
9.4389135483779558e-09 
-1.046775907080031e-08 
1.0723521230333909e-08 
-2.5900833395416086e-09 
-6.669017438553606e-09 
9.5109335310680388e-09 
-9.5148730218964837e-09 
1.0144280804878977e-08 
-1.0007507986016743e-08 
9.7036023165518007e-09 
-9.0476787779637856e-09 
6.1668731519886241e-09 
-1.0058380236515104e-10 
-7.5689617223370968e-09 
7.7794994102116639e-09 
-6.5491703216293033e-09 
5.7220973893834449e-09 
-4.3616243274020351e-09 
3.8234942373314842e-09 
-2.6122345694679827e-09 
2.2765497171310514e-09 
-5.6622281590341974e-10 
-2.4603429367633805e-09 
2.9475119167714381e-09 
-1.8756476628798766e-09 
9.9171659745564219e-10 
-7.7514597173775395e-10 
3.399741281072733e-10 
-1.3109862412648646e-10 
-1.9869863678673294e-10 
2.8857766175114484e-10 
-6.1090954474433869e-10 
7.0388511303201696e-10 
-1.7470917101565247e-09 
8.2466778466140679e-11 
7.6706705327258449e-10 
-5.6217562359356452e-10 
9.2510732230423917e-10 
-7.8711856846120563e-10 
1.0781621076575006e-09 
-9.6303345016763435e-10 
1.3267338573915873e-09 
-1.1230515783143335e-09 
1.5245990725570699e-09 
-1.2138530267279896e-09 
-1.1054131395376792e-09 
9.0210577842490834e-10 
-1.4657378624380978e-09 
1.8309702126189236e-09 
-1.6611166606227528e-09 
1.6688392217553075e-09 
-2.0183717353661493e-09 
4.734850907291413e-09 
-6.0905297334640809e-09 
