170
-5.4166242647973819e-07 
-7.7174715696123175e-07 
-6.3516752115608202e-07 
6.0943929982628337e-07 
-8.4541578589170035e-07 
-9.25956519462547e-08 
2.9622805190315118e-07 
-9.9195651155736175e-07 
5.3425199797926257e-07 
-5.5345936549183323e-07 
-1.309133481220094e-07 
-2.7557739921297299e-08 
-2.4669773602831446e-07 
-3.021892176509777e-07 
1.4163498780215306e-07 
-5.8815328312896953e-07 
1.9900622077371915e-07 
-3.7061370361777527e-07 
3.5508039809766209e-08 
1.8376983763209892e-07 
4.8001445065587965e-08 
2.6856393376219057e-07 
-9.7365085659093359e-08 
3.1939414189707522e-07 
-9.2712543702450989e-08 
1.87322923078139e-07 
2.8685563303607842e-08 
7.1314995716517659e-08 
5.8029153089907699e-08 
1.2444502677222542e-07 
-5.2051766551833171e-08 
1.8515704669671345e-07 
-7.8592024707021539e-08 
1.411934288398031e-07 
5.2367871315931998e-08 
-1.1986992991607191e-07 
-6.3596447036081065e-08 
1.4003847520254601e-07 
-1.1451242602791421e-07 
-1.797296447284281e-07 
1.635606687596366e-07 
1.776382490812636e-07 
1.5304541130887939e-07 
-1.0691893339217168e-07 
1.1434153034874658e-07 
-1.0451623656404577e-07 
1.5267072969001416e-07 
-9.6592218253929406e-08 
1.4162322468851699e-07 
-3.985955812232098e-08 
8.7839292290047583e-08 
1.9580791896824804e-08 
4.9042361016911843e-08 
7.9482303782221888e-08 
9.1876924884317076e-09 
1.0117817979446362e-07 
-4.0777025624584026e-09 
1.3134954310007073e-07 
-2.6955244276609862e-08 
1.7751983683436769e-07 
-6.7232409709969931e-08 
1.5558768401090726e-07 
-9.1371906297848875e-08 
2.018386874877102e-07 
1.0127593905797425e-07 
-1.5000537482025954e-07 
7.5423432169460752e-08 
1.2861099249299179e-07 
-7.5412531781997898e-08 
-1.168169336148723e-07 
5.3739475554173958e-08 
-8.1439199045033658e-08 
-7.7489785970709768e-09 
3.8986844827059553e-08 
-2.2213908165155182e-08 
-2.9334441606153191e-09 
4.7662870753757447e-08 
1.0772617778046256e-08 
-5.5231789092942414e-08 
-1.3821655007392082e-08 
6.6262073424523015e-08 
4.4910013756118145e-08 
8.5036817243528107e-08 
-4.1458714458598053e-08 
-3.6658258599735014e-08 
-6.0822334350200869e-08 
-7.3480691405362227e-08 
1.8669986515489161e-08 
2.0807281289679828e-08 
4.2779953518501966e-08 
1.833889539372153e-08 
-4.8478086715394875e-08 
-3.6333667012401968e-08 
-9.4132446650419e-08 
3.2390054000349295e-09 
-5.6804937222788268e-08 
-5.3243922006550144e-08 
1.4958273363577944e-07 
-1.0719915168322017e-08 
5.2644117171065139e-08 
1.444889203460129e-07 
-1.8099652633506455e-07 
9.7627414734464384e-08 
-1.4887117947728678e-07 
-3.0527943716569655e-07 
1.8168288009582795e-07 
-1.4297942457778479e-07 
1.1830122063677321e-08 
3.373102332576888e-07 
-5.2845499338503851e-08 
2.4600053218808025e-07 
1.4200748454508846e-07 
-2.6839192771750836e-07 
1.2658360905149193e-07 
2.2487848124663546e-07 
-2.0303961303125016e-07 
-1.0384364898380646e-07 
3.4961051781526756e-07 
8.9940879538855834e-08 
-1.8218350360788046e-07 
1.1052747314793417e-07 
3.9800628166170527e-07 
-1.7293302895143275e-07 
-6.9843841357083606e-08 
2.6902103390925498e-07 
2.2327224230041767e-07 
-3.0170391653712024e-07 
1.4790471808824769e-07 
3.3812826742818451e-07 
-1.2132429653691761e-07 
-1.8179118219350893e-07 
2.8533073273241439e-07 
6.5754845626606111e-08 
-4.2716455702041776e-07 
9.3097308853481629e-08 
1.9688645101211972e-07 
-3.2802705239490974e-07 
-1.8031112269075825e-07 
2.8350721216331772e-07 
-1.1731075793189942e-07 
-4.0125771976627706e-07 
1.6987193588967984e-07 
3.058782672449084e-07 
-4.3912114484417135e-07 
-3.1502642342127128e-08 
3.7065439314746367e-07 
1.3041075391263628e-08 
-2.5009900455916238e-07 
3.2950882120209248e-07 
3.4493829225929872e-07 
-5.0845855879671072e-07 
-1.665848848231844e-07 
3.7720465644387911e-07 
1.6513175772845873e-07 
-5.0668815418864416e-07 
-8.7309759114587495e-08 
2.4163640484181731e-07 
2.3694786444651572e-07 
-3.612969428366685e-07 
1.7994924124743327e-07 
6.3586259737743817e-07 
1.1987104044541123e-07 
-4.1761001390729329e-07 
-8.9794666755636488e-08 
5.5461228866810661e-07 
3.4036032819769329e-07 
-5.0711248975986976e-09 
-5.0304707423674017e-07 
2.0540891927289383e-07 
4.2006863910286491e-07 
