170
-1.7638720616931774e-07 
-7.9162979000963143e-07 
-3.8551859519533926e-07 
9.2121348976460521e-08 
-5.2614003233263247e-07 
-2.0610539550151882e-07 
-2.1545970093736422e-08 
-5.8151093378134048e-07 
6.6616612524821391e-08 
-3.538753978001156e-07 
-2.5050561676005189e-07 
-1.0661107372228388e-07 
-2.9058045366867529e-07 
-2.3865492497579297e-07 
-1.1332339748288963e-07 
-3.651551219659676e-07 
-8.7676993433120768e-08 
-2.4590675395124763e-07 
1.8820792493802377e-07 
1.4994969245293187e-07 
1.7504261982689361e-07 
1.8217515085758244e-07 
8.8668128532558729e-08 
1.9673993665150739e-07 
7.5133602708599496e-08 
1.2482316561120806e-07 
1.191504465768973e-07 
6.2710527626814138e-08 
1.2263784118632948e-07 
8.0362227041711189e-08 
5.9333163810014287e-08 
9.7331507883999939e-08 
4.0406282555547008e-08 
6.6971519482971345e-08 
-4.3036586755777129e-08 
-4.7970482512564108e-08 
4.6053289137531381e-08 
4.6104735020571274e-08 
1.2433320363237121e-08 
-6.1878948105990786e-08 
1.4416882564212664e-08 
5.4884585949035489e-08 
1.288974351897291e-08 
-1.5997572648988119e-08 
6.3327978242743517e-09 
-1.7755747972034264e-08 
3.7749012340256159e-08 
-1.5359845869346598e-08 
3.9274733170332241e-08 
8.8354173212035839e-09 
2.967989960713024e-08 
2.8068861826404608e-08 
2.6846258894573579e-08 
5.4240030322585038e-08 
2.1792400090600109e-08 
5.9517125214722117e-08 
3.3792335426224147e-08 
7.1007529148247278e-08 
3.1287179728967554e-08 
9.1812934370727569e-08 
1.9084487594256624e-08 
7.4443554525223794e-08 
9.6660570015428642e-09 
9.4319199228438003e-08 
-7.9668351101448771e-09 
-6.7543944347635683e-08 
-1.3597728619469324e-08 
6.285040068606436e-08 
1.373027223137172e-08 
-5.7844205956003121e-08 
-2.4167902762012853e-08 
-5.4040052986109725e-08 
3.6506422997414705e-08 
3.688578283657751e-08 
-4.6451264320423275e-08 
-1.9772074174236928e-08 
5.4262166211419066e-08 
-2.0562939528246943e-08 
-4.7180196953905469e-08 
1.7163680144904078e-08 
4.7706343239112177e-08 
4.2057767637824227e-09 
5.3875721701557579e-08 
-5.806637213811991e-09 
-1.2578673854219929e-08 
-2.9713888279422754e-08 
-4.4082800572911408e-08 
7.4419230963258482e-09 
-4.2305146453123806e-09 
2.858127877682399e-08 
2.7304874118683284e-09 
-3.3731475639221628e-08 
6.189122713829666e-09 
-8.3452570199389612e-08 
2.8082796394232436e-10 
-1.7628616733802309e-08 
-9.5123792073539902e-08 
1.2089975758336768e-07 
1.7441796786002457e-10 
-2.2111979693482086e-08 
1.5522929691506039e-07 
-1.4353168553712843e-07 
7.7539065802302462e-08 
-2.2273077053428332e-08 
-2.8349214767559217e-07 
1.1116212630683495e-07 
-8.803035379030789e-08 
-8.1602825183577073e-08 
2.7712020788695111e-07 
3.513070059187566e-09 
1.277698474910468e-07 
1.6320271229007032e-07 
-1.9845463373156214e-07 
1.4725072155474543e-07 
1.0237294764186398e-07 
-1.6157576035119581e-07 
-2.1938210887471414e-08 
2.9496398119092343e-07 
2.8469228404514813e-08 
-1.1580903660971025e-07 
1.7121115943848254e-07 
2.6163246458816638e-07 
-1.0807815068724895e-07 
-1.0463275844192876e-08 
2.8506528533405279e-07 
1.2671857480808645e-07 
-1.5145352835880399e-07 
1.8032888511107308e-07 
2.8137777359031755e-07 
-1.1521640834162315e-07 
-5.8790361840235043e-08 
2.4326628736346084e-07 
-1.4683096401053e-09 
-3.1864736617992884e-07 
8.0541329819659935e-08 
8.614671011873204e-08 
-3.000945296222745e-07 
-1.1766406770165808e-07 
1.9027403812406622e-07 
-1.6823465766467792e-07 
-3.1859194946908232e-07 
1.8010593619107199e-07 
1.6526047318346703e-07 
-3.3558346556376333e-07 
-2.0275918972735898e-08 
3.1819745669427893e-07 
-8.1225869504247234e-09 
-1.2542570101992897e-07 
3.1679002803370811e-07 
2.088388467987152e-07 
-3.7873008906560456e-07 
-1.6166205483160085e-07 
3.3911199101947063e-07 
9.747622737486066e-08 
-3.3500674939784311e-07 
-1.2849396122481719e-07 
1.7049161639026662e-07 
2.9114538948121722e-07 
-1.8780669653704323e-07 
1.927568725621715e-07 
5.9935072259456281e-07 
2.1999381679745359e-07 
-2.8546242174985731e-07 
-4.1957341977449289e-08 
4.0713149099395089e-07 
5.795167545927163e-07 
4.2441951844171992e-08 
-6.5574882734813733e-07 
2.1504516097554169e-07 
6.0250978176919534e-07 
