170
-9.1108721270540807e-08 
-3.8902940209383387e-07 
-2.5106891133988463e-07 
-3.3018804825734992e-07 
-2.5570786923633093e-07 
-3.7931898948065289e-07 
-2.5093180753509038e-07 
-3.8037145915147438e-07 
-2.7120349744906619e-07 
-3.6103993950679951e-07 
-2.9660631466429599e-07 
-3.4286905579714653e-07 
-2.9394977506094443e-07 
-3.3229475286549313e-07 
-2.9099494929516297e-07 
-3.2715577210666071e-07 
-2.8009762337022347e-07 
-2.9760749317598426e-07 
2.673178944846466e-07 
2.6247449885101448e-07 
2.4334305082200625e-07 
2.3368743320205087e-07 
2.1320072151094136e-07 
2.0121296782574675e-07 
1.8579787890245131e-07 
1.6630192936703982e-07 
1.6715470524409931e-07 
1.4144608770983641e-07 
1.4855417992695613e-07 
1.2133698148776345e-07 
1.254147275820244e-07 
9.9327786490373015e-08 
1.0271415825879871e-07 
6.8888478138038473e-08 
-8.2249630071777115e-08 
-6.1413833056175992e-08 
8.0706726747699774e-08 
4.41810060511916e-08 
5.7444625315434215e-08 
-2.6788348833951235e-08 
-4.466088973739011e-08 
1.4335646477679335e-08 
-3.0992686215213632e-08 
4.4789532769660449e-09 
-1.3498755293210472e-08 
1.7117381051900961e-08 
8.6140231380313936e-10 
2.8077893301728492e-08 
9.8715900033887628e-09 
4.0209546589795918e-08 
2.0535359389347601e-08 
4.5551617186147332e-08 
3.5820068814346258e-08 
6.2131735899599992e-08 
4.5434696963916789e-08 
6.7848344254062904e-08 
6.5423327619777142e-08 
7.8477328949726792e-08 
6.7942189131662177e-08 
8.5624858169121988e-08 
7.053930490688166e-08 
6.1539729829473164e-08 
6.7084042137467863e-08 
7.5911112043556677e-08 
-6.6604318480346846e-08 
-5.7676590478667162e-08 
-5.7176875228584069e-08 
5.8757611480311986e-08 
6.305735568072504e-08 
-5.6383243859278076e-08 
-7.1451061323599003e-08 
-6.7592779984124774e-08 
6.5649560111917855e-08 
5.4238129709167149e-08 
-6.9292429596607488e-08 
-4.5749481796221372e-08 
6.7311991078748343e-08 
-5.2127372961932636e-08 
-5.7435847259500633e-08 
3.8298888868776946e-08 
5.3108876734475917e-08 
-2.1994634674541403e-08 
4.6084260975252713e-08 
9.7666347450536246e-09 
-1.2058512304652723e-08 
-4.1567659759718171e-09 
-3.0315986227324665e-08 
1.6135069608016294e-08 
-3.7880052076088785e-09 
2.2110677395105534e-08 
5.1396757493873062e-10 
-3.4800540663080626e-08 
3.2587193828402211e-08 
-6.93358226980982e-08 
-1.5303143034537988e-08 
5.0344575062601451e-08 
-8.248779788059661e-08 
6.4909326851183866e-08 
-3.5784794134950672e-08 
-1.0359454641095531e-07 
1.1765680291117378e-07 
-8.387242625772765e-08 
-4.4533370831849893e-08 
1.0421548871466898e-07 
-1.4975005741467064e-07 
5.0088680002593863e-08 
6.4076744452223383e-08 
-1.3223371113183197e-07 
1.2331382536552808e-07 
-3.392367590761001e-09 
-5.4092837852976231e-08 
1.0681591303644777e-07 
-5.579158770188442e-08 
7.2684352276341836e-08 
-2.7527589638673203e-08 
-2.3500507789007377e-08 
6.3665438836848311e-08 
1.4563075752943634e-07 
1.03564356933171e-08 
5.9747229350475707e-08 
1.7211572663164916e-07 
1.1735330774007975e-07 
3.4568088073004549e-08 
1.2658334059467227e-07 
2.0214352762665461e-07 
8.4336055566014755e-08 
6.1944530715657613e-08 
1.91955095255409e-07 
1.4174260732066847e-07 
-1.2459248012044169e-08 
9.4759672891713602e-08 
1.1689098992138481e-07 
-3.8219221927620132e-08 
-1.2137278213308689e-07 
3.7610826579734227e-08 
-7.5705912606782496e-08 
-1.8531331094617029e-07 
-3.9589571872256137e-08 
4.7955958513748484e-09 
-1.9330352757675196e-07 
-1.317114549722055e-07 
1.0923654013230726e-07 
-3.0880697243646264e-08 
-1.6829797661854031e-07 
6.7797103318941162e-08 
1.7019215008529853e-07 
-9.4163738235507119e-09 
8.9127722645556234e-08 
2.7446395966167006e-07 
6.6853160619279613e-08 
-1.8523760973404769e-07 
2.1031397975903431e-08 
2.1644299279685035e-07 
-2.2197446467280294e-08 
-1.5090830018010366e-07 
1.3922816191051925e-08 
6.3878750998503342e-08 
2.7573828802446177e-07 
1.981768540042599e-08 
3.7830512576700898e-07 
5.2798303599986325e-07 
2.8147432322963815e-07 
-3.6212612269934733e-08 
2.4381248938344608e-07 
4.2915520100976128e-07 
5.786140695901547e-07 
1.5467287659898636e-07 
-5.0514212735663186e-07 
3.8710664253668841e-07 
5.575560093993817e-07 
