170
-4.5091562029089717e-07 
-7.9355313342387926e-07 
-6.0054136483216712e-07 
5.4637641007962687e-07 
-8.1006865443214201e-07 
-9.9552669312441981e-08 
2.5021913248294552e-07 
-9.3064119135572436e-07 
4.6772895267146502e-07 
-5.1604031468704614e-07 
-1.5581859707700175e-07 
-2.4105128162268101e-08 
-2.6181573773080456e-07 
-2.8224444545200573e-07 
1.0074222796272051e-07 
-5.485587799087213e-07 
1.5387368181026012e-07 
-3.4285587128906862e-07 
6.4360369974306997e-08 
1.6790642406994912e-07 
7.3025128242223254e-08 
2.4724875010113442e-07 
-6.592337022614572e-08 
2.9468667702575501e-07 
-6.4100621399066829e-08 
1.7086393481445576e-07 
4.7517690363256673e-08 
6.1806320437316613e-08 
7.3564096723696546e-08 
1.1088088539988147e-07 
-3.0975586899592936e-08 
1.6638118957688998e-07 
-5.6704792084452491e-08 
1.2521888715488822e-07 
3.3834254010368615e-08 
-1.0316778540786938e-07 
-4.1608649506298217e-08 
1.20251109718868e-07 
-9.0968731949545853e-08 
-1.581972741559162e-07 
1.3739292998362577e-07 
1.5543953923608025e-07 
1.2763272349360534e-07 
-8.9230458169808883e-08 
9.3743523879950817e-08 
-8.8646110550757949e-08 
1.3218846083852235e-07 
-8.2489277648694482e-08 
1.2322929992496638e-07 
-3.0739502193579675e-08 
7.6376955213001805e-08 
2.2219233149478048e-08 
4.2894645971363392e-08 
7.6840445802048567e-08 
8.7128886253768102e-09 
9.5448032638125538e-08 
-5.2218719873040698e-10 
1.222753645999344e-07 
-1.9833374382557792e-08 
1.6471805512123143e-07 
-5.5976645369514968e-08 
1.4356196038078645e-07 
-7.7877123424256634e-08 
1.8583166180132189e-07 
8.6442516554541889e-08 
-1.3761282603237853e-07 
6.312995451722696e-08 
1.1865415013281486e-07 
-6.3395208113703393e-08 
-1.0812092856219944e-07 
4.3509530329859948e-08 
-7.7286938868917839e-08 
-2.2757193520473091e-09 
3.8794889370038306e-08 
-2.4587552997584925e-08 
-5.5768698728222547e-09 
4.7480648939856933e-08 
5.8722187249203709e-09 
-5.2761728951200191e-08 
-8.6663248009735591e-09 
6.2095782822961322e-08 
3.8177670175472854e-08 
7.918708956361588e-08 
-3.528167888127493e-08 
-3.2210948677736373e-08 
-5.5714289560314016e-08 
-6.7883340010545536e-08 
1.5538727996822164e-08 
1.5785128872198832e-08 
3.9767673325826437e-08 
1.5018100472405648e-08 
-4.5116279091949752e-08 
-2.9406422675953039e-08 
-9.179312811504614e-08 
1.7625541539861391e-09 
-5.399854042791698e-08 
-6.0117823262795098e-08 
1.4638505033098815e-07 
-9.7549894085363751e-09 
4.5259746164752138e-08 
1.4773833169177904e-07 
-1.7675666302840739e-07 
9.6623395365041575e-08 
-1.3542801838014555e-07 
-3.0596390345702768e-07 
1.72990855060489e-07 
-1.3773533655931151e-07 
1.3779954453583258e-09 
3.3355976149797518e-07 
-4.4331527864046624e-08 
2.323966476519093e-07 
1.4471531497764811e-07 
-2.6347557555176802e-07 
1.3172994695087158e-07 
2.0944694164746379e-07 
-1.9914930783066505e-07 
-9.573941854721947e-08 
3.4569601076175691e-07 
8.1228454776978462e-08 
-1.763134533569251e-07 
1.1834395239864321e-07 
3.8208481869574174e-07 
-1.666653049741447e-07 
-6.4871421425365643e-08 
2.7299186188605177e-07 
2.1067120443487065e-07 
-2.8501380140972742e-07 
1.5193823771800437e-07 
3.3285447309488235e-07 
-1.2183997218440788e-07 
-1.6851304291633839e-07 
2.8275902175408958e-07 
5.6452758865012126e-08 
-4.1425327859803933e-07 
9.1144859215906479e-08 
1.8615307434171187e-07 
-3.2696756941440758e-07 
-1.7197332076104547e-07 
2.7265287218580312e-07 
-1.223158771645367e-07 
-3.9470550285749699e-07 
1.7375069858267182e-07 
2.8760816705467835e-07 
-4.2526247179114275e-07 
-3.3359726631982175e-08 
3.6753017293493199e-07 
8.830300609928654e-09 
-2.3571712806756587e-07 
3.2740477286102644e-07 
3.2798853542175543e-07 
-4.9256304323397097e-07 
-1.6901647568541905e-07 
3.7382082415838835e-07 
1.574179876647627e-07 
-4.8426748249682543e-07 
-9.5543114525444872e-08 
2.3461444683054187e-07 
2.4461717983016081e-07 
-3.404768794827084e-07 
1.8020404493796664e-07 
6.289284789077903e-07 
1.3508546065949853e-07 
-4.0437517497408687e-07 
-8.4979960320341254e-08 
5.3022668379469472e-07 
3.7844123201818602e-07 
-5.3181949473372297e-09 
-5.2183278754873913e-07 
2.0229134526834017e-07 
4.4708902229139809e-07 
