170
-2.4251318074692992e-07 
-8.2514555574173227e-07 
-4.7740765552299488e-07 
3.0263727422055968e-07 
-6.6237016689710105e-07 
-1.458026930282874e-07 
9.3602151306884165e-08 
-7.2515137517000509e-07 
2.3814441951681176e-07 
-4.0812748722705987e-07 
-2.2187902805401973e-07 
-4.7949730640514201e-08 
-2.9112944024498159e-07 
-2.4014833583423464e-07 
-2.8084723455259418e-08 
-4.3105058381147983e-07 
9.5465616796390901e-09 
-2.7146666961654678e-07 
1.4553880583705318e-07 
1.4042968633261371e-07 
1.4123520616356035e-07 
1.9618042725099488e-07 
2.926204499589986e-08 
2.2769526805684856e-07 
2.1927017147216381e-08 
1.3323612001954259e-07 
9.6675623463825098e-08 
5.0076073504891469e-08 
1.103670734019756e-07 
8.2802527749465745e-08 
2.7723699629193412e-08 
1.1774101960593284e-07 
5.7314231176716031e-09 
8.3951721543186734e-08 
-1.7216191296914246e-08 
-6.1993462646559651e-08 
1.7855708189019201e-08 
6.8256246172546254e-08 
-2.3660136302397769e-08 
-9.6006548552720321e-08 
5.9579109336277829e-08 
9.08870801877435e-08 
5.3633427453300476e-08 
-4.0320357851673726e-08 
3.5694431835115885e-08 
-4.3129433159655584e-08 
7.1933076485908203e-08 
-4.0786212816784752e-08 
6.9503267046798173e-08 
-5.6115791695712735e-09 
4.5138414435930757e-08 
2.669170862881097e-08 
2.9747100523052801e-08 
6.3943114059794725e-08 
1.3464375476669705e-08 
7.3604281753198917e-08 
1.739803737444309e-08 
9.0358588281809327e-08 
8.7776255085754747e-09 
1.2010713490912124e-07 
-1.3333968428241387e-08 
1.0169324196501356e-07 
-2.7747197480816052e-08 
1.303167530974293e-07 
3.2025232862618947e-08 
-9.4789884283598602e-08 
1.8446446611352358e-08 
8.4261042024353027e-08 
-1.9017589344689639e-08 
-7.7383903256150299e-08 
4.9049583448128967e-09 
-6.2268354512960452e-08 
1.9561141810267195e-08 
3.6941232844991136e-08 
-3.6148415484982429e-08 
-1.3340216204384117e-08 
5.0181106708558306e-08 
-9.2221610131602746e-09 
-4.7932158731124806e-08 
6.7959149046795372e-09 
5.1857748323087138e-08 
1.7737288546853045e-08 
6.2867896233092744e-08 
-1.7042264344185779e-08 
-1.954820360339146e-08 
-4.0214583438771394e-08 
-5.2499045400761288e-08 
8.7727291859398105e-09 
2.3597432266622531e-09 
3.2228727519841106e-08 
6.5565292836069422e-09 
-3.6991448298300308e-08 
-8.2281135540890945e-09 
-8.6371446584689628e-08 
-3.4609157286093917e-11 
-3.7538880913444973e-08 
-8.1590609499692096e-08 
1.3419630732583253e-07 
-3.7652450164382423e-09 
1.1446313581176299e-08 
1.5452504179035086e-07 
-1.6049993775438125e-07 
9.0585129051589129e-08 
-7.7601029445675802e-08 
-2.9980597174241493e-07 
1.4045897912146778e-07 
-1.1544035097758829e-07 
-4.2476767409456712e-08 
3.093304251156752e-07 
-1.6112814747194564e-08 
1.7937418934894756e-07 
1.5612085442551965e-07 
-2.3450263613282138e-07 
1.4462100762671508e-07 
1.523953164910211e-07 
-1.8256502953368226e-07 
-5.8690149998987577e-08 
3.2326787326455022e-07 
5.1428332749186708e-08 
-1.4944164669838521e-07 
1.4850233626428917e-07 
3.1811527916236612e-07 
-1.3800036106721911e-07 
-4.1048393490855779e-08 
2.8434579368585434e-07 
1.6323180064164226e-07 
-2.1602698516439793e-07 
1.6669687874012869e-07 
3.0958948925473495e-07 
-1.2174577176507632e-07 
-1.1215241843886585e-07 
2.6581227218977165e-07 
2.4226809121580285e-08 
-3.6511974935161017e-07 
8.5698310738404443e-08 
1.3686476650657793e-07 
-3.161955341660023e-07 
-1.4272177120625609e-07 
2.3115885022434766e-07 
-1.4560456235036886e-07 
-3.5954071913510378e-07 
1.8133752538342807e-07 
2.2176439964152771e-07 
-3.7633472719788085e-07 
-3.1646805533941174e-08 
3.462981505458646e-07 
-2.2536661095818701e-09 
-1.7966708087342924e-07 
3.2155857647368067e-07 
2.6299857710751319e-07 
-4.3088058769499976e-07 
-1.7213559131206734e-07 
3.5864278879777686e-07 
1.2628067754097674e-07 
-4.0093147530598153e-07 
-1.205060168612926e-07 
2.0419910355211245e-07 
2.7112875713346477e-07 
-2.5828719426576136e-07 
1.823489149932447e-07 
6.1024901768783759e-07 
1.8499257448003248e-07 
-3.4468562469690441e-07 
-6.6733945901746014e-08 
4.5380611420994389e-07 
5.0107992950458292e-07 
1.1396025569701477e-08 
-5.9739987905741822e-07 
2.0176743560307126e-07 
5.3853559093685237e-07 
