170
-1.1451565871330263e-07 
-4.7040305420697689e-07 
-2.6269033283007738e-07 
-3.0929832150780138e-07 
-2.7181149669725531e-07 
-3.6774496827445086e-07 
-2.3155615704799209e-07 
-3.8750869176400834e-07 
-2.4237658234362212e-07 
-3.4977020899469446e-07 
-2.8549737076791117e-07 
-3.1538873970628095e-07 
-2.8362884055999136e-07 
-3.1649700363432009e-07 
-2.700224385022704e-07 
-3.2041957128620908e-07 
-2.5940251782700388e-07 
-2.8367577394423276e-07 
2.5407724858932463e-07 
2.4538789005900074e-07 
2.3027697260241033e-07 
2.2169787590584096e-07 
1.9669692911100384e-07 
1.9367941345359812e-07 
1.7115627137568027e-07 
1.5733006769612783e-07 
1.5706419979260739e-07 
1.3077557947422597e-07 
1.404740667167998e-07 
1.1422262593040245e-07 
1.1481959598114224e-07 
9.5533254633383637e-08 
9.4313603884383999e-08 
6.6294866885140883e-08 
-7.6610863792777141e-08 
-5.8114495331183102e-08 
7.5556090152568806e-08 
4.2416552429578362e-08 
5.315452115717696e-08 
-2.8356219717202605e-08 
-4.043447511214245e-08 
1.6945136493450132e-08 
-2.85854886070856e-08 
2.843432388592539e-09 
-1.3666292438183906e-08 
1.3483017560882849e-08 
2.067258301100338e-09 
2.3470513214987222e-08 
9.9092609113812426e-09 
3.5535893903589056e-08 
1.9469253100517617e-08 
4.1040604178964572e-08 
3.3688596646778617e-08 
5.7291448607482068e-08 
4.2410877700698396e-08 
6.2418191986692601e-08 
6.1886688847103989e-08 
7.2691375602983508e-08 
6.4634312754985627e-08 
8.0756383163660462e-08 
6.6541578080202723e-08 
5.8049344326874458e-08 
6.2809375314725045e-08 
7.1815727368807782e-08 
-6.2734079250912474e-08 
-5.3684883109756617e-08 
-5.4289268696957321e-08 
5.5125262096201909e-08 
5.9528473799816026e-08 
-5.1860333992179288e-08 
-6.7358062713825674e-08 
-6.3104777586066656e-08 
6.2686302392400526e-08 
5.0460715514011246e-08 
-6.6419971541008013e-08 
-4.1343633539306581e-08 
6.5377896381967454e-08 
-4.7983011322354442e-08 
-5.4704537685853563e-08 
3.5984512785198335e-08 
5.091537521555395e-08 
-1.8833661891382113e-08 
4.5879557160136805e-08 
8.5766394021085368e-09 
-9.9090892772141685e-09 
-8.0777054451168576e-09 
-3.2269786742728855e-08 
1.5074969321001179e-08 
-5.9954913768624558e-09 
2.3556738720603393e-08 
3.1842084313503266e-10 
-3.4668680038031662e-08 
3.1519989762371005e-08 
-7.3325116232061511e-08 
-1.0304119397391306e-08 
4.3381632700426089e-08 
-9.3279977801713741e-08 
7.2808365729975561e-08 
-2.4817952926677932e-08 
-9.9191556915404676e-08 
1.3022245868062886e-07 
-9.1034964201700061e-08 
-1.9614222583429198e-08 
9.8592845093058661e-08 
-1.8035414620024981e-07 
5.142113862921534e-08 
3.809372831925212e-08 
-1.4019910233423213e-07 
1.5136138128089249e-07 
8.0876844765249564e-09 
-3.021623036639429e-08 
1.295066126188605e-07 
-7.7018170820978521e-08 
9.4963952436354423e-08 
-1.6179231166794578e-08 
-5.363858034245906e-08 
5.9180401018229449e-08 
1.7579570954592917e-07 
2.1899762515911435e-09 
2.8026937762425648e-08 
1.8319326271678698e-07 
1.3427408800004508e-07 
3.9730093105351699e-09 
1.0740343063094434e-07 
2.2495572549749914e-07 
8.1146169431860034e-08 
2.8276679228666622e-08 
2.0041434081024117e-07 
1.6663316749273659e-07 
-4.092346542498697e-08 
7.6256940064226379e-08 
1.4424779776699213e-07 
-4.3372201783395363e-08 
-1.6117424213612152e-07 
4.8545898207603319e-08 
-5.6095229580882877e-08 
-2.1750839978549249e-07 
-5.0246536794167137e-08 
3.9872357074577439e-08 
-2.0380856553500203e-07 
-1.6992668209483113e-07 
1.3221021231996272e-07 
1.0956891620963924e-09 
-2.0788981819446168e-07 
5.0412034628064474e-08 
2.024072143226407e-07 
-1.4419507407014948e-08 
5.1610955747288809e-08 
2.902511693778462e-07 
8.5362980723537967e-08 
-2.322903905435712e-07 
-2.875991434588419e-08 
2.4601298020328661e-07 
-1.0065615751035977e-09 
-1.8840584123515435e-07 
-3.333316977768392e-08 
7.4266044185296079e-08 
2.9185267639258995e-07 
-1.6641585048155889e-08 
3.278215609625355e-07 
5.5346449818398958e-07 
2.7425934496862736e-07 
-9.4911318343163789e-08 
1.6345214637711342e-07 
4.045939423932584e-07 
6.1347184515874114e-07 
1.3982488686391506e-07 
-5.9434767744943136e-07 
3.3789511427792997e-07 
6.1295590916171599e-07 
