170
-1.4950625067782226e-07 
-6.4873894537792382e-07 
-2.9471178628489508e-07 
-1.756579700754489e-07 
-3.5247366254929777e-07 
-3.0579446954341986e-07 
-1.5579558990315583e-07 
-4.3834067118704689e-07 
-1.3293655548104652e-07 
-3.3135445834621496e-07 
-2.6790945619240576e-07 
-2.251444981462872e-07 
-2.7681624933171394e-07 
-2.743769196409412e-07 
-2.0844987171721959e-07 
-3.1983229711567807e-07 
-1.9488477978617073e-07 
-2.535760911594299e-07 
2.2575659063675151e-07 
1.977789096222195e-07 
2.0449797244121566e-07 
1.9526902839987845e-07 
1.5294930222966365e-07 
1.8387446670342184e-07 
1.3238010092594044e-07 
1.3710228343565784e-07 
1.3824204107858818e-07 
9.9671278490020149e-08 
1.2895729261106874e-07 
9.6176540087518264e-08 
9.0599003552923812e-08 
9.014273069192593e-08 
7.312330779312396e-08 
6.1764511923179486e-08 
-6.3770009735250936e-08 
-4.9382133124671766e-08 
6.5073242224195586e-08 
3.8462598369454804e-08 
4.0643320173564222e-08 
-3.5933847543244333e-08 
-2.4281136938108217e-08 
2.6522439264101301e-08 
-1.8186867828401869e-08 
-7.6988166076757386e-10 
-1.1439518634418878e-08 
3.7081469367758037e-09 
1.0506768902134222e-08 
1.0013608531186567e-08 
1.5761414860781911e-08 
2.460515863745157e-08 
1.9955324340195837e-08 
3.2861535882228821e-08 
2.9279365134173044e-08 
5.0414704665891752e-08 
3.4163381846732256e-08 
5.4205302701926567e-08 
5.2037389768489004e-08 
6.3466957734674501e-08 
5.4034702598416017e-08 
7.5302945899185833e-08 
5.187567340344254e-08 
5.6069707039443136e-08 
4.6826739533992618e-08 
6.9901440064065529e-08 
-4.6876068478426044e-08 
-5.0422278896410133e-08 
-4.3156404886120006e-08 
5.08555893025336e-08 
4.5849005691948991e-08 
-4.6878398143764234e-08 
-5.3538149047541389e-08 
-5.4374432214085645e-08 
5.3796410894392233e-08 
4.2402608465398527e-08 
-5.8526697036255066e-08 
-3.110485387645945e-08 
6.027908884135618e-08 
-3.6503621055575587e-08 
-4.9539957368551416e-08 
2.9123401823332371e-08 
4.7109685761110817e-08 
-1.0588796684533653e-08 
4.6926437678111559e-08 
4.6823487127662693e-09 
-8.1414406734429063e-09 
-1.7012956021131627e-08 
-3.648701637973917e-08 
1.046950879822478e-08 
-7.8559000679018128e-09 
2.5447313369167789e-08 
4.9019276592086518e-10 
-3.2963793488446684e-08 
2.2985622970216512e-08 
-7.8794830018704159e-08 
-2.0939987724446815e-09 
1.6934514628743328e-08 
-1.0343271821771212e-07 
9.5021807299575069e-08 
-5.4045642580650659e-09 
-7.0451602738855908e-08 
1.4783417083900004e-07 
-1.1347123322776153e-07 
3.5650986857085092e-08 
5.545406539280855e-08 
-2.3861052838709252e-07 
7.0524538909644706e-08 
-2.6899012451008571e-08 
-1.2799889380331884e-07 
2.1385613823745627e-07 
1.824991514795832e-08 
4.1016017592349486e-08 
1.582674307211802e-07 
-1.3309767094704939e-07 
1.316142414829298e-07 
3.0415171644585419e-08 
-1.1262215986928114e-07 
3.0076371551203805e-08 
2.3790962857969399e-07 
3.7250030057620165e-09 
-4.4810158866066829e-08 
1.8941961892271304e-07 
1.8526515224062899e-07 
-5.4525610295886604e-08 
5.1767846626183904e-08 
2.6379890879832927e-07 
9.0145678843320629e-08 
-5.3333777440436683e-08 
1.9869758408649241e-07 
2.2368990378563024e-07 
-8.7068974081903317e-08 
1.9523481025596482e-08 
1.9700563432321176e-07 
-3.2991561266133468e-08 
-2.3952871648239429e-07 
6.7381829997339793e-08 
5.76101915219584e-09 
-2.6519151793030571e-07 
-7.9620165832381141e-08 
1.1565316797627049e-07 
-1.9723209448745899e-07 
-2.4476090061313953e-07 
1.6433920944673496e-07 
7.8092013736726113e-08 
-2.7314370657869182e-07 
1.1963518671450714e-08 
2.630167216970403e-07 
-1.395105142952581e-08 
-3.3381961690491106e-08 
3.0704598809464327e-07 
1.3736165952207642e-07 
-3.0569813832729788e-07 
-1.1172277918672102e-07 
2.9652476734922167e-07 
4.9020925260471113e-08 
-2.5363488626366904e-07 
-1.0254748395606778e-07 
1.134356617710416e-07 
3.0675703180461682e-07 
-9.2637769181527149e-08 
2.4145170978509683e-07 
5.8281710361603473e-07 
2.5690012863348754e-07 
-1.9157977084860135e-07 
3.5267152618425845e-08 
3.7933891952087709e-07 
6.3636696404915795e-07 
9.9124622974602238e-08 
-6.8336950925617276e-07 
2.6171337906740874e-07 
6.5179158736327922e-07 
