170
-1.8438910199781632e-07 
-8.0287838567045719e-07 
-4.0266474245628996e-07 
1.3416460481524372e-07 
-5.5367144884249155e-07 
-1.9274831651511447e-07 
3.724801089569143e-10 
-6.0797263725476167e-07 
9.9376970317670324e-08 
-3.621500942438922e-07 
-2.4633753834676865e-07 
-9.2461158711143214e-08 
-2.9198246416406392e-07 
-2.3679450119848064e-07 
-9.7602714261105991e-08 
-3.7610259781750436e-07 
-6.9692218831658382e-08 
-2.4874497913133436e-07 
1.811172116296846e-07 
1.4600567142604417e-07 
1.6954877981267112e-07 
1.8316794984188536e-07 
7.791601482782922e-08 
2.0134334985510001e-07 
6.552915957949927e-08 
1.2511626409225221e-07 
1.156118806052187e-07 
5.8903120300262373e-08 
1.2110934272853002e-07 
7.964749140151419e-08 
5.3918940657160535e-08 
1.0020888807611773e-07 
3.4448589665364554e-08 
6.9316080620025546e-08 
-3.8832314196897269e-08 
-4.9548259904711617e-08 
4.1670767643525491e-08 
4.9224758646418965e-08 
6.4577585094915292e-09 
-6.7572494002125573e-08 
2.2175811138475714e-08 
6.0945350047502501e-08 
1.9676296729916284e-08 
-1.983628341162217e-08 
1.0966205097446295e-08 
-2.2072811334568377e-08 
4.3539267523230224e-08 
-1.9910569976111514e-08 
4.4377440890014372e-08 
6.2370478678922709e-09 
3.2134848119969942e-08 
2.7762673376009817e-08 
2.7013101568897527e-08 
5.5854538680454691e-08 
1.9985028813112546e-08 
6.1779331753733972e-08 
3.0623083199635255e-08 
7.4075517014242279e-08 
2.7090992684777412e-08 
9.652704483254048e-08 
1.3058699923306325e-08 
7.909216370060971e-08 
2.7507804970209513e-09 
1.0045649830165322e-07 
-6.1871557742137773e-10 
-7.2123643741563045e-08 
-7.7918660652996177e-09 
6.6380808071231628e-08 
7.7067522071478078e-09 
-6.108503584477967e-08 
-1.878282388278143e-08 
-5.5186626926794205e-08 
3.3359367992516609e-08 
3.6660748243409547e-08 
-4.4460830097265603e-08 
-1.838837606436114e-08 
5.3405991717985693e-08 
-1.8290355547407553e-08 
-4.7163277830096751e-08 
1.5206997141922135e-08 
4.8283949516791488e-08 
6.7221151879611423e-09 
5.5403166336850613e-08 
-7.8159799092416346e-09 
-1.3738011431104293e-08 
-3.1706090522946953e-08 
-4.5531238606693803e-08 
7.4511148352331413e-09 
-3.1870711704977041e-09 
2.919092946660593e-08 
3.3205022419588012e-09 
-3.4190547700101857e-08 
3.4588109859651904e-09 
-8.4023132779460205e-08 
2.325194444555781e-10 
-2.2012627868752275e-08 
-9.2776487439433549e-08 
1.2391112742739968e-07 
-2.930730203471976e-10 
-1.5147361795521994e-08 
1.5542539766674033e-07 
-1.4728127151162665e-07 
8.105632281175667e-08 
-3.3676138865232636e-08 
-2.8767760490100984e-07 
1.1719683361021188e-07 
-9.4461705003992388e-08 
-7.3837500207344072e-08 
2.8445067901563513e-07 
-3.9833740619089649e-11 
1.3882563577289226e-07 
1.622248867175224e-07 
-2.0648837784156247e-07 
1.4744125872885617e-07 
1.1262708797368206e-07 
-1.6655481964279245e-07 
-2.9552597752086494e-08 
3.013860952305431e-07 
3.2901022969752508e-08 
-1.2361525992644064e-07 
1.6708487321344323e-07 
2.7299626732280868e-07 
-1.1453181807216208e-07 
-1.7551313150047767e-08 
2.8582434430846349e-07 
1.3356035709605712e-07 
-1.6482244879091006e-07 
1.7748706317749268e-07 
2.878695431146821e-07 
-1.1723613654844635e-07 
-6.9806018536951532e-08 
2.4841475126397688e-07 
3.6023796625837647e-09 
-3.285431013845335e-07 
8.1763424170035278e-08 
9.6897986545426829e-08 
-3.0382494920285352e-07 
-1.228344223614779e-07 
1.9916705117006881e-07 
-1.6362818595667988e-07 
-3.2758895913735176e-07 
1.8092309842393461e-07 
1.7687727130327279e-07 
-3.4388105726422224e-07 
-2.3297337917479465e-08 
3.2455557317093445e-07 
-7.0976150224337749e-09 
-1.3702275550368553e-07 
3.1783372112746981e-07 
2.1954686877285949e-07 
-3.8911746148340666e-07 
-1.6509787425726943e-07 
3.436902010614836e-07 
1.0350195523931168e-07 
-3.4774425799929781e-07 
-1.2825019459990178e-07 
1.7790945409944621e-07 
2.8740661658544801e-07 
-2.0185075710745486e-07 
1.8954857735485188e-07 
6.0139101516881948e-07 
2.1347046014199226e-07 
-2.9785413329333746e-07 
-4.8257607500149521e-08 
4.1505576792095268e-07 
5.6583501047410085e-07 
3.5249676032778756e-08 
-6.4536204962468592e-07 
2.1127691496380356e-07 
5.9092086300127723e-07 
