369
2.0466454976698844e-10 
6.3704808841141158e-10 
5.734865873904299e-10 
5.8906790626382029e-10 
4.0118477287344332e-10 
1.4543262429380057e-10 
-1.0660102540244543e-11 
-2.2459803851771663e-10 
-2.3749945934461439e-10 
-3.77120531984616e-10 
-3.2175838195200604e-10 
-4.204669401224443e-10 
-3.4148596492963748e-10 
-4.2116726426367708e-10 
-3.4799618940315876e-10 
-4.3079513750922627e-10 
-3.4737666643506202e-10 
-4.2688279476832757e-10 
3.4404877136149945e-10 
4.1942685582220747e-10 
3.3985487081445248e-10 
4.1572934066593553e-10 
3.3192333937453846e-10 
4.0237947185488529e-10 
3.1972893478723865e-10 
3.8080108529191405e-10 
3.1468213401241582e-10 
3.7964123643927624e-10 
3.152298555155084e-10 
3.8634423035874483e-10 
3.1585351622808232e-10 
3.8369565953425299e-10 
2.9956443411377436e-10 
3.2669789477218143e-10 
-2.7167868610345162e-10 
-3.6700930622289897e-10 
3.267383243185536e-10 
3.862101903599244e-10 
2.9867205121318248e-10 
-3.4240487455287841e-10 
-2.9395887723780287e-10 
3.580897333465066e-10 
-3.0883444314810521e-10 
-3.5359435164297323e-10 
-2.8595555494969782e-10 
-3.3164262536844921e-10 
-2.7941247476771304e-10 
-3.2560167224716904e-10 
-2.8947670139735347e-10 
-3.416364185024399e-10 
-2.6725716785979173e-10 
-2.9939913541029404e-10 
-2.7877904837497742e-10 
-3.1953887361641373e-10 
-2.4514372679009385e-10 
-3.0183487983047808e-10 
-2.8750841395748271e-10 
-2.9026890529490571e-10 
-2.4622642379903858e-10 
-3.3739410253568145e-10 
-2.1099539927859609e-10 
-1.2927504465312687e-10 
-3.1906825716500685e-10 
-4.3555726009990185e-10 
3.570471545913379e-11 
-2.6996305979913415e-12 
8.1258950751286236e-10 
-5.9629265349732111e-10 
6.1583381788555987e-10 
1.3524626879734841e-10 
1.0483527658430199e-09 
3.2335608906469764e-11 
7.6640284106722935e-11 
-9.6953890744189272e-10 
-9.9929284346808976e-10 
-4.141738861454227e-10 
-2.6161456130203722e-09 
2.1281177345972478e-10 
-1.2123037157375847e-09 
-2.9509231631143058e-10 
1.8490539591405207e-10 
1.3392078531386071e-09 
-1.3457912473810151e-10 
1.6080150914949487e-09 
5.528963425019599e-09 
7.3168965100652844e-12 
-4.9497210017575529e-09 
2.4101949618788135e-09 
-4.4421855515877308e-09 
-1.363250015909983e-09 
3.5616091077679561e-09 
-2.2517488843206219e-10 
2.7413684546623716e-09 
-2.1910016171155254e-09 
6.8307044112214736e-09 
-1.7972368095972124e-09 
-1.1787031235928249e-08 
-4.0425289646342136e-09 
8.3739467487591346e-09 
-6.5246523831496209e-09 
1.0265960391295861e-08 
9.5438831040187429e-09 
1.8705954718403732e-08 
2.0433293185033397e-08 
-2.2254422217727236e-08 
-2.8365375623965537e-08 
-1.4014747167506715e-08 
-3.2637697491269504e-08 
9.935222377208728e-09 
4.071550146303542e-08 
7.0200059901905772e-10 
4.0974932634913523e-08 
9.7688793059736792e-09 
4.1081700093744737e-08 
-2.0283133850213169e-08 
-3.2747371715597731e-08 
3.3678973460270485e-08 
3.0554459002714894e-08 
-3.9589779947181866e-08 
-1.2707189338989706e-08 
4.2118176230112108e-08 
-5.7991860444992689e-09 
-4.43995745756178e-08 
2.3955226005453864e-08 
3.3416288465861714e-08 
-3.98570027766303e-08 
-2.2186570842314246e-08 
5.1331269291494869e-08 
-4.561654436436624e-10 
-5.563562943377802e-08 
2.9603161803115515e-08 
4.4142177088294701e-08 
-5.360394334549378e-08 
-1.7338429405565474e-08 
6.2781147209150343e-08 
-1.7811682468957031e-08 
-5.8118040658704778e-08 
4.9061200510237238e-08 
3.7414037472719719e-08 
-7.1072961278612014e-08 
-3.22776648654253e-09 
7.8517545838653984e-08 
-4.1818883837612006e-08 
-6.7164906334486994e-08 
7.6264888886747178e-08 
3.107220837769916e-08 
-9.0457648120836352e-08 
8.4640799882693874e-09 
8.9112652780468129e-08 
-4.5244094387510243e-08 
-7.9468495936475156e-08 
7.2809722399250434e-08 
6.1036115520531152e-08 
-9.348771877495082e-08 
-4.7215081413447051e-08 
1.0775131737808587e-07 
4.1015980629056524e-08 
-1.1737774924566945e-07 
-5.1770068991911826e-08 
1.2053595771328747e-07 
7.412698006887919e-08 
-1.0770219710002208e-07 
-1.0300358409051769e-07 
7.4706643116073435e-08 
1.2928349268999555e-07 
-2.2240767866883266e-08 
-1.402676055700186e-07 
-3.8977763251519023e-08 
1.1853604365376202e-07 
8.9295711319502024e-08 
-5.5830402502549161e-08 
-1.2609241428886037e-07 
-5.5623005274729544e-08 
1.0608338205646517e-07 
1.0625539942196608e-07 
-2.9074224708124634e-08 
-1.2079433416496306e-07 
-5.5233400246066834e-08 
8.6343788042855282e-08 
9.9757769014317697e-08 
1.654996680305654e-08 
-1.0718625981761903e-07 
-9.7658090680991417e-08 
1.7484865148197934e-08 
1.0538922367329787e-07 
6.8766054810789591e-08 
-5.8313872938661816e-08 
-1.0001035950527323e-07 
-5.5319050875253263e-08 
7.6316919419217482e-08 
1.0012552522674865e-07 
3.6106201058744343e-08 
-8.0283991630673323e-08 
-9.6371351555213036e-08 
-7.4520367962377126e-09 
9.489344314121869e-08 
1.0024546512815684e-07 
1.0507407723558349e-08 
-8.5980817730445233e-08 
-9.7215888927859881e-08 
1.0865717833315866e-08 
1.000487178500308e-07 
-1.0052626812589963e-07 
2.3315770678911536e-08 
9.0930371811907593e-08 
9.9910648479001745e-08 
-2.2436516099124145e-08 
1.0699375384491129e-07 
9.8004614728707804e-08 
-4.6751364073864267e-08 
-9.713531891467924e-08 
1.0582933949570187e-07 
-2.6850852077575234e-08 
-1.1486776501054733e-07 
-1.023227708501642e-07 
-5.2891478720313312e-08 
-1.0462079579323342e-07 
-1.1334288111165959e-07 
-2.4420893148002639e-08 
-1.2331000340298524e-07 
-1.1222360113931243e-07 
-4.7920691279603042e-08 
-1.107408868783135e-07 
-1.2337961079277371e-07 
-1.3157005412744509e-08 
-1.2739923310133125e-07 
-1.2796462990764032e-07 
-2.9679190040235301e-08 
-1.1000648187896513e-07 
-1.3568939057257225e-07 
1.1114712254105852e-08 
-1.2216311990650005e-07 
1.4324924370921714e-07 
5.9582842708914315e-09 
9.6060722726630072e-08 
1.4532257629565003e-07 
-5.097359521778711e-08 
9.8315805228883151e-08 
-1.4641961951949484e-07 
-5.329243926106367e-08 
-5.8284584554876939e-08 
-1.4283404951780084e-07 
9.3993287323037861e-08 
-4.3521291568558484e-08 
1.2899468095246817e-07 
9.0764381431762283e-08 
-1.2933602279425757e-08 
1.1337978810357352e-07 
-1.117656029523317e-07 
-2.8169543293700333e-08 
-7.656879011158343e-08 
1.035910617593312e-07 
7.1027487469991713e-08 
3.24075966498754e-08 
9.9710653040101925e-08 
-6.6091859550093833e-08 
-3.060090177036449e-08 
-7.3034500438359778e-08 
7.8997847911318888e-08 
4.0744941827445432e-08 
3.2342142429450487e-08 
-7.3113018963969366e-08 
-6.084214344504007e-08 
2.0384015865352216e-08 
5.0926051036140694e-08 
5.4151668995314476e-08 
-4.8379465877051555e-08 
7.0045032882027306e-10 
-5.0988055713350218e-08 
4.4361357562588968e-08 
-4.0854471053983856e-08 
7.3671361412157318e-09 
-4.2983823378659021e-08 
3.8416902412945067e-08 
3.5040116331870452e-08 
1.0761424424947732e-08 
-3.7218629205126268e-08 
3.5043069598934923e-08 
3.245304987611694e-08 
7.7141088641363095e-09 
-3.1595436111201648e-08 
3.2603482066179021e-08 
3.0874313712766955e-08 
3.6994893079347542e-09 
-2.7891735763716389e-08 
3.1142937398191386e-08 
-3.1250037601419697e-08 
-7.4931339750582804e-09 
-2.3337787129338723e-08 
2.9412711307429305e-08 
-2.9194066022454484e-08 
1.69235586867673e-08 
-1.8848980401153235e-08 
2.7983505098901736e-08 
-2.7623501236810205e-08 
2.8411560839193679e-08 
8.4474293073480859e-09 
-2.6010091783422406e-08 
-2.5246043294337203e-08 
3.2531184327869541e-08 
-8.6936924223617289e-09 
-2.3360057210378626e-08 
2.3489045924382269e-08 
-3.1693853950241651e-08 
-3.1377421044745186e-08 
-9.6269729675191655e-09 
1.9329951585693524e-08 
-2.9087267755846218e-08 
3.0906874558370974e-08 
-2.7265270728092925e-08 
-8.6122754388520577e-09 
2.6781471103454796e-08 
2.8037750500947874e-08 
-3.6335425234248067e-08 
2.3309644633618821e-08 
1.6594578078708613e-08 
-2.3422457161828e-08 
3.2991417626813657e-08 
-3.4476065090575464e-08 
2.2187998767501771e-08 
7.6444160439601852e-09 
-2.8603019772926118e-08 
-3.0762390508321472e-08 
3.1636266095341703e-08 
-2.6493960512307274e-08 
-1.2322096451840675e-09 
2.097045584199617e-08 
-2.7402127641476398e-08 
2.5558320307884266e-08 
-2.0423625925259657e-08 
1.2318103838408644e-08 
1.3744077582107376e-08 
-2.080480157454397e-08 
1.9063419926038127e-08 
-1.7707715125550602e-08 
1.3585113792512251e-08 
-4.3865021090893087e-09 
-1.3371711672053484e-08 
-1.3881378660677468e-08 
1.2985488197347672e-08 
-1.2056921906674097e-08 
9.9099967258362383e-09 
-9.767552110604834e-10 
-1.0183228538211002e-08 
1.0115531654392754e-08 
-9.4738020783033941e-09 
9.1847466546767008e-09 
-8.4145249406677512e-09 
5.9613768074769763e-09 
5.5665075683190732e-09 
-6.8233086943893606e-09 
7.7865863866890702e-09 
-6.975210814288271e-09 
7.7786473814277552e-09 
-7.1534767681595362e-09 
3.5905118505119702e-09 
5.5243593719929341e-09 
-6.6610716860856084e-09 
6.9983390728866662e-09 
-6.7997267665431716e-09 
6.9127508916234799e-09 
-9.1356538595843709e-09 
1.0434743999925617e-09 
8.5226781165141973e-09 
-7.0479617480114353e-09 
7.415536945493595e-09 
7.2662994385044517e-09 
-1.6310807218324947e-08 
1.9212135984462283e-08 
