275
5.7331489430174542e-08 
2.0487478259763862e-07 
1.5384933048826197e-07 
1.783294552311533e-07 
1.0178521488059324e-07 
1.1226726507111276e-07 
4.4077483953730799e-08 
5.2805940776617104e-08 
1.4295987584730058e-08 
2.4310476699909489e-08 
1.8402920278838183e-09 
1.4401457740699289e-08 
-8.5229894776194273e-10 
1.1690216631048195e-08 
-3.1014009280231164e-10 
1.1392714437718754e-08 
6.8296156506675909e-10 
1.0750698890984512e-08 
-6.1527502766701004e-10 
-9.4028568805947421e-09 
-1.1114637731622913e-10 
-8.0978543595275207e-09 
4.1853159510165685e-10 
-7.0051948568476275e-09 
7.3837436445708353e-10 
-6.0538565249256325e-09 
9.5904379221896592e-10 
-5.7590940907315172e-09 
1.0084283210551669e-09 
-5.7276566389788976e-09 
9.2747519437599954e-10 
-5.6255858492009242e-09 
7.2688113400898889e-10 
-4.8083994206269677e-09 
-5.3109663359551924e-10 
5.4633397654625697e-09 
3.8845112166736405e-10 
-5.9438122853402658e-09 
4.9316607649208003e-11 
5.4362349908601343e-09 
1.9627251875756484e-10 
-5.8544319611938847e-09 
4.7986254524248489e-10 
5.9284657576087098e-09 
6.3344730997581544e-10 
5.6568256913133658e-09 
7.4857066150191357e-10 
5.5892675329380231e-09 
8.652789032938394e-10 
5.8316201004548362e-09 
8.2129041876790576e-10 
5.1365029075584368e-09 
9.3499432899189674e-10 
5.5059343345947781e-09 
8.9502713618594303e-10 
5.21227802385068e-09 
1.0957155702839388e-09 
5.2267419922075971e-09 
9.0106953483513625e-10 
5.2300961430280044e-09 
1.0512432891056111e-09 
4.1526562594340921e-09 
9.2336041063627826e-10 
5.2667715791338571e-09 
-1.3167603674712825e-09 
-4.9859482050226456e-09 
-4.3073718261369806e-10 
4.1517098249114878e-09 
1.9399720263983084e-09 
-5.0276379277232651e-09 
-3.7771117993342961e-10 
-5.3427164370113239e-09 
1.4399508614654984e-09 
3.7979649021468214e-09 
-2.407407584513303e-09 
-4.9310400595448065e-09 
-1.3516439500737577e-09 
-4.9023008285803539e-09 
-2.5891294829396935e-09 
4.0468898910193855e-09 
1.7047889479784156e-09 
-3.4817365202272218e-09 
1.3735435120333255e-09 
6.5032450912502183e-09 
4.9135901654678625e-09 
3.2812853147061932e-09 
-6.7128738476783098e-09 
-1.9287519747173162e-09 
-3.5593858737406361e-09 
-5.3881721419532427e-09 
4.8994116914726392e-09 
3.9511985741749379e-09 
8.4130927039303985e-10 
2.2657562827243295e-09 
7.4514691903531507e-09 
-6.3359839283167493e-09 
-9.7018154587683656e-09 
-6.9699083510106917e-09 
9.5617892826223818e-09 
-9.6944643436351217e-10 
8.0575487025548716e-09 
1.3626811180459361e-08 
2.0404675993676617e-08 
1.5210616232552313e-08 
-2.0998745289872333e-08 
-3.2377514304216453e-08 
-1.7013870902136223e-08 
-2.7280581931664211e-08 
9.702913633849516e-09 
4.6522599112604289e-08 
3.5966572733992722e-09 
3.6458000367069127e-08 
9.9529263748385087e-09 
4.7567762612828168e-08 
-1.7469687078838012e-08 
-2.8180153258309934e-08 
3.4998364076665108e-08 
3.7607755224324023e-08 
-3.6992886834329785e-08 
-8.4615633749783851e-09 
4.5743491098650641e-08 
1.2440937103288508e-09 
-4.3005551542854741e-08 
2.9084347419154349e-08 
3.7727864245852804e-08 
-3.3743982260918125e-08 
-2.1914665933275285e-08 
5.8341298811397975e-08 
3.0496374570183151e-09 
-5.0768734984579038e-08 
3.1196780747659976e-08 
5.2651140350077729e-08 
-5.0811902271670472e-08 
-1.3125945933899128e-08 
6.8046831720472801e-08 
-9.8664567698174273e-09 
-5.7139771617917342e-08 
5.5597409698694217e-08 
4.2993886827378565e-08 
-6.5167151361170953e-08 
-3.0783130922688222e-09 
8.8064162051322354e-08 
-3.7610426779326911e-08 
-6.3137892976140367e-08 
8.1341994528458025e-08 
4.0988006939165904e-08 
-8.7491232058383632e-08 
1.3404705310313027e-08 
9.6045994658297956e-08 
-3.6274797510135072e-08 
-7.8577881792067546e-08 
8.0641556185139782e-08 
6.7326198105374969e-08 
-8.4500382206142559e-08 
-4.7374860246444892e-08 
1.1748166171866167e-07 
4.7207371004057079e-08 
-1.0755253243874289e-07 
-5.1135701916396021e-08 
1.3072167052561072e-07 
8.0457210123423789e-08 
-9.5732521663073839e-08 
-1.0150647528169355e-07 
8.4533022346630757e-08 
1.366913241613373e-07 
-9.0722859915445865e-09 
-1.3387503324421973e-07 
-3.1748560097747563e-08 
1.280850438841639e-07 
1.0099353612452097e-07 
-4.4110397962765626e-08 
-1.1796356961277661e-07 
-5.3080944836763479e-08 
1.2024203535619027e-07 
1.1281199519624613e-07 
-1.2497921699111585e-08 
-1.1459291010359039e-07 
-4.6690701574626634e-08 
9.8785938676629726e-08 
1.1213425778114185e-07 
3.0877659168349725e-08 
-9.4473960387689855e-08 
-9.530397776077671e-08 
3.3014459342123838e-08 
1.1457776322438309e-07 
8.5872220626973133e-08 
-4.2687217905420871e-08 
-9.2955267445823222e-08 
-4.5089898806859587e-08 
9.3334689759935863e-08 
1.0883072857449202e-07 
5.9007854636047298e-08 
-7.0359910172108579e-08 
-8.7415702592182542e-08 
9.9022577666617587e-09 
1.0861364832128677e-07 
1.1213422392619224e-07 
3.4164284989021383e-08 
-7.9538456353731977e-08 
-8.3676080213895063e-08 
2.9140157291829815e-08 
1.1413243280402918e-07 
-1.2090089416379427e-07 
3.5082696434642828e-09 
8.515249646242568e-08 
8.2093579629529579e-08 
-3.9823848810460709e-08 
1.225818141513152e-07 
1.2344333833065671e-07 
-3.2579642822787552e-08 
-9.0633971342962148e-08 
8.6444144576096763e-08 
-4.3660471010562689e-08 
-1.3170386519155172e-07 
-1.2929314971271629e-07 
-4.1476193470683271e-08 
-9.6926136535901805e-08 
-9.4869145346714167e-08 
-4.0706737592270173e-08 
-1.4003500236865659e-07 
-1.3763216406624132e-07 
-3.7639045734244258e-08 
-1.025752888877981e-07 
-1.0879077518236839e-07 
-2.8490719524868062e-08 
-1.4199488332085766e-07 
-1.4952143537815097e-07 
-2.1002720072423894e-08 
-1.0230696479980408e-07 
-1.2792667062869353e-07 
5.0764763848034724e-10 
-1.3202904874334858e-07 
1.588398907833652e-07 
1.1781568723097267e-08 
9.1068506855202105e-08 
1.4607467990188351e-07 
-4.8335802211195152e-08 
1.013932630475393e-07 
-1.5401803486862243e-07 
-5.5152721561806154e-08 
-5.8404870959984292e-08 
-1.5037029417163664e-07 
9.9778523758367179e-08 
-3.7637514541769228e-08 
1.2795790683532742e-07 
9.0163795350547758e-08 
-9.9496276440270754e-09 
1.228821315677223e-07 
-1.2142319247386101e-07 
-3.46176034823071e-08 
-7.0892428493601754e-08 
1.0706561739393234e-07 
7.3617489017311663e-08 
2.2937855657851676e-08 
9.477734121343046e-08 
-6.1450566410012333e-08 
-2.4634292841263073e-08 
-9.4044878425406945e-08 
9.3485972821170396e-08 
6.584831185962102e-08 
-2.1395215326876747e-08 
-4.8843643598624031e-08 
-4.3959663555104134e-08 
2.9295863420722511e-09 
7.821664885466102e-08 
5.1431179432164773e-08 
-5.4437619671306078e-08 
8.9092702923030537e-09 
-5.5272216996726754e-08 
4.985938036552149e-08 
-3.8486404533808893e-08 
5.5483636656641115e-08 
-7.5705478884896513e-08 
7.1481274807561455e-08 
1.2112416127983925e-07 
