393
-1.0695773465824896e-10 
-2.2580459117549289e-10 
-2.1331006017123729e-10 
-1.6427076442784562e-10 
-8.7316981043758757e-11 
4.7666830090388055e-11 
7.7213733512475329e-11 
1.7705590845474163e-10 
1.5180124834954076e-10 
2.1258862564178029e-10 
1.6594876121457255e-10 
2.0901928642370624e-10 
1.5755463373115962e-10 
1.9465941504644245e-10 
1.5160031676742571e-10 
1.9394810463902003e-10 
1.495635244411572e-10 
1.9070377747425715e-10 
-1.477195655038594e-10 
-1.8550614925769445e-10 
-1.4332177500575705e-10 
-1.7922241645218229e-10 
-1.3601002545530475e-10 
-1.7048271017269242e-10 
-1.2951513537184498e-10 
-1.6096525481904801e-10 
-1.2840761429630481e-10 
-1.6127440776831675e-10 
-1.2940964157164339e-10 
-1.6266111870137176e-10 
-1.2770412732615953e-10 
-1.580172059575579e-10 
-1.1828650402649145e-10 
-1.3227893989107661e-10 
1.0620369061737631e-10 
1.4775954650793491e-10 
-1.2683079357809063e-10 
-1.5475472749428315e-10 
-1.155988485239693e-10 
1.3548390540380053e-10 
1.1191049285062405e-10 
-1.4040429246680534e-10 
1.1626513055465952e-10 
1.3706183803226731e-10 
1.0760244313529926e-10 
1.2926006036113595e-10 
1.0490634638924144e-10 
1.2558851863151167e-10 
1.0791485061645642e-10 
1.2907605591238284e-10 
9.5940852779146397e-11 
1.1340018276331942e-10 
1.0092752862419275e-10 
1.1995616988896105e-10 
9.3401439996134778e-11 
1.1244727197541274e-10 
9.8666327692830131e-11 
1.245448083497025e-10 
8.8571655090845282e-11 
7.65291339123222e-11 
1.1233070916430845e-10 
1.9281914165674088e-10 
1.8006767116240779e-11 
-2.2272213267168454e-11 
-2.9527476165083104e-10 
-3.8733646107367788e-10 
4.9493624203042467e-10 
-2.9169782724014129e-10 
9.3985333997704326e-10 
-2.7735651420764565e-10 
7.4214325474417e-10 
-3.5013997690782388e-10 
4.5442840115331726e-10 
-7.0860257296439703e-10 
-1.2602322516768905e-09 
-9.0621324393304299e-10 
-2.3483693521465821e-09 
-2.5596145664371407e-11 
-1.571892443427647e-09 
6.6300567340217516e-11 
4.0050940177816908e-10 
1.1493998675626201e-09 
5.440427611071127e-10 
2.6002779520709987e-09 
7.0011314651612676e-09 
-5.5139852314011409e-10 
-6.8183606719123116e-09 
2.1829611939680468e-09 
-5.4964305296061093e-09 
-2.1497250246928884e-09 
4.1262791528172966e-09 
1.1124921809704641e-10 
2.5793869280047881e-09 
-2.9369986115021744e-09 
1.0097969464600203e-08 
-4.0201403112626884e-09 
-1.8888945737531817e-08 
-3.2697817027572287e-09 
1.5076601552136824e-08 
-6.012620303718973e-09 
1.7133680226732221e-08 
9.9767025911832772e-09 
3.1924929078736467e-08 
2.2892055813649988e-08 
-3.7942681341417757e-08 
-3.5125364238116104e-08 
-2.6790728522552463e-08 
-4.1538858960072889e-08 
2.1278937796621587e-08 
5.4590806506732776e-08 
9.0686124389547513e-09 
5.5974158990421649e-08 
5.4861911273832409e-09 
5.8958149461243171e-08 
-2.0439707802947317e-08 
-4.8456351471653591e-08 
4.0172578508803298e-08 
4.8690800372843824e-08 
-4.9626112119099383e-08 
-2.3489380714068076e-08 
5.7194979907436839e-08 
1.3546416049389216e-09 
-6.2086829557983848e-08 
2.4403390908550792e-08 
5.0747874310764866e-08 
-4.666351159909256e-08 
-3.7448537188200167e-08 
6.5404345175307314e-08 
9.6976835313091322e-09 
-7.3589351413204907e-08 
2.9590346798364866e-08 
6.3698793283249482e-08 
-6.3228055776053575e-08 
-3.1976936299318456e-08 
8.0308654780224478e-08 
-1.1149297662365459e-08 
-7.8020625846150574e-08 
5.3238290174165449e-08 
5.68229633740551e-08 
-8.3437464078155211e-08 
-1.5984968804962058e-08 
9.7820518252698328e-08 
-3.9583411028907401e-08 
-8.8426427253805086e-08 
8.5981571457558411e-08 
4.9346497710219802e-08 
-1.0634199681513281e-07 
-1.9711263405375874e-09 
1.097554862703376e-07 
-4.1992841549486919e-08 
-1.0122436185644119e-07 
7.6868488244244446e-08 
8.2613980887239214e-08 
-1.0113771332074232e-07 
-6.7160062394655243e-08 
1.1841339463007667e-07 
6.1179780980300987e-08 
-1.2662647994764895e-07 
-7.1786452884067547e-08 
1.2811724044970634e-07 
9.5593070058451722e-08 
-1.0866967729718962e-07 
-1.2304746307278066e-07 
6.9765806540639625e-08 
1.4768401471723109e-07 
-9.1426830843234842e-09 
-1.5213855396396741e-07 
-5.5756169569868868e-08 
1.2255603049623561e-07 
1.0767205669011617e-07 
-4.7481170689916457e-08 
-1.4043712914734535e-07 
-7.1875975943341444e-08 
1.0845661599136348e-07 
1.2242467446224144e-07 
-1.8628687776215749e-08 
-1.3080461209774652e-07 
-7.0342680067999117e-08 
8.6713171577245067e-08 
1.1496813403933647e-07 
2.9855768985960616e-08 
-1.1380210081635277e-07 
-1.1149037210396032e-07 
9.8962706826762208e-09 
1.1525605009760414e-07 
8.3663418727746204e-08 
-5.6381511283231752e-08 
-1.1266005795584085e-07 
-6.7730445438784929e-08 
8.0552639702984057e-08 
1.1234298389005145e-07 
4.7296689491945844e-08 
-8.5684167795603329e-08 
-1.0920614531936571e-07 
-1.2582460898725893e-08 
1.0520684241404926e-07 
1.1318929318166605e-07 
1.6108200384845157e-08 
-9.4269395508803611e-08 
-1.0898248173447697e-07 
1.0892656275598518e-08 
1.1121887837424489e-07 
-1.12605710653393e-07 
2.4532071568753498e-08 
1.0020434277066649e-07 
1.09515989536582e-07 
-2.5995635108395077e-08 
1.1827295517794254e-07 
1.0721394883374234e-07 
-5.2195410351245164e-08 
-1.0674071086570487e-07 
1.1316358711332988e-07 
-3.2282016098544246e-08 
-1.2592624649184395e-07 
-1.0926556620631783e-07 
-5.9773865789610469e-08 
-1.1438489023737405e-07 
-1.1886798258524166e-07 
-3.0802176981030247e-08 
-1.3417087039768122e-07 
-1.178312641988691e-07 
-5.5170424988393726e-08 
-1.2054566953478014e-07 
-1.278325216230725e-07 
-1.9808903873227786e-08 
-1.3816269642522981e-07 
-1.3346928433093444e-07 
-3.6648104841223974e-08 
-1.1988865739911395e-07 
-1.4014548698544864e-07 
4.9078687249108009e-09 
-1.3314965959432462e-07 
1.498201108746287e-07 
8.0137142162515411e-11 
1.0612750544168732e-07 
1.5088984553269994e-07 
-4.6451757140166056e-08 
1.0966269402500447e-07 
-1.548166551573203e-07 
-4.9733616302556328e-08 
-6.8073474204960575e-08 
-1.5043847726259106e-07 
9.3008347290815259e-08 
-5.4326493827542595e-08 
1.3974888398039253e-07 
9.0678743701425742e-08 
-5.8013637236053171e-09 
1.2395376707057878e-07 
-1.150434956422338e-07 
-2.08543616853209e-08 
-8.9512703402769444e-08 
1.0788193077751138e-07 
6.9619226076341447e-08 
4.3418252432991331e-08 
1.0781806987012787e-07 
-6.3793613782515117e-08 
-2.2881719488151552e-08 
-8.5735702268074293e-08 
8.2694999777175543e-08 
3.5344924260410637e-08 
4.4446735461754677e-08 
-7.7082131241151445e-08 
-6.0460591856593249e-08 
1.0591504675528711e-08 
6.3451190262720217e-08 
5.3788102930401885e-08 
-4.6498360193781821e-08 
-1.1052332421167944e-08 
-5.8148321185784162e-08 
4.1608061778687712e-08 
-3.6770323946097889e-08 
2.1802200893536363e-08 
-4.7871163627566123e-08 
3.4727049501930519e-08 
2.9839546642091309e-08 
2.3267313608963531e-08 
-3.9218712002828391e-08 
3.0367975032647733e-08 
2.4965954041993682e-08 
2.1362833614480979e-08 
-3.337050091499109e-08 
2.7824114696289344e-08 
2.3704819587686915e-08 
1.5347535178324867e-08 
-2.8663891122886067e-08 
2.602457281340778e-08 
-2.4296085122597159e-08 
6.6910328341141492e-09 
-2.5086399060711135e-08 
2.4763326468114339e-08 
-2.4240240690820826e-08 
3.8053121622148746e-09 
-2.0956867990665688e-08 
2.3485503251584717e-08 
-2.3045506860703677e-08 
1.3591662815460762e-08 
1.4703257856347982e-08 
-2.2231212491382071e-08 
-2.1794243806964121e-08 
2.1541137823110922e-08 
1.4088956637425421e-09 
-2.0465332521578912e-08 
2.0266900190404933e-08 
-2.2819319526509049e-08 
-1.6202451591361991e-08 
-1.3121070841617036e-08 
1.8133053191575614e-08 
-2.2308432469717107e-08 
2.2978754466469228e-08 
-1.4120450731541664e-08 
-1.1061978501777839e-08 
2.106731993886438e-08 
2.1545928493926971e-08 
-2.3501675690551247e-08 
1.0036548930748892e-08 
1.5820646579942753e-08 
-1.9474806735571645e-08 
2.3489229956337381e-08 
-2.3422552180551909e-08 
1.0970222061866065e-08 
9.5050816702418856e-09 
-2.1223578753759141e-08 
-2.1719516808775516e-08 
1.9618684075375745e-08 
-1.4399150132640208e-08 
-6.0544142560152588e-09 
1.7349783716820237e-08 
-1.8344103473058691e-08 
1.6541161548457748e-08 
-1.1055523925291562e-08 
4.6426542375384294e-09 
1.2116383902277325e-08 
-1.4089093348913166e-08 
1.1015080534955647e-08 
-9.8822332154485611e-09 
5.6705629878686018e-09 
2.0111307948529486e-09 
-1.0382095481887614e-08 
-8.7429646386912834e-09 
6.4868870117824276e-09 
-6.0699611227115208e-09 
3.5790984709359803e-09 
2.751399658680424e-09 
-6.2513597815888875e-09 
5.2489104087821583e-09 
-4.0408747358680099e-09 
3.8668695921316212e-09 
-2.5719192208694038e-09 
-8.7966775506720134e-10 
4.2347245102030249e-09 
-3.4777740202708886e-09 
2.7362315322786962e-09 
-2.6455181223874555e-09 
2.1097728841872481e-09 
-1.9893662870930573e-09 
-1.0101441598124539e-09 
2.2327041927096226e-09 
-1.8927295110769565e-09 
1.8071337934667262e-09 
-1.5613401337148883e-09 
1.5239905144004983e-09 
-6.1597866568556577e-10 
-1.4318659220088896e-09 
1.4255838638719913e-09 
-1.3791165565179064e-09 
1.2424634485919501e-09 
1.1997732103689504e-09 
-1.1288467136073945e-09 
1.0958846986563847e-09 
-3.6506101101739196e-10 
-7.9012175727445057e-10 
9.3848819214824816e-10 
-8.5372207730580139e-10 
8.5628615553863042e-10 
-7.9255053903341737e-10 
7.6040360029065709e-10 
-4.9611624145479526e-10 
-5.3123857496145626e-10 
7.6877010641210213e-10 
-7.5404279094354552e-10 
7.6770558131915268e-10 
-7.7562182162053109e-10 
7.9497346610100027e-10 
-9.2065054958717989e-10 
1.104592546899439e-09 
-7.7473325519270702e-10 
-1.40030301995806e-10 
6.1310420830996684e-10 
-5.618039128450655e-10 
7.4557634421500175e-10 
-6.8395547957217051e-10 
7.6781479025673163e-10 
-8.2399322897666744e-10 
