393
-9.2140182125311277e-11 
-7.6645108861517286e-10 
-7.0723261011973728e-10 
-3.6812989838150059e-10 
-1.4715500841905425e-10 
3.9867665958509555e-11 
9.0468485381620134e-11 
1.6458768183942309e-10 
1.3104429028244336e-10 
1.4550826702328039e-10 
1.0839631642155537e-10 
1.1787973027541816e-10 
8.5565110650296921e-11 
9.5869820518890903e-11 
7.8563692291335761e-11 
9.846843608027294e-11 
8.276884292020747e-11 
9.7946342130453055e-11 
-8.148208278757629e-11 
-9.4018171062969899e-11 
-7.7380099088097547e-11 
-8.3841754600141166e-11 
-6.9938493391293894e-11 
-7.847790781539759e-11 
-6.6210921824626245e-11 
-7.3905951496847898e-11 
-6.7315985422561295e-11 
-7.6384483914794803e-11 
-6.9486919372624493e-11 
-7.6378089702143397e-11 
-6.6293242801959083e-11 
-7.111421543749236e-11 
-5.9669134343437018e-11 
-5.8026746166141314e-11 
5.4197894710017184e-11 
6.582682532332447e-11 
-6.4060162745255714e-11 
-6.9635647403663925e-11 
-6.1640887608784944e-11 
5.9964758827869097e-11 
5.5519649730787288e-11 
-6.2368651046989459e-11 
6.0071382117533966e-11 
5.7903047365241719e-11 
5.2973075528900037e-11 
5.8493781700721862e-11 
5.48186616173031e-11 
5.3088164103840836e-11 
5.529628032059988e-11 
5.7543668550409075e-11 
4.2445240321318003e-11 
4.1420550645053457e-11 
5.7968778238296582e-11 
5.4564522126819069e-11 
3.4119897820725818e-11 
5.1014233416380019e-11 
6.1058406727046875e-11 
4.5381125053518301e-11 
3.3072808990222365e-11 
3.1809401688698947e-11 
5.3663537007407517e-11 
1.0681750835180044e-10 
1.6405432037708693e-11 
-6.5359423967939602e-11 
-1.5116678671910282e-10 
-3.263631275552714e-10 
3.1919259312874415e-10 
-4.0037426449163274e-10 
6.7130652258668005e-10 
-3.3466491184047879e-10 
7.0481029192689368e-10 
-1.4072184604284454e-10 
6.4629737358773264e-10 
-7.6433873113514336e-10 
-4.9803292579135851e-10 
-1.3063308442372736e-09 
-1.5003600599512181e-09 
6.9935410381641834e-10 
-1.1020179761025648e-09 
8.3544493710274422e-10 
2.3699865195234414e-10 
2.837096879551275e-09 
1.6670747937118693e-09 
9.8931351265622664e-09 
1.3419892778946985e-08 
-1.2455062325572268e-08 
-1.479072231124259e-08 
-3.552258877132261e-09 
-1.3125441663528198e-08 
-2.2244157292006605e-09 
2.9935147879839491e-09 
1.3899364227039323e-09 
-2.0267499681116818e-09 
-2.0058100290841563e-08 
2.0464601832278398e-08 
-6.1368544599231221e-08 
-6.1468339422431428e-08 
6.8812537135706401e-08 
5.8856298775106896e-08 
4.5726072505455832e-08 
7.5973575022951916e-08 
-6.7214708620553499e-08 
1.52695729966236e-07 
-7.5656315385360092e-08 
-1.9857444067197135e-07 
3.037786988831915e-08 
-1.7246504523462157e-07 
-2.1948093011245959e-08 
1.8780894373523703e-07 
7.6067873241115637e-08 
1.6510601843468241e-07 
1.1973879724428143e-07 
-1.422778853871182e-07 
1.6291482148142572e-07 
8.1968494913506242e-08 
-1.7939181567052482e-07 
-2.3018457825112487e-08 
2.2924435762497197e-07 
-4.2147767745100344e-08 
-1.7163502730683261e-07 
1.1877063854687544e-07 
1.4856802254467473e-07 
-1.7632909038019066e-07 
-7.6499744184166907e-08 
1.9711954528477547e-07 
-7.0689212163724363e-09 
-2.1290803721198971e-07 
9.24234743276049e-08 
1.7480531153563015e-07 
-1.6863405925998438e-07 
-7.9588692190760932e-08 
2.135980136937491e-07 
-4.5884801932468935e-08 
-2.0311989033981909e-07 
1.4720902590022168e-07 
1.2832620568526488e-07 
-2.0888581691797188e-07 
-1.9113634613758212e-08 
2.2426820266328011e-07 
-9.0982865040088099e-08 
-1.807897438408479e-07 
1.7812091470104215e-07 
6.6714823915980323e-08 
-2.3507374824132561e-07 
6.4944242846897508e-08 
2.1747117078119113e-07 
-1.5686859508858942e-07 
-1.4754646422168925e-07 
2.1426707520834282e-07 
5.9530157450319996e-08 
-2.4562965669300062e-07 
2.0087915568188626e-08 
2.417641731888936e-07 
-8.1071734046714768e-08 
-2.2951832786910197e-07 
1.1839532221174917e-07 
2.2077776460654805e-07 
-1.2955434809476897e-07 
-2.2753301083042754e-07 
1.1767883053584756e-07 
2.4680959876062462e-07 
-6.8502561755465705e-08 
-2.5763453896352286e-07 
-5.8110984296991521e-09 
2.5651066699994287e-07 
1.0101455020702558e-07 
-2.1838542985884019e-07 
-1.8403079764931147e-07 
1.308935918135854e-07 
2.3385301005950791e-07 
1.240986981941427e-08 
-2.4063646441964802e-07 
-1.856175120261686e-07 
1.2393411951201168e-07 
2.3190146565629502e-07 
3.8705627182736909e-08 
-2.1096294617230693e-07 
-1.6850959161557504e-07 
1.0538534126262233e-07 
2.1744323168779942e-07 
9.4171005799697088e-08 
-1.8178146927782033e-07 
-2.0611132205967624e-07 
-1.2702480408601985e-08 
1.9589758025393233e-07 
1.6007695697455562e-07 
-8.625862930717799e-08 
-1.9934674782190516e-07 
-1.2117724804682258e-07 
1.3979646513598956e-07 
1.9431879221690078e-07 
7.1399505758580587e-08 
-1.5436835387695627e-07 
-1.7783142202206512e-07 
2.0743036203238898e-09 
1.8117182082716601e-07 
1.789038464018693e-07 
-7.9920502309014055e-09 
-1.6740971683103087e-07 
-1.5067001575987383e-07 
5.9268708948312166e-08 
1.7761004962858707e-07 
-1.4263990735586537e-07 
8.3657231392683995e-08 
1.6735228412968837e-07 
1.2148688248633181e-07 
-8.9503194826683503e-08 
1.7310569064580955e-07 
1.0035825439240535e-07 
-1.2001660433371521e-07 
-1.6522271934049e-07 
1.0116123120174259e-07 
-9.9733238011294285e-08 
-1.6927956514853837e-07 
-8.1372024836155446e-08 
-1.2648405559861978e-07 
-1.6392512075207904e-07 
-9.0215951296081954e-08 
-9.9047641909770252e-08 
-1.6754807661984876e-07 
-7.90957161753857e-08 
-1.2044794874224459e-07 
-1.6268171284329051e-07 
-8.9438487499192094e-08 
-8.8605476180123208e-08 
-1.6586225979038563e-07 
-9.1739998611584277e-08 
-1.0325848561573928e-07 
-1.5883868545093875e-07 
-9.8907838106019391e-08 
-6.5860241246952015e-08 
-1.6169038475689221e-07 
1.1285484443440658e-07 
-7.0695494935128189e-08 
1.4871277632416647e-07 
1.1409041668245689e-07 
2.6033093243673679e-08 
1.4813812485072731e-07 
-1.3002953682253614e-07 
2.330756232940595e-08 
-1.2306321377474011e-07 
-1.27565187816467e-07 
2.6045757060665187e-08 
-1.1291184976046533e-07 
1.3651105970701438e-07 
2.4079045767095799e-08 
6.584206501939487e-08 
1.3401050055819951e-07 
-6.5207232576221735e-08 
5.1971637116987701e-08 
-1.2470859476220603e-07 
6.003356871903248e-08 
2.4480996518820424e-09 
1.0188716521324641e-07 
9.1364610185321451e-08 
2.585876772770108e-09 
4.9801099215712887e-08 
-1.0396182172339114e-07 
3.6624466827735823e-08 
-3.6089228796788931e-08 
9.5656502883030472e-08 
-3.8174668974284245e-08 
-3.9872228360947534e-09 
-6.1756255533879307e-08 
7.8956170183294042e-08 
-2.9306386454674354e-09 
1.4561425523031099e-08 
-7.7049560802629042e-08 
-4.4356693496170628e-08 
-1.9494545212952107e-08 
2.7255539475591273e-08 
7.5616151709228746e-08 
-1.653849321420746e-08 
-2.8368094076784486e-08 
-3.7207093865805272e-08 
6.5421609760380338e-08 
-7.4533612180797447e-10 
-3.344626888346394e-08 
-4.4772577158662699e-08 
5.4133385748338851e-08 
7.8050110441840439e-09 
-3.6163594273568873e-08 
-4.6750294634864898e-08 
4.7152885969890284e-08 
1.2200529305994604e-08 
-3.7303924732637511e-08 
4.3359918279510238e-08 
4.8166615894500194e-08 
1.3369716672383815e-08 
-3.7416549077434199e-08 
3.9242240970025578e-08 
-5.2049168812849641e-08 
1.0720043934102361e-08 
-3.7091023818595055e-08 
3.7116283152512564e-08 
-5.6495516412458237e-08 
5.8601486921255881e-10 
3.609727536558664e-08 
3.5753813763333969e-08 
-5.5792914585040549e-08 
2.4809974285527061e-08 
3.3354167458895973e-08 
-3.4355716577574696e-08 
5.0362376387070193e-08 
5.2272368488405237e-08 
1.3223789324455466e-08 
-3.0441420818735386e-08 
4.701473265371102e-08 
-5.037431240032958e-08 
4.4107669872412685e-08 
1.4749254378331455e-08 
-4.4147371058857495e-08 
-4.6374237049140128e-08 
5.7008983945852201e-08 
-3.1699102053058446e-08 
-3.091138218727743e-08 
4.1407531174864111e-08 
-5.4009437273051951e-08 
5.502113613672965e-08 
-2.9449693961251774e-08 
-1.884489181064094e-08 
4.8421136116248924e-08 
5.0383903905025741e-08 
-4.6848907556154043e-08 
3.5052678654197234e-08 
1.2544809630572244e-08 
-3.9844125897643794e-08 
4.2846908427305977e-08 
-3.8576103214010832e-08 
2.5425997075202286e-08 
-9.7397671298659235e-09 
-2.9494401116650629e-08 
3.3353485236935292e-08 
-2.5180189248502061e-08 
2.2359826707269127e-08 
-1.1550684403807773e-08 
-7.1052204265008069e-09 
2.4722203569689876e-08 
1.9726190559394473e-08 
-1.3387051064046217e-08 
1.2279684178484931e-08 
-5.2407267422185723e-09 
-1.0860547885641045e-08 
1.4445398235909931e-08 
-1.1114295407936562e-08 
7.0083544153661168e-09 
-6.7554246925020632e-09 
2.6451228766249001e-09 
6.4634876307235431e-09 
-9.8408622648506533e-09 
6.2594837510178577e-09 
-3.4606326236173046e-09 
3.2916850304272369e-09 
-1.0798260366404811e-09 
6.9657141768825128e-10 
7.7903833641483929e-09 
-4.0581956849991402e-09 
1.0670642632589681e-09 
-1.2425094654101665e-09 
-2.554589243056424e-10 
-4.5493598783676921e-11 
-3.9790512983401068e-09 
5.0033385591387689e-09 
9.4055379356058561e-11 
-1.6842812345114944e-10 
1.069237643480686e-09 
1.0142863485923025e-09 
-2.2339114458584231e-09 
2.6849843108014693e-09 
-5.3410358858490212e-09 
1.0112549563606954e-10 
1.9795258284809733e-09 
-1.4905854572067436e-09 
2.9137438384830451e-09 
-2.6411208153145595e-09 
4.2861652996524345e-09 
-5.3964679075839858e-09 
1.9158456246998339e-09 
2.1827141954686966e-09 
-3.3980063136639182e-09 
3.9353946009640916e-09 
-4.4640754435223755e-09 
5.2189283272783658e-09 
-5.9809427388916781e-09 
7.3873298244686985e-09 
-4.155594751793627e-09 
-3.0750342584679691e-09 
7.2091823245893007e-09 
-6.530211445849316e-09 
8.811487723323294e-09 
-9.3855012341026998e-09 
1.7913336293057125e-08 
-1.9718168442025704e-08 
