342
-2.9584123248500719e-11 
-5.0043267090500512e-09 
-9.1317938132563212e-09 
-1.0701785731246992e-08 
-8.1459899772918994e-09 
-8.4554945325740523e-09 
-4.8942149225196866e-09 
-5.1780941613101087e-09 
-3.2328547457240816e-09 
-3.6517475509561203e-09 
-2.5310899716143872e-09 
-3.0128640937763013e-09 
-2.1769408989999639e-09 
-2.5620660343282382e-09 
-1.9092583101437791e-09 
-2.2564613854415649e-09 
-1.650940935544045e-09 
-1.9786379708703276e-09 
1.4762320974213794e-09 
1.7689631079984782e-09 
1.3386288994833072e-09 
1.6271687208607196e-09 
1.2184538985171039e-09 
1.472080705559143e-09 
1.1007731689290503e-09 
1.3232319492314927e-09 
1.0378908331453845e-09 
1.2591224450553338e-09 
9.9139096138165773e-10 
1.2174417192956192e-09 
9.4241964318021228e-10 
1.1490197613021345e-09 
8.5253650824052201e-10 
9.3849218845254873e-10 
-7.4674723045218945e-10 
-1.0219354235210485e-09 
8.6603659175039384e-10 
1.0350649518523914e-09 
7.5894433069442414e-10 
-8.878475650124195e-10 
-7.2613998766471279e-10 
9.0301781685800393e-10 
-7.4149689619484957e-10 
-8.6961185005003494e-10 
-6.7181419173272907e-10 
-7.9586491364438276e-10 
-6.4193484935460739e-10 
-7.6941963712346842e-10 
-6.5324034746759888e-10 
-7.8885495980474473e-10 
-5.9590632515067439e-10 
-6.8885080479379868e-10 
-6.0524831232699707e-10 
-7.1932355689812853e-10 
-5.4536110223522193e-10 
-6.695205196830423e-10 
-6.0219584091860168e-10 
-6.6591433676764817e-10 
-5.3154983955282751e-10 
-6.842949249511725e-10 
-4.9282741912460926e-10 
-4.2230679688408154e-10 
-5.5435459762772114e-10 
-7.819631601168839e-10 
3.7865370739265186e-10 
2.62270832765349e-10 
9.1823261019596621e-10 
-9.8422224606082079e-10 
2.5922917817928734e-10 
3.0684489833966478e-10 
1.3425042481371313e-09 
4.1744361694229497e-10 
1.0364806647629815e-10 
-1.4029268077446227e-09 
-2.7941010148782883e-10 
-7.5374636067605743e-10 
-2.401183644783647e-09 
1.0851085414535101e-09 
-9.3601078903083483e-10 
4.0441186203179913e-11 
-3.5081598248743184e-10 
2.7890096328486163e-09 
1.2570138222106609e-09 
6.6753106968749356e-09 
1.3065921943704471e-08 
-8.0331764732571514e-09 
-1.2646638689502836e-08 
-7.722195575496073e-11 
-1.1659774243926678e-08 
-2.5336898007210311e-09 
3.9618540020435422e-09 
3.6940987991777644e-10 
1.6001637146229972e-09 
-1.3313435599940089e-08 
2.1842987124833891e-08 
-3.3736035350809356e-08 
-5.5807123039855535e-08 
3.2089748168094672e-08 
4.9357976712156956e-08 
1.7216229061820829e-08 
6.0551588674533006e-08 
-2.4479962875044273e-08 
1.1441407269012936e-07 
-1.4407290681623482e-08 
-1.4487705793468408e-07 
-1.9264025147043127e-08 
-1.1775472699674455e-07 
-5.2462706067464848e-08 
1.2011539727690118e-07 
9.1201414211698802e-08 
9.4577037850690729e-08 
1.1571226938567527e-07 
-6.9657432387728887e-08 
1.3931007904322551e-07 
2.3381946747908324e-08 
-1.3827402660320025e-07 
2.4059123594167034e-08 
1.6197049773007434e-07 
-6.6772604138318248e-08 
-1.1017975500688158e-07 
1.1136368270757456e-07 
7.8414556122301507e-08 
-1.4626994493449292e-07 
-2.0295262059577818e-08 
1.4569289857207883e-07 
-4.2782458231991775e-08 
-1.4307924206009967e-07 
1.0122602379024959e-07 
9.9318693398506835e-08 
-1.4805929755236065e-07 
-1.9638794592428156e-08 
1.6219044533724196e-07 
-7.266721957575336e-08 
-1.3327892834159453e-07 
1.3736957170592393e-07 
6.0978934707848062e-08 
-1.6901225727214672e-07 
2.6062334709373116e-08 
1.6085334122536371e-07 
-1.0644132525227839e-07 
-1.1024368738500041e-07 
1.611739380184646e-07 
1.1016669595393058e-08 
-1.861191601047955e-07 
8.8644291640892994e-08 
1.5031368505667302e-07 
-1.5171443553877394e-07 
-8.3564569094896654e-08 
1.8347904025704362e-07 
8.3430023767701526e-09 
-1.9615382526168911e-07 
5.3995831957290907e-08 
1.8194706851818844e-07 
-1.0108195726417255e-07 
-1.6734905934129782e-07 
1.2821711739517453e-07 
1.5846501471474054e-07 
-1.3753588058307997e-07 
-1.6810878196528329e-07 
1.2784352827064206e-07 
1.8889707448232465e-07 
-8.9063113852888242e-08 
-2.0730149067394609e-07 
2.5030114518343149e-08 
2.1501042826049297e-07 
5.7472718501290302e-08 
-1.933431357294134e-07 
-1.3495236977310864e-07 
1.2542743707273784e-07 
1.8437732765273199e-07 
-8.6215534617083447e-09 
-2.0025773942654956e-07 
-1.4338544410512151e-07 
1.127065527480602e-07 
1.8808769596331354e-07 
2.1135973256480008e-08 
-1.763167629394815e-07 
-1.3371428777839949e-07 
9.0140901512362763e-08 
1.7702746092974179e-07 
7.5394614083066546e-08 
-1.4989625826191629e-07 
-1.7015761851504399e-07 
-1.3662121436503645e-08 
1.5983636536089933e-07 
1.3567601295944181e-07 
-6.5703600465671128e-08 
-1.664095201768383e-07 
-1.0950703707226306e-07 
1.0856823351614912e-07 
1.6238699944773765e-07 
7.2458097167509852e-08 
-1.2220313405964362e-07 
-1.5667603439304659e-07 
-1.6067348443235794e-08 
1.506001008177569e-07 
1.5815102040350862e-07 
1.2904824610934212e-08 
-1.3753816593339292e-07 
-1.4448074321191282e-07 
2.9729381199111403e-08 
1.5481646539071655e-07 
-1.4142015318808086e-07 
5.2680924320635338e-08 
1.4312447803257961e-07 
1.2967592927048005e-07 
-5.736613452747097e-08 
1.5779282071030573e-07 
1.1595218492708431e-07 
-9.0488697581875288e-08 
-1.4717603455351333e-07 
1.198353812613811e-07 
-6.8872110577400243e-08 
-1.6079297592467433e-07 
-1.057210327757646e-07 
-1.002623864584457e-07 
-1.5196617356818802e-07 
-1.1578259193918026e-07 
-6.9785017528632847e-08 
-1.6517035130745845e-07 
-1.0799220320790287e-07 
-9.6225555276029407e-08 
-1.5592140333172287e-07 
-1.1915152041294312e-07 
-6.0087265871789612e-08 
-1.6739493997656788e-07 
-1.226962114939506e-07 
-7.8323015663961553e-08 
-1.5475248537674029e-07 
-1.3058568985533264e-07 
-3.5759885422224831e-08 
-1.6387900220372494e-07 
1.4364239313848664e-07 
-4.191708513734781e-08 
1.434051553998096e-07 
1.4546728191359759e-07 
-7.9560485630390482e-09 
1.4585234467381683e-07 
-1.5779613247779013e-07 
-1.0885127970810943e-08 
-1.107068346613672e-07 
-1.5489147876435146e-07 
6.3102161443991702e-08 
-9.8511111174376509e-08 
1.5662302044805066e-07 
6.103689085056132e-08 
3.9317625216728532e-08 
1.4825237378873172e-07 
-1.0007146550279382e-07 
2.3545530971363895e-08 
-1.2690945577766288e-07 
9.4391742121518714e-08 
3.6979895864219154e-08 
8.9600748243053836e-08 
1.160517422147999e-07 
-3.0719953840174093e-08 
2.2001480241476696e-08 
-1.1542050817963671e-07 
6.821493992411805e-08 
-5.9575293033798749e-09 
8.9497594190624561e-08 
-6.7045050599249524e-08 
-3.5213299619111322e-08 
-3.8320292399750948e-08 
9.1010714696915404e-08 
2.759007354655924e-08 
-1.5358028206946931e-08 
-6.1431847484788843e-08 
-6.4928667850278164e-08 
9.2737332555487848e-09 
-1.2504581784897525e-09 
6.9856653942236645e-08 
-4.129256577205528e-08 
-6.8742609318408301e-12 
-9.9823623018435153e-09 
6.4141575174347478e-08 
-2.5215866131040288e-08 
-7.0102733836525477e-09 
-1.9221506360503727e-08 
5.8339710154827536e-08 
-1.6680821288578224e-08 
-9.6798379386327038e-09 
-2.1224329300724993e-08 
4.9689874081591464e-08 
-1.1165139453705154e-08 
-1.2298141038864159e-08 
1.8484422058114984e-08 
4.8618419219215015e-08 
-9.3126391868795915e-09 
-1.2059620849213238e-08 
1.4357037390583265e-08 
-4.4186046995570125e-08 
-9.4576656693329492e-09 
-1.284092059360327e-08 
1.2814013223206872e-08 
-4.3452325228703335e-08 
1.7392246770400255e-08 
1.1788078789441696e-08 
1.1950184561935008e-08 
-3.3503637637170476e-08 
2.9347428606841683e-08 
1.0527083192361689e-08 
-1.1360689084154528e-08 
2.7430947974179411e-08 
4.1303133848158735e-08 
-5.6534869607912402e-09 
-8.4024203619376908e-09 
2.2790890148917703e-08 
-2.6723284813098261e-08 
3.5749153484057264e-08 
-2.2434855102497334e-09 
-2.1244695615215321e-08 
-2.3420860549289342e-08 
3.8363710750199339e-08 
-3.2057259261636282e-08 
-9.3096444112129455e-09 
1.8841321239843344e-08 
-3.1861807849865411e-08 
3.6108955212578222e-08 
-2.7855454392369986e-08 
-2.2054506387658222e-09 
2.8075825355095227e-08 
3.1224291871167317e-08 
-3.5981488335029496e-08 
3.1570856514583857e-08 
-4.0820732258854294e-09 
-2.0624774267577316e-08 
3.0247631355829659e-08 
-3.0273256434479943e-08 
2.5551980375968242e-08 
-1.831654935052332e-08 
-1.4624573121146816e-08 
2.4974046502635254e-08 
-2.3588821393215292e-08 
2.4542899508025537e-08 
-2.0289151706235421e-08 
4.3558631189380483e-09 
2.0159780343600086e-08 
2.2522195728650555e-08 
-2.6857325640967977e-08 
4.2696878585777099e-08 
-4.8305491602479027e-08 
