342
5.3226842922638349e-09 
6.3454028493981485e-10 
-1.2979271164055737e-08 
-8.3393887318831797e-09 
-9.1246152289505675e-09 
-5.583035978111902e-09 
-4.9738412996167526e-09 
-2.8694418142863171e-09 
-3.1033067493566867e-09 
-1.9550338888006677e-09 
-2.3917781295796358e-09 
-1.6914530631495181e-09 
-2.0602917074738683e-09 
-1.4938485562973412e-09 
-1.7769004448072259e-09 
-1.3142750337698656e-09 
-1.5159480736389379e-09 
-1.1533827506033367e-09 
1.3422306553432301e-09 
1.0298229309402015e-09 
1.2065568508481025e-09 
9.6402712969236581e-10 
1.0875688796001677e-09 
8.8207300837306705e-10 
9.7305625871338511e-10 
7.9717784713430791e-10 
9.1420705676708454e-10 
7.63821934644479e-10 
8.6097801006851484e-10 
7.4458691773617235e-10 
8.1061276322391974e-10 
7.0823905197638319e-10 
7.3056094010149843e-10 
5.8030259516635422e-10 
-6.3729014163432999e-10 
-6.340306699033419e-10 
7.3475991888389834e-10 
6.4876564138819336e-10 
6.3378268202758347e-10 
-5.6097468467003565e-10 
-6.0389024614486752e-10 
5.7329651405995076e-10 
-6.1164295279402118e-10 
-5.5618072072695645e-10 
-5.526108458998305e-10 
-5.0645795061258679e-10 
-5.2413488848435365e-10 
-4.951767323112069e-10 
-5.3079766250528863e-10 
-5.0673806401041645e-10 
-4.837754241738864e-10 
-4.5370991810162058e-10 
-4.8210665570378366e-10 
-4.636258098446855e-10 
-4.4535313174296458e-10 
-4.3874744725298201e-10 
-4.6885993837069337e-10 
-4.4278367694972295e-10 
-4.2997108882440539e-10 
-4.4769674811267857e-10 
-3.9074836742941227e-10 
-2.7647101386213454e-10 
-4.2280341387213917e-10 
-5.3820845015859624e-10 
3.1975231732151334e-10 
1.1176610787375829e-10 
6.7693772755701622e-10 
-7.7085860895525918e-10 
1.9106167863500586e-10 
1.0075470565925228e-10 
1.0935487265344219e-09 
3.2698122408643218e-10 
2.4578487996148329e-10 
-1.0838940573693032e-09 
3.727473944269779e-11 
-9.0638251965639981e-10 
-1.6081172062611012e-09 
1.1386329271937439e-09 
-5.3759669585364837e-10 
6.0928272754831623e-10 
-2.6761965921866947e-11 
3.4624900606805053e-09 
1.0584934827216876e-09 
1.0892754059767983e-08 
1.3184914284306691e-08 
-1.5305572478326061e-08 
-1.4662972892690458e-08 
-5.1100682466911189e-09 
-1.40045973360562e-08 
-1.4165787851239745e-09 
1.8163838766626794e-09 
1.104197460177198e-09 
-4.1166767937398344e-09 
-2.3833130253307616e-08 
1.5350857106001637e-08 
-7.6087556195877498e-08 
-5.7336990631603738e-08 
9.1055505854067777e-08 
5.7163050581805554e-08 
6.2741986931937395e-08 
7.8567594658090736e-08 
-9.5261610108177236e-08 
1.6322113126956895e-07 
-1.1723416239285974e-07 
-2.1815037860098113e-07 
6.9048346660349978e-08 
-1.9572218973279423e-07 
5.3210790522917681e-09 
2.221952977629838e-07 
5.4072715709085462e-08 
2.0373334033804069e-07 
1.1042471847958882e-07 
-1.8696984048924055e-07 
1.6364953213919039e-07 
1.2083900753447026e-07 
-1.9485013350786765e-07 
-6.0433528238376094e-08 
2.6031921087567683e-07 
-1.8057400470707296e-08 
-2.0578940512538486e-07 
1.1215634819634786e-07 
1.9095749344441905e-07 
-1.8447753538093499e-07 
-1.158157887700409e-07 
2.1965505224352684e-07 
2.1977194305634754e-08 
-2.5090600810492789e-07 
7.6208615317543358e-08 
2.1991506850288743e-07 
-1.7151584931932996e-07 
-1.2159098659658862e-07 
2.3652907534525316e-07 
-2.1943185415473607e-08 
-2.4325959329555693e-07 
1.4352309089698117e-07 
1.7094142995028244e-07 
-2.2635441610549371e-07 
-5.3114124137051832e-08 
2.5810007772016359e-07 
-7.465429742213272e-08 
-2.2432237902645291e-07 
1.8050811075643329e-07 
1.0415935983631259e-07 
-2.6057416012585587e-07 
4.3786745794518468e-08 
2.567991532659141e-07 
-1.5491224248849174e-07 
-1.8901153461239034e-07 
2.2793165668809521e-07 
9.3866468455476104e-08 
-2.7374658684425397e-07 
-5.4701764411195283e-09 
2.7692378701432501e-07 
-6.5668067369524179e-08 
-2.6839944443195461e-07 
1.0857031689695206e-07 
2.5930873468326873e-07 
-1.2305155302004813e-07 
-2.6557176600684616e-07 
1.0902274214963532e-07 
2.8315207210576661e-07 
-5.5398048521114395e-08 
-2.9068040525944444e-07 
-2.6502000174368778e-08 
2.8338305011630269e-07 
1.2845988861677992e-07 
-2.3669890309016662e-07 
-2.167545659416627e-07 
1.354414299606702e-07 
2.6688958760314713e-07 
2.3753307497913557e-08 
-2.6991260508348461e-07 
-2.1434860418544331e-07 
1.3361545296235174e-07 
2.6236601135945735e-07 
4.738127722049225e-08 
-2.3786927487769375e-07 
-1.920413528108329e-07 
1.1860863065530043e-07 
2.4584234915583599e-07 
1.0386028085167622e-07 
-2.0754140391971822e-07 
-2.3212467701440879e-07 
-9.2726282229520389e-09 
2.2285556639821037e-07 
1.750439576669297e-07 
-1.0534075360520515e-07 
-2.2315344111158555e-07 
-1.2742116623027303e-07 
1.6429012834520082e-07 
2.1677786395992911e-07 
6.642707930718498e-08 
-1.7993787845755522e-07 
-1.917075970300949e-07 
1.78595799860487e-08 
2.0300892984718816e-07 
1.9161732933230727e-07 
-2.7095987186137091e-08 
-1.8948148996861145e-07 
-1.5256481072621486e-07 
8.2320459335882759e-08 
1.9242311888644447e-07 
-1.3958992920564234e-07 
1.0810807111697363e-07 
1.8386648184967083e-07 
1.1240989211639394e-07 
-1.1309079928672686e-07 
1.8137424917106505e-07 
8.480778354491323e-08 
-1.4118677984190485e-07 
-1.7605432859403039e-07 
8.437742885905464e-08 
-1.2116799733550812e-07 
-1.7157623784156068e-07 
-5.9850525224539033e-08 
-1.4368911344193465e-07 
-1.6916171337005859e-07 
-6.8597228320032323e-08 
-1.1821285081046463e-07 
-1.6462758299501212e-07 
-5.4768043450530884e-08 
-1.3521225284812969e-07 
-1.6321759010486738e-07 
-6.4943054570234225e-08 
-1.0654176436048998e-07 
-1.5943075493589075e-07 
-6.5911466905837981e-08 
-1.1789713815599397e-07 
-1.5653317463494629e-07 
-7.2750556976513744e-08 
-8.471650143454567e-08 
-1.5412810350801936e-07 
8.6568280666880257e-08 
-8.8058734301836878e-08 
1.4647717099833082e-07 
8.74756797768441e-08 
4.8268838392790183e-08 
1.4336527010561613e-07 
-1.0507503773877628e-07 
4.5437552207198992e-08 
-1.257124883826973e-07 
-1.0272764243697915e-07 
-1.6502734013016756e-10 
-1.170614923088521e-07 
1.1602102358850718e-07 
-1.5803047414105341e-09 
7.977949631634092e-08 
1.1690131062010919e-07 
-3.8562689028782334e-08 
6.7868068047523714e-08 
-1.1606559598306787e-07 
3.4409819321731767e-08 
-1.9994735304694006e-08 
1.0301421522962528e-07 
6.9449653805151603e-08 
2.4040066102802397e-08 
6.4369589813748792e-08 
-9.0195125869590796e-08 
1.420155181489368e-08 
-5.2232339744215886e-08 
9.2240918932007497e-08 
-1.6878896966819614e-08 
1.5961809034358035e-08 
-7.2294262147332311e-08 
6.6023952420219974e-08 
-2.1391931879866871e-08 
3.1876365527202042e-08 
-7.9835267764309925e-08 
-2.7630017062418843e-08 
-3.5862492514990604e-08 
4.2527481720895493e-08 
7.3655161608563561e-08 
-5.0844102338711182e-10 
-4.2814302268674588e-08 
-5.0244552920924734e-08 
5.9514272315406694e-08 
1.4404522296894374e-08 
-4.6645569033298345e-08 
-5.6283220841067664e-08 
4.7700198602732592e-08 
2.1381633189847034e-08 
-4.8229326794288489e-08 
-5.6980643159381274e-08 
4.009548766205264e-08 
2.5149953175094689e-08 
-4.8680854298011924e-08 
5.3968940928059926e-08 
4.4314048214325307e-08 
2.4815614028925505e-08 
-4.8076867066669356e-08 
4.9325581431459184e-08 
-5.0050660176435348e-08 
2.1753789873611484e-08 
-4.7214399200211537e-08 
4.7219665793159122e-08 
-5.9016968210492248e-08 
-8.1110604469720186e-09 
4.5735410314103359e-08 
4.495333770209492e-08 
-6.1311365306484313e-08 
1.8343542614486915e-08 
4.2457641198933308e-08 
-4.3547217264358327e-08 
5.7714819205445475e-08 
5.3501605313886622e-08 
2.14125112209335e-08 
-3.8417243090454689e-08 
5.4136151244512353e-08 
-5.6551141374801455e-08 
4.1557015133646057e-08 
2.3076354069865072e-08 
-5.1229264847318338e-08 
-5.3020370944888288e-08 
6.0252934312500023e-08 
-2.8535915299591418e-08 
-3.7552171213437906e-08 
4.7242012692920991e-08 
-5.7590103805338999e-08 
5.6526840889328686e-08 
-2.4793149622995701e-08 
-2.5669454370082057e-08 
5.2455038388542279e-08 
5.3085536790731416e-08 
-4.574963667251133e-08 
3.202331795129903e-08 
1.8066408766301184e-08 
-4.2342767835184087e-08 
4.1847307236675868e-08 
-3.5842736359517881e-08 
2.0621660165840946e-08 
-2.930453701907863e-09 
-3.2751539558213277e-08 
3.2127253003236002e-08 
-2.098664491821934e-08 
1.7657552255120124e-08 
-3.8697987605361771e-09 
-1.4894876730987436e-08 
2.5646421389431426e-08 
1.6765487826460728e-08 
-6.905921783333299e-09 
-6.4531947607886897e-10 
9.5697631751894169e-09 
