415
-7.551322206474601e-12 
-1.0112001160201174e-10 
-1.1486997902994535e-10 
-1.5927543728020171e-10 
-1.2043650322917324e-10 
-1.1291326274952602e-10 
-5.5331562902002881e-11 
-3.9835374770191145e-11 
-1.120300500616668e-11 
-6.6085861365099961e-12 
1.525298470681318e-12 
7.9883905254260226e-14 
2.3344326193040627e-12 
1.9862485745277812e-12 
4.4810464885887504e-12 
8.6601812423987484e-12 
1.0924068285971266e-11 
1.5992953370096235e-11 
-1.6700681560338251e-11 
-2.0759279931835066e-11 
-1.8851871706359797e-11 
-2.0564242645435824e-11 
-1.7507618895326444e-11 
-2.0231309786839632e-11 
-1.7741560053904094e-11 
-2.116888949299309e-11 
-1.9919581927874993e-11 
-2.371932412031799e-11 
-2.1953330570534349e-11 
-2.4766269680423049e-11 
-2.1652097407569333e-11 
-2.3315880551982569e-11 
-1.9208761000385291e-11 
-1.9206550047657471e-11 
1.7310050960345456e-11 
2.1969468973392718e-11 
-2.1231787435482612e-11 
-2.4197481831617646e-11 
-2.0280401884642467e-11 
2.1237222076904666e-11 
1.9291298595571558e-11 
-2.2244848293033465e-11 
2.0165889888081596e-11 
2.1659233986577485e-11 
1.9241539031448876e-11 
2.187225027765552e-11 
1.9483777490599877e-11 
2.0969982765003865e-11 
2.0030380741876116e-11 
2.057355674751216e-11 
1.5978431200353777e-11 
1.84849772398236e-11 
1.7927953423211636e-11 
1.9485127896614909e-11 
1.9296975926888578e-11 
1.8288388489756204e-11 
1.4994900408147325e-11 
2.9733766649316062e-11 
1.6226630036954421e-11 
-1.6788138221867388e-11 
4.0954893302591695e-11 
1.1969991180105529e-10 
-5.1693016090700032e-11 
-1.1706621524916565e-10 
-2.188925641651704e-10 
-3.0855854499068202e-10 
5.5584053800009694e-10 
-3.7722901780229457e-10 
8.7005245919792939e-10 
-2.0004571022571884e-10 
8.2112289903471357e-10 
-2.630050188146841e-10 
4.0322965286136633e-10 
-8.0259329001221703e-10 
-1.1776023272366232e-09 
-8.7173181113210239e-10 
-2.404372707917844e-09 
8.3115141902876246e-11 
-1.5202015095125736e-09 
1.273507946775162e-11 
3.1274804711608502e-10 
1.2674383974541317e-09 
5.7846319236798755e-10 
2.7267415358739312e-09 
7.4522485433661274e-09 
-8.6785010532136071e-10 
-7.1526714892411702e-09 
2.225011758042506e-09 
-5.8945062845648203e-09 
-2.214938842788583e-09 
4.1816109718714229e-09 
5.6696794113968427e-11 
2.6820939796471737e-09 
-3.3263756543222827e-09 
1.0896496318196398e-08 
-4.6734551909126147e-09 
-2.1017909297067786e-08 
-2.6555160272869492e-09 
1.6849605882016422e-08 
-5.8129917810732262e-09 
1.9274037721279689e-08 
9.6206741031350783e-09 
3.5637763464637281e-08 
2.3221094916882874e-08 
-4.2673899870292816e-08 
-3.6365191483570851e-08 
-3.0440798600016239e-08 
-4.3768822928290534e-08 
2.492893554926951e-08 
5.7876144073884912e-08 
1.1683663201280461e-08 
6.003122643703184e-08 
3.6443978921171686e-09 
6.3549907966306042e-08 
-2.0133038290350928e-08 
-5.296503805711922e-08 
4.1278398912233721e-08 
5.3665114333377465e-08 
-5.2096425174117454e-08 
-2.6872790213206939e-08 
6.0840948153545148e-08 
3.5894165471153808e-09 
-6.689370255961665e-08 
2.3851258043673997e-08 
5.5316298199524665e-08 
-4.8184295500743274e-08 
-4.1958597136462956e-08 
6.858058180578493e-08 
1.2721754557868612e-08 
-7.831816190684315e-08 
2.8885551235726004e-08 
6.872514344578545e-08 
-6.5441238944201788e-08 
-3.6309353088181967e-08 
8.439550789160825e-08 
-9.0468072506494729e-09 
-8.3274921604406832e-08 
5.3575302620891712e-08 
6.1867586397231561e-08 
-8.6318479973572175e-08 
-1.9833206474373443e-08 
1.022532956227609e-07 
-3.8590918522286218e-08 
-9.3982824259222163e-08 
8.7715032130624298e-08 
5.410335648366323e-08 
-1.1012770587893129e-07 
-5.2353658916815907e-09 
1.1453061181184713e-07 
-4.0785448816025137e-08 
-1.0678908841948394e-07 
7.7101399205232723e-08 
8.7957763480049543e-08 
-1.0267996063900952e-07 
-7.2455877659930451e-08 
1.2028937558521928e-07 
6.6238235633490137e-08 
-1.2860023125310492e-07 
-7.7028805142185176e-08 
1.2922873122361445e-07 
1.0079541487158102e-07 
-1.0866086159505856e-07 
-1.2806385414219947e-07 
6.7923811410726285e-08 
1.51844769338709e-07 
-5.8781897992990015e-09 
-1.5501571799431196e-07 
-6.0152424724619889e-08 
1.2303606745792178e-07 
1.1201859269847711e-07 
-4.5529790791201006e-08 
-1.4402518835524751e-07 
-7.6036185655708165e-08 
1.0865470941720521e-07 
1.2619414103031129e-07 
-1.6310943038913648e-08 
-1.3340889517801937e-07 
-7.4185088130754068e-08 
8.6546206991151202e-08 
1.1851575158294865e-07 
3.275879911129348e-08 
-1.1567437095902349e-07 
-1.1496270673380667e-07 
7.9021575002159098e-09 
1.1753312405775622e-07 
8.6964372635681627e-08 
-5.6388606771411999e-08 
-1.1583791674084257e-07 
-7.0795627159561318e-08 
8.1520497028024966e-08 
1.1516946804594894e-07 
4.9440492079600255e-08 
-8.7368108857458414e-08 
-1.1234753560914521e-07 
-1.3804307640252453e-08 
1.0762222896833218e-07 
1.1603820444444258e-07 
1.6787192840772988e-08 
-9.6533123823969171e-08 
-1.1179067895911663e-07 
1.0966584589857571e-08 
1.1376552477904984e-07 
-1.1496067825838746e-07 
2.5417713725917308e-08 
1.026284059446329e-07 
1.1172318671572098e-07 
-2.6932280428299129e-08 
1.2075726913508516e-07 
1.0868749282967221e-07 
-5.393880855774815e-08 
-1.0919312498853376e-07 
1.1475918506585985e-07 
-3.3665920596049971e-08 
-1.2828487698454347e-07 
-1.1011766653813669e-07 
-6.1797513553449596e-08 
-1.1683499974432577e-07 
-1.19975609326271e-07 
-3.2413755478569446e-08 
-1.3641809367649305e-07 
-1.1833623268594015e-07 
-5.727768372549839e-08 
-1.2298098705947652e-07 
-1.2864151988919539e-07 
-2.1501124006384873e-08 
-1.4036232062973363e-07 
-1.3394051734793704e-07 
-3.8753189369345058e-08 
-1.2235247783941316e-07 
-1.4090777462069948e-07 
3.2759106379839595e-09 
-1.3540793695069469e-07 
1.5056068987372389e-07 
-1.8823242664168417e-09 
1.0869175725431668e-07 
1.5187950533532474e-07 
-4.5126932598531959e-08 
1.1207648055057662e-07 
-1.5603551400843671e-07 
-4.8192313595401464e-08 
-7.0722838168965443e-08 
-1.5193045950853948e-07 
9.2395047744244413e-08 
-5.6805280578287566e-08 
1.4160589894498347e-07 
8.9890654525359225e-08 
-3.5186847468984478e-09 
1.2634584464744229e-07 
-1.1538956375442478e-07 
-1.8889208729377581e-08 
-9.2110541863558493e-08 
1.0811267511520331e-07 
6.854187952166323e-08 
4.6363264644366181e-08 
1.0945629453609669e-07 
-6.2784680454219135e-08 
-2.084473136539064e-08 
-8.8104133105602058e-08 
8.2782218545734212e-08 
3.3463052304598921e-08 
4.7583001665038204e-08 
-7.7573847536295845e-08 
-5.9912159159439627e-08 
8.1454112494686728e-09 
6.5698057859299075e-08 
5.3047462928595199e-08 
-4.5389441408298e-08 
-1.4231063718225484e-08 
-5.9576390251968627e-08 
4.0474949827904267e-08 
-3.5394642555341262e-08 
2.4802560442653329e-08 
-4.8258580332366564e-08 
3.3286697809595942e-08 
2.8007387933865056e-08 
2.6367763410795712e-08 
-3.9291253985524021e-08 
2.882566708423192e-08 
2.2916346600348984e-08 
2.3956445520254802e-08 
-3.3096752478275124e-08 
2.6144489000563399e-08 
2.1406359528420987e-08 
1.81475052022209e-08 
-2.843069415570513e-08 
2.4377664771600766e-08 
-2.2325848843465015e-08 
9.4659444227896703e-09 
-2.4806185194046722e-08 
2.3110542880672034e-08 
-2.246298841028216e-08 
4.4746407064216467e-10 
-2.1079487143329594e-08 
2.193467020814691e-08 
-2.1527241296256628e-08 
1.0317924121991479e-08 
1.5427227073172151e-08 
-2.0768014376546163e-08 
-2.0353688757582368e-08 
1.8407969402381597e-08 
3.7789499684790594e-09 
-1.9278667503409236e-08 
1.9046511913028952e-08 
-2.0365269061122851e-08 
-1.2897750089287598e-08 
-1.3236635506682813e-08 
1.7145825110389738e-08 
-2.0111514894187108e-08 
2.0475123740498324e-08 
-1.0786349133238892e-08 
-1.1294900194320364e-08 
1.9195549419201126e-08 
1.9526587021616364e-08 
-2.0286425092883125e-08 
7.4407199417188694e-09 
1.4912080837047389e-08 
-1.7803327324280091e-08 
2.0669551221710631e-08 
-2.0278507116767953e-08 
8.314537323800309e-09 
9.5725525670403983e-09 
-1.9025065392856585e-08 
-1.9230105518320446e-08 
1.6728960493616021e-08 
-1.1840984831431153e-08 
-6.3677121838015971e-09 
1.5728726667081982e-08 
-1.5888263391033151e-08 
1.4160185198140381e-08 
-8.9204653132436605e-09 
3.0484575796040804e-09 
1.1409588685344706e-08 
-1.243923502959508e-08 
9.2379661419841927e-09 
-8.2492246395520269e-09 
4.2682687124173601e-09 
2.6478663780375317e-09 
-9.2779535451820018e-09 
-7.4587379318285104e-09 
5.2186414451222658e-09 
-4.886337824925282e-09 
2.4325553664912284e-09 
3.3867900752087676e-09 
-5.4824375084293637e-09 
4.409817270854205e-09 
-3.1279045759048443e-09 
3.029865403747537e-09 
-1.7159115570885402e-09 
-1.5054715168567481e-09 
3.7677010746521834e-09 
-2.8372604924459984e-09 
2.0186213613772314e-09 
-1.9876208215080985e-09 
1.36427383119487e-09 
-1.264047626843053e-09 
-1.7597115667451174e-09 
1.9433181908417513e-09 
-1.3476453983940319e-09 
1.3309359685750803e-09 
-1.0076760250802855e-09 
1.0240554913542455e-09 
1.2564072879269886e-11 
-1.5332172272855746e-09 
9.8383094461651749e-10 
-9.7161965815161626e-10 
7.5916187959121581e-10 
7.5926430694540511e-10 
-5.6271254502627392e-10 
5.2982681165805001e-10 
5.7470915366062567e-10 
-7.4425307660799562e-10 
5.6091419075843397e-10 
-5.615770692209517e-10 
4.6461089777808218e-10 
-4.6717328799462388e-10 
3.0157261548814894e-10 
2.7232899483033791e-11 
-6.3678938458275074e-10 
5.1447515960760104e-10 
-4.0325143280482335e-10 
3.9827831554443496e-10 
-3.3737811426678721e-10 
3.2833576362365659e-10 
-2.5197529561200769e-10 
1.8126407263024088e-10 
2.2761554996896477e-10 
-3.2829303841017852e-10 
2.7220980577821782e-10 
-2.6855784965557532e-10 
2.0595027361199727e-10 
-1.836152660015193e-10 
8.5312763985987515e-11 
-5.5529490949269295e-11 
-1.441565381151591e-10 
3.3992521489699654e-10 
-3.0502833071696276e-10 
1.6001120736066019e-10 
-3.2651567939000224e-11 
-4.0012148743423559e-12 
5.4665873920207916e-11 
-7.3462871543858852e-11 
1.0681084126901116e-10 
-1.3202415758853781e-10 
1.6675543950535926e-10 
-1.8797971456776264e-10 
-5.9703748838985672e-11 
6.6782007059792844e-11 
-1.1942850692932307e-10 
1.7225835394634509e-10 
-2.3990241298799739e-10 
1.7968485593773864e-10 
-2.4652719058472629e-10 
3.0897907855605852e-10 
-8.1750261558693147e-10 
9.4010156694016095e-10 
