415
-1.431040115679265e-11 
-1.0042730765670665e-10 
-1.215070025746685e-10 
-1.6379747615248781e-10 
-1.2506098245356101e-10 
-1.1410674364952076e-10 
-5.6845305216080172e-11 
-3.8735006548642391e-11 
-1.1491039134948403e-11 
-5.5100476962874347e-12 
8.7424529765854173e-13 
5.3809211513869685e-13 
1.26084181014739e-12 
2.0371359321768012e-12 
3.3048412239957056e-12 
8.7294472807288932e-12 
9.9072112820640462e-12 
1.6106503877992929e-11 
-1.5802525393457157e-11 
-2.0901330696802801e-11 
-1.7940342561407645e-11 
-2.0476989391707861e-11 
-1.6457253074071253e-11 
-2.0044832779319687e-11 
-1.6714592756719243e-11 
-2.1013947785968646e-11 
-1.8992315080067286e-11 
-2.3628957966209785e-11 
-2.1081422075073762e-11 
-2.4638912773726822e-11 
-2.0727103229555303e-11 
-2.306724121457587e-11 
-1.8257137822478299e-11 
-1.8958433392793986e-11 
1.6457507833771994e-11 
2.1693282171886005e-11 
-2.0231493367138761e-11 
-2.3956575435320394e-11 
-1.9427697288243098e-11 
2.0995455535285924e-11 
1.8392460426063442e-11 
-2.1987603711912845e-11 
1.9246598463633472e-11 
2.1334962916155465e-11 
1.8367105865104669e-11 
2.1669707816115705e-11 
1.868975482644434e-11 
2.0696639125714627e-11 
1.9219212917290728e-11 
2.0296354535853988e-11 
1.5027050715207928e-11 
1.8128668784550047e-11 
1.7246846774547602e-11 
1.9198365496083021e-11 
1.8388903298181984e-11 
1.8209188543640842e-11 
1.4293808467078822e-11 
2.912558908958664e-11 
1.5457059801420094e-11 
-1.6724461505253015e-11 
3.9573804307793296e-11 
1.1912574193831607e-10 
-5.0988422125506528e-11 
-1.1764447867088272e-10 
-2.1545950170566332e-10 
-3.1129683085673365e-10 
5.5219258931569394e-10 
-3.8441658169116613e-10 
8.6788000868397782e-10 
-2.0672320914916318e-10 
8.2706973990803633e-10 
-2.6103302025600582e-10 
4.1685053057508656e-10 
-8.1698924540323394e-10 
-1.1600453467971721e-09 
-9.0537257955888729e-10 
-2.3981892756582725e-09 
1.1107613574013416e-10 
-1.5282296048887053e-09 
3.0587274703994418e-11 
2.9106625098140332e-10 
1.3118319917931038e-09 
6.6664235286056521e-10 
2.9220486540590781e-09 
7.8347091465901211e-09 
-1.1305195891635262e-09 
-7.5282482922243842e-09 
2.1862065527437926e-09 
-6.2200393124508605e-09 
-2.3174596284931712e-09 
4.2577609820219158e-09 
7.4215963781273697e-11 
2.7020404091543533e-09 
-3.6594316260354855e-09 
1.1693825700568724e-08 
-5.4591587971366188e-09 
-2.3020484381429669e-08 
-1.9777576544560704e-09 
1.8631668498215321e-08 
-5.4510854481631564e-09 
2.1312103699518009e-08 
9.1906156244439143e-09 
3.9358506732816017e-08 
2.325028535542081e-08 
-4.7297051338631037e-08 
-3.7409539343955904e-08 
-3.4149390857991392e-08 
-4.5686637907523174e-08 
2.8565814938428698e-08 
6.0977485711275737e-08 
1.4459542902723864e-08 
6.3781413918301184e-08 
1.6992490686495014e-09 
6.8005491483739788e-08 
-1.9573966403773631e-08 
-5.7252787512192788e-08 
4.2195112543444194e-08 
5.8612436664667319e-08 
-5.4244035896626608e-08 
-3.0179525953589474e-08 
6.4326224959685849e-08 
5.9900982169540999e-09 
-7.1404103954678962e-08 
2.3197042574692515e-08 
5.9807617540812328e-08 
-4.939095019106677e-08 
-4.6338579629899635e-08 
7.1559952231281219e-08 
1.5855968856982226e-08 
-8.2684173669724725e-08 
2.8056488602954114e-08 
7.3621309199754156e-08 
-6.729606939369314e-08 
-4.0503767913616479e-08 
8.8243043709244538e-08 
-6.7752146904231825e-09 
-8.8173638277933059e-08 
5.3751682543079133e-08 
6.679364126873812e-08 
-8.8788204960079208e-08 
-2.3589237924783981e-08 
1.0641796553499056e-07 
-3.7373396354443505e-08 
-9.9157210779798225e-08 
8.9228689228248851e-08 
5.8766750760344259e-08 
-1.1347223334308006e-07 
-8.4190583170964977e-09 
1.1901739670961573e-07 
-3.9366684884969412e-08 
-1.1193546960162431e-07 
7.7187935489321357e-08 
9.3073472169453051e-08 
-1.0382621154620291e-07 
-7.7430357247015133e-08 
1.2192697618681192e-07 
7.1110157504100508e-08 
-1.3013859456760134e-07 
-8.1925881847590567e-08 
1.3014693504449034e-07 
1.0573267209341185e-07 
-1.083395050323993e-07 
-1.3264885359123708e-07 
6.6120545396687993e-08 
1.5571112957132547e-07 
-2.6108634044757681e-09 
-1.5747611173808016e-07 
-6.4244372110177442e-08 
1.2344204865132624e-07 
1.1613569296446392e-07 
-4.3478654719083992e-08 
-1.4723435403435843e-07 
-7.9887395924217405e-08 
1.0884337226146101e-07 
1.2974783878844148e-07 
-1.3951408744252158e-08 
-1.3569955345475634e-07 
-7.7724920593284723e-08 
8.6430560933058388e-08 
1.2187705059838306e-07 
3.5622433672680217e-08 
-1.1728433736112037e-07 
-1.1814707338680677e-07 
6.1168309593342329e-09 
1.197082831124693e-07 
9.0150610651938005e-08 
-5.6240388737809879e-08 
-1.1874957238080171e-07 
-7.3576240617145698e-08 
8.2508340158766574e-08 
1.1786865363979488e-07 
5.1584466025700968e-08 
-8.8852696646002162e-08 
-1.1522383511924434e-07 
-1.4823555881265157e-08 
1.0994409172816377e-07 
1.1878083713730949e-07 
1.7553383601993891e-08 
-9.8601121463331482e-08 
-1.1433285549931034e-07 
1.1167430450558267e-08 
1.1621927989087338e-07 
-1.1727806684087579e-07 
2.615641820570346e-08 
1.0486359440725109e-07 
1.1368121525661771e-07 
-2.7936794387747226e-08 
1.231669022130516e-07 
1.1019339057772736e-07 
-5.5520089974831798e-08 
-1.1146042698641773e-07 
1.1613554604655187e-07 
-3.508469875433324e-08 
-1.3059042595576454e-07 
-1.1104688173764184e-07 
-6.3657522302263191e-08 
-1.1910443874815737e-07 
-1.2090128705231772e-07 
-3.4043725178803618e-08 
-1.3863776197473e-07 
-1.1894997708462055e-07 
-5.9223329078462749e-08 
-1.2524446829518782e-07 
-1.2930801126069294e-07 
-2.3205909090799821e-08 
-1.4255603875659559e-07 
-1.3453902505677585e-07 
-4.0687615738245243e-08 
-1.2465010426049966e-07 
-1.4156818436337448e-07 
1.6340585745392761e-09 
-1.3767973154328424e-07 
1.5143585136083161e-07 
-3.6591271306443106e-09 
1.1108750404923024e-07 
1.5280034321449163e-07 
-4.3804757132384116e-08 
1.1450969806424843e-07 
-1.5739030700231821e-07 
-4.6850093576933059e-08 
-7.3184086487673578e-08 
-1.5336707139224255e-07 
9.1805312538178954e-08 
-5.9282345116543874e-08 
1.4359396894120845e-07 
8.9301297999193342e-08 
-1.4547668609187704e-09 
1.2863854045043006e-07 
-1.1576334822646374e-07 
-1.6978021637476276e-08 
-9.4796413861608214e-08 
1.0852939195744902e-07 
6.767649435809265e-08 
4.9110558736581585e-08 
1.110597246987895e-07 
-6.1875254332453614e-08 
-1.8866704901585808e-08 
-9.060460125432931e-08 
8.3070143868968419e-08 
3.1789400670401593e-08 
5.051814802527636e-08 
-7.8124077134794262e-08 
-5.9457582405873301e-08 
5.7555469593571456e-09 
6.810149906435475e-08 
5.2487588774627817e-08 
-4.4479815359934497e-08 
-1.7182285948970143e-08 
-6.0985523834186784e-08 
3.9474505389476065e-08 
-3.4133608134479094e-08 
2.7869868737073554e-08 
-4.8843973277192695e-08 
3.2030035199156019e-08 
2.6385664145683034e-08 
2.9297818976498056e-08 
-3.9429658330196882e-08 
2.7414675850967594e-08 
2.0962369574368235e-08 
2.667690076755959e-08 
-3.3011737159705055e-08 
2.4647647035436616e-08 
1.9332178142168364e-08 
2.0811792066870943e-08 
-2.8279025062091554e-08 
2.2867211111363207e-08 
-2.0463321730919264e-08 
1.2351028182442302e-08 
-2.4716287880778528e-08 
2.1636993973146933e-08 
-2.088402157895189e-08 
-2.7197593233258773e-09 
-2.1260924373816134e-08 
2.0528500737807282e-08 
-2.0137658974389693e-08 
7.0267060689525909e-09 
1.6347265604284057e-08 
-1.9473689531323131e-08 
-1.9096976258792204e-08 
1.5490087845345326e-08 
6.0623724932457142e-09 
-1.8226493895389554e-08 
1.7938906209709184e-08 
-1.8019001668674101e-08 
-9.541247899162945e-09 
-1.3531178687189794e-08 
1.6350541992309968e-08 
-1.8088934536523016e-08 
1.8158800343970087e-08 
-7.5846297161960351e-09 
-1.1571664171512029e-08 
1.7450371370493204e-08 
1.7613715068014317e-08 
-1.7113042028936686e-08 
4.6983669944756375e-09 
1.4184838028244296e-08 
-1.631108757355595e-08 
1.7987929388433867e-08 
-1.7263229993223668e-08 
5.6831425171705352e-09 
9.6842604247104321e-09 
-1.6884269114255044e-08 
-1.6758864050505479e-08 
1.3793675085553668e-08 
-9.1527843525095494e-09 
-6.8825159081591969e-09 
1.4237847136189538e-08 
-1.3435766382644816e-08 
1.1766108927188402e-08 
-6.7170041000105031e-09 
1.3905018813291876e-09 
1.0675428753222371e-08 
-1.0683458031258885e-08 
7.3314808567423391e-09 
-6.4648634129216669e-09 
2.6727151338412298e-09 
3.4999850907687211e-09 
-8.163844592792636e-09 
-6.0808082659315673e-09 
3.8046238428706081e-09 
-3.5562160658918518e-09 
1.1537749522916408e-09 
3.9827653864726072e-09 
-4.5230730762329027e-09 
3.3730825531237244e-09 
-2.0199958390049014e-09 
1.990914120024893e-09 
-6.3056282939087271e-10 
-2.3724277757447247e-09 
3.2312420078302649e-09 
-2.0432571670514815e-09 
1.1070789987937235e-09 
-1.1366563469608104e-09 
4.355792136632119e-10 
-3.5792086685476151e-10 
-2.366930220520591e-09 
1.3927773738873703e-09 
-5.6618904570120211e-10 
6.0915362013651345e-10 
-2.0169784218433541e-10 
2.7277824759377898e-10 
9.7978753687007945e-10 
-1.7258076070624827e-09 
3.1103487087879466e-10 
-3.5329494816820461e-10 
3.8490368192473122e-11 
8.5305609109164698e-11 
2.2794037873095473e-10 
-2.5783830630759952e-10 
1.2862626015853415e-09 
-3.4754534243673959e-10 
-1.0622281264832729e-10 
5.69643247021681e-11 
-2.5336167119888543e-10 
2.1275659838980877e-10 
-5.3788693823756309e-10 
1.0096124927576828e-09 
-7.751623018786087e-10 
4.1269873105115813e-11 
2.857807677949884e-10 
-2.6804427215239828e-10 
4.37983218029684e-10 
-4.3907822840139439e-10 
6.6618714496709781e-10 
-8.2049269805982384e-10 
7.0308017381523621e-10 
9.4306772452287967e-11 
-5.0253264427316313e-10 
5.0886626447345542e-10 
-6.9071016819060829e-10 
7.1332949006731964e-10 
-8.6642454818588207e-10 
8.6604104569763631e-10 
-9.2161329111902974e-10 
6.2087995337265215e-10 
2.8748358094866051e-10 
-5.7363694786981384e-10 
6.9406163122042e-10 
-6.7810927655060282e-10 
6.4436083479221785e-10 
-6.1690710508348963e-10 
5.6823687000792088e-10 
-5.6709875643428804e-10 
4.9053387939460468e-10 
-2.1865676088579196e-10 
-4.3133635095871671e-10 
3.9524954455585529e-10 
-4.208981993737318e-10 
4.6259143339265178e-10 
-5.2571534758271126e-10 
4.2914776627661331e-10 
-5.0183723430936962e-10 
5.6838706272572728e-10 
-1.2256451426425747e-09 
1.3849119534448622e-09 
