415
1.232007218571984e-10 
1.1294205008019791e-10 
-3.235062288339981e-10 
-2.0100256560499031e-10 
-1.780783776591374e-10 
-8.3810557309440717e-11 
-5.9052110197364217e-11 
4.9830635666021833e-12 
3.4685525092471066e-12 
1.1521169091762776e-11 
1.272172974330891e-12 
6.0183641671614649e-13 
-5.6655434236039179e-12 
-6.987106924208277e-12 
-6.1346914309776066e-12 
1.5749773017477368e-12 
2.3651339059014674e-12 
6.9341458407265019e-12 
-8.0543040763906082e-12 
-1.4245425121356404e-11 
-9.3760845555275738e-12 
-6.8325438393292664e-12 
-4.2864110987806897e-12 
-6.0998802354336505e-12 
-4.323207839444797e-12 
-7.9747731060948446e-12 
-8.6648008139707167e-12 
-1.1816583193946897e-11 
-1.1770079852373872e-11 
-1.1794768482140974e-11 
-9.3834009306044365e-12 
-8.4257624958521497e-12 
-6.2543541247304569e-12 
-4.923772479578212e-12 
6.5613507265342396e-12 
7.9227501406434027e-12 
-7.0591143767117084e-12 
-9.5412706678424201e-12 
-1.1120424328642591e-11 
7.7588052993461487e-12 
5.6643590946824539e-12 
-9.4605636374505872e-12 
8.8801210587894771e-12 
5.7245338214963713e-12 
6.0519546401679537e-12 
1.0802185807155347e-11 
9.950096870929611e-12 
5.6063053836232128e-12 
9.3526626016815606e-12 
1.1228539443691777e-11 
5.5606988662753994e-14 
-2.5529885167779612e-12 
1.6844029776418176e-11 
1.2210035916065703e-11 
-8.2234985863349749e-12 
8.9589224799291335e-12 
2.2713798638460622e-11 
2.2744998550582696e-12 
-8.5073605599239198e-12 
-3.7685706460217725e-12 
1.640990828558474e-11 
6.5577127479053959e-11 
-1.2419622847478441e-11 
-9.7169220638065839e-11 
-9.4377229321805658e-11 
-2.7487126432084677e-10 
3.0401532794872198e-10 
-4.1609061062094912e-10 
5.6948706053563315e-10 
-3.0255053186740789e-10 
6.8543155743739746e-10 
-6.1546539004301413e-11 
6.0945175511276929e-10 
-7.2058839472763432e-10 
-3.2050402810565139e-10 
-1.2429132737945892e-09 
-1.2719905756797254e-09 
7.9473704115445373e-10 
-8.6227311135732704e-10 
9.4211963090044302e-10 
3.2637872525091415e-10 
3.1118177724598824e-09 
1.3811450589500611e-09 
1.1144570217882436e-08 
1.2981903726115216e-08 
-1.4958612599248044e-08 
-1.4985372733319394e-08 
-5.3555221698440645e-09 
-1.3618306888371191e-08 
-1.6532281723926567e-09 
1.8494943824793615e-09 
1.466412909505484e-09 
-4.5002403557759444e-09 
-2.3626020617299076e-08 
1.5630296649545651e-08 
-7.6488077274863824e-08 
-5.7184068900109315e-08 
9.0922406497301423e-08 
5.7559428654847984e-08 
6.3130718227734609e-08 
7.8337405227381953e-08 
-9.5150768932073515e-08 
1.6362810155846088e-07 
-1.1775983601930231e-07 
-2.1793714927436253e-07 
6.8947793539505268e-08 
-1.9604530977366072e-07 
5.747139336695057e-09 
2.2184103508844422e-07 
5.4224273545695259e-08 
2.0396835328288698e-07 
1.0987738977653573e-07 
-1.866767412483443e-07 
1.6376927505081261e-07 
1.2113878506342064e-07 
-1.9438191369044162e-07 
-6.0123982152817056e-08 
2.6047969494623624e-07 
-1.7717928735803331e-08 
-2.0536852849799486e-07 
1.1242246783075353e-07 
1.9110943091607687e-07 
-1.8402796133091092e-07 
-1.15428077187654e-07 
2.1983057367106306e-07 
2.2278254000405584e-08 
-2.5046083381874415e-07 
7.6440132053348084e-08 
2.2007807281794416e-07 
-1.7098206356404483e-07 
-1.2132169201362625e-07 
2.3660505987266302e-07 
-2.1474477506590912e-08 
-2.4280386287052589e-07 
1.435976468866586e-07 
1.7113909398416544e-07 
-2.2572454746753722e-07 
-5.2890997027464973e-08 
2.5805547043777564e-07 
-7.4107762773371072e-08 
-2.238062530561851e-07 
1.8046838719223646e-07 
1.0435359847428073e-07 
-2.5980420023259808e-07 
4.3980954039645894e-08 
2.5655172165661142e-07 
-1.5428957328308029e-07 
-1.8835285044625484e-07 
2.2780365384375716e-07 
9.3918362505012436e-08 
-2.7288757159792853e-07 
-5.0789412739185245e-09 
2.765324618880893e-07 
-6.5299802112416908e-08 
-2.6745779835109441e-07 
1.0884801299268781e-07 
2.5885044530427154e-07 
-1.2270516997607025e-07 
-2.6468212019161127e-07 
1.0952627335496249e-07 
2.8284523028386168e-07 
-5.5317082952150581e-08 
-2.9002320299729952e-07 
-2.5794920148318802e-08 
2.8339338865622497e-07 
1.2839332058535551e-07 
-2.3622517367341237e-07 
-2.1615697349888626e-07 
1.3583169713534968e-07 
2.667679284335904e-07 
2.3975048547413389e-08 
-2.6936866597135177e-07 
-2.1375066441094904e-07 
1.3390353428981101e-07 
2.621918336236643e-07 
4.7563393945794405e-08 
-2.3728830840587691e-07 
-1.9144390861997104e-07 
1.1895891708954814e-07 
2.4564115188614323e-07 
1.0390678389816094e-07 
-2.0709596157625563e-07 
-2.3158395743026306e-07 
-8.6529662702176952e-09 
2.228627568266966e-07 
1.7486770262431586e-07 
-1.0508439154442667e-07 
-2.2270049175926261e-07 
-1.2668784719122966e-07 
1.6461393590464635e-07 
2.1666186648807801e-07 
6.6265036620534924e-08 
-1.7965847844633662e-07 
-1.9110366997386547e-07 
1.8624427271049268e-08 
2.0293012116306728e-07 
1.9138834310406863e-07 
-2.7234343632530381e-08 
-1.8919253472456609e-07 
-1.5180097074499152e-07 
8.2953363375827865e-08 
1.9220462897141306e-07 
-1.3925855307454669e-07 
1.081862708364279e-07 
1.8353358580893545e-07 
1.1155690396368532e-07 
-1.1355699228374403e-07 
1.8104116332371423e-07 
8.4359405884782725e-08 
-1.4107252017949755e-07 
-1.7556713146106637e-07 
8.3501571867178429e-08 
-1.2141007532534023e-07 
-1.7108147369439842e-07 
-5.9352620207077738e-08 
-1.4345810281766207e-07 
-1.6849664001923693e-07 
-6.772409685007133e-08 
-1.1827120913575481e-07 
-1.6395015448389847e-07 
-5.419830608690356e-08 
-1.3492537200170571e-07 
-1.6246672703201791e-07 
-6.4062793403984648e-08 
-1.0659883544565995e-07 
-1.585996546496151e-07 
-6.5137720401769923e-08 
-1.1763762207131504e-07 
-1.5568852436357797e-07 
-7.1824809400677334e-08 
-8.4820127061233572e-08 
-1.5320133832900756e-07 
8.5588893090086674e-08 
-8.8044054554380405e-08 
1.4563348512576619e-07 
8.6459164289461274e-08 
4.8551406944730031e-08 
1.4245059821708788e-07 
-1.0393714219197329e-07 
4.5750966196461675e-08 
-1.2510349707011771e-07 
-1.0167486076884464e-07 
-7.6983380352933192e-10 
-1.164003647538104e-07 
1.1481920881367273e-07 
-2.3225557120507627e-09 
7.9732161372983961e-08 
1.1590647577370283e-07 
-3.764478919785554e-08 
6.7756606577151484e-08 
-1.149411254506406e-07 
3.3346286818067046e-08 
-2.0609280311020469e-08 
1.0261797520101709e-07 
6.8393489552887584e-08 
2.4482423651222253e-08 
6.4307088480705686e-08 
-8.8789182926421931e-08 
1.3178529207961303e-08 
-5.2608119065623254e-08 
9.1684529163468904e-08 
-1.605501707483399e-08 
1.6605145973320771e-08 
-7.1934007999057309e-08 
6.4551084215400022e-08 
-2.2265463546473199e-08 
3.2566471248009404e-08 
-7.9615933292637454e-08 
-2.6760677260858355e-08 
-3.6332370533350312e-08 
4.2902208667377864e-08 
7.2310387991824486e-08 
7.2032348341539633e-10 
-4.3356496420726401e-08 
-5.0753310817379201e-08 
5.8972457322028808e-08 
1.5178254702133797e-08 
-4.705971107151434e-08 
-5.631464183776951e-08 
4.6032634352763277e-08 
2.2505946157772929e-08 
-4.8776522171373612e-08 
-5.738159714670001e-08 
3.9476050862753579e-08 
2.5774045402502179e-08 
-4.912410565984856e-08 
5.4047426466245306e-08 
4.2610437903225066e-08 
2.601807594546105e-08 
-4.8607746471383655e-08 
5.003947367396982e-08 
-4.9699893677822523e-08 
2.2407282385436695e-08 
-4.7725405388902306e-08 
4.7527095340005715e-08 
-5.7889115408178782e-08 
-9.7299687655749516e-09 
4.6291634384273349e-08 
4.581312264741403e-08 
-6.1523915685698673e-08 
1.8014572027712994e-08 
4.3163291441937373e-08 
-4.3975741172444701e-08 
5.7971062813965188e-08 
5.2325110108814163e-08 
2.2637022255882923e-08 
-3.9688727840081746e-08 
5.4834339816743961e-08 
-5.7516956794451277e-08 
4.1921023704651453e-08 
2.3333672695209141e-08 
-5.1848697562034931e-08 
-5.362684056418249e-08 
6.0448461636074208e-08 
-2.7432146787380219e-08 
-3.8852544095743659e-08 
4.8642592502322907e-08 
-5.8748626241126482e-08 
5.7997234032707683e-08 
-2.525449731453851e-08 
-2.6076943451485539e-08 
5.3475559570425289e-08 
5.4024025561142552e-08 
-4.655103272444058e-08 
3.2058925029477285e-08 
1.9160347236028301e-08 
-4.43950415375405e-08 
4.3226077422427422e-08 
-3.7758314732508363e-08 
2.1729147568359544e-08 
-4.4213935074258833e-09 
-3.3734511634221501e-08 
3.3493174295697015e-08 
-2.2455702120076334e-08 
1.935576883789057e-08 
-6.8753192011261414e-09 
-1.259380143905962e-08 
2.5035879260734934e-08 
1.7585572000071722e-08 
-9.7631110013445607e-09 
8.8029566526024539e-09 
-5.4334858126020198e-10 
-1.5220703916687966e-08 
1.2628073134064031e-08 
-8.2817408795559758e-09 
3.2475194867078844e-09 
-3.1231338809557552e-09 
-1.8042172867119138e-09 
1.1005566328337183e-08 
-8.5007251036372533e-09 
3.444801557307168e-09 
2.635828831448088e-10 
-1.064872095724301e-10 
2.8954280412159122e-09 
-3.2053975137773616e-09 
1.0555226748199964e-08 
-1.6907069328122394e-09 
-2.223339759070654e-09 
1.9554651271711892e-09 
-3.7340964538536573e-09 
3.4076701685959438e-09 
-8.0773286526727362e-09 
5.5264494005397406e-09 
3.2269002878220561e-09 
-2.9202985985367683e-09 
4.4223739783997954e-09 
4.1430971720721605e-09 
-5.7324406109969943e-09 
5.8655887111272681e-09 
-7.4816568290501813e-09 
-2.066456629558908e-09 
4.891233184201611e-09 
-4.6412273742740317e-09 
5.7615362139700879e-09 
-5.5543312408103313e-09 
7.1603650361436501e-09 
-8.7015763025524458e-09 
1.5678466215957647e-09 
4.0309585399005539e-09 
-6.1177674729211889e-09 
5.9770924248529484e-09 
-7.0352493360659762e-09 
6.9987667601220648e-09 
-8.3507141064123269e-09 
9.0271503807774048e-09 
-3.8068012710342543e-09 
-4.3339583795380308e-09 
7.3401536894533075e-09 
-7.4946154679703393e-09 
8.4103569308564906e-09 
-8.4230676938126696e-09 
8.6218855808033062e-09 
-8.3154354496772748e-09 
6.4375791707043524e-09 
-1.4736658432960259e-09 
-6.1322615882857111e-09 
6.8368839403462337e-09 
-6.3768336029183202e-09 
5.6982931272811577e-09 
-4.7843157678162724e-09 
4.2333033260380638e-09 
-3.3611666634892591e-09 
2.9497153662722964e-09 
-1.7108603127856165e-09 
-1.1854744262698372e-09 
3.0153457157358735e-09 
-2.488310130211647e-09 
1.8170564822023754e-09 
-1.4918783358065376e-09 
1.0041299208458019e-09 
-9.9590213528260826e-10 
6.1583726939227987e-10 
-3.3515874869219765e-10 
-1.0675726605024065e-09 
1.5048127014193242e-09 
