415
2.4326525632833513e-08 
-5.8524412172823922e-09 
4.6042288962604922e-09 
-3.1988012236645485e-09 
2.9055304654074054e-09 
-2.5929367410015117e-09 
2.4143684694475739e-09 
-1.7973443540288794e-09 
1.9827861167566422e-09 
-1.3388003875080066e-09 
1.6260365019579659e-09 
-1.0596235062536091e-09 
1.352723151175671e-09 
-8.3939353287075662e-10 
1.1579448114446136e-09 
-6.6664104808080016e-10 
9.948588693964048e-10 
-5.276542255125899e-10 
-8.7853909586420082e-10 
4.0310207496319638e-10 
-7.7171249307184165e-10 
3.1862357775970772e-10 
-6.6910694657212077e-10 
2.3552293056165223e-10 
-5.8126816502138375e-10 
1.6693920245304862e-10 
-5.2874228967586777e-10 
1.1561671377295669e-10 
-4.8818629977980897e-10 
7.0390629074736579e-11 
-4.4048389239029417e-10 
2.9445201895215896e-11 
-3.7654816996784353e-10 
-1.9996923549017961e-12 
3.1765831606517165e-10 
3.1472240492913111e-11 
-3.4724841010149714e-10 
-6.783691563034097e-11 
-2.9309064706404977e-10 
8.6640623940242672e-11 
2.5649975578990831e-10 
-1.1598878094209673e-10 
2.5078035837084813e-10 
1.3567585486646359e-10 
2.0627141844035209e-10 
1.5301169518964142e-10 
1.9263321503929848e-10 
1.6066287394886401e-10 
1.7548846805402131e-10 
2.005828558251673e-10 
1.4356217387651793e-10 
1.6346631425187782e-10 
1.5555438973312942e-10 
2.2767870255744451e-10 
8.1536650940089941e-11 
2.0296830714683729e-10 
1.5395426636689675e-10 
2.2625725830145763e-10 
5.3746503103027645e-11 
2.3777650090341125e-10 
9.6242643122911623e-11 
2.1960620068639567e-10 
7.4299750721137689e-11 
2.0845154304661929e-10 
-7.4429408350285621e-11 
-4.0145571005698023e-10 
4.7059258400822491e-11 
-4.0815355373788671e-11 
2.8801174601378609e-10 
-5.2263518122434073e-10 
3.2505237811237191e-10 
-1.8332079993279038e-10 
4.5268829509300888e-10 
-3.6445142300446385e-11 
1.3198597086337676e-10 
-1.0346648306738805e-09 
-1.7751501033528388e-10 
3.8289731014836849e-10 
8.8869097783348714e-11 
1.1941367572597705e-09 
1.0060686171286502e-09 
2.663318404825996e-09 
-1.0968893615919483e-09 
1.2804122851173033e-08 
4.3424260548944081e-09 
-1.9792310461313978e-08 
-9.2136918086840763e-09 
-1.1815708349271674e-08 
-1.0162920936587495e-08 
6.296200799425159e-10 
-3.6922907459338515e-09 
-7.0300736206059527e-10 
-1.6771581445297097e-08 
-2.5138777464602458e-08 
-3.0339975817470195e-08 
-1.0586224729077096e-07 
2.35444862513318e-08 
1.4866748966975236e-07 
-4.8057877829745488e-09 
1.1746343321950616e-07 
2.069639704377142e-08 
-1.9274473023706557e-07 
8.9695425530959099e-08 
-2.9189846923092608e-07 
-1.5678988762094776e-07 
2.6023304308988372e-07 
-1.8651813993821946e-07 
1.788637325532881e-07 
2.639894832421051e-07 
-1.271162253085527e-07 
2.9642797343931768e-07 
-3.837144867772199e-08 
-3.3333292739920722e-07 
4.5577762953584017e-08 
2.887158640550584e-07 
-1.4757504438130014e-07 
-2.644564169932042e-07 
2.7931581699210053e-07 
1.6046639505211061e-07 
-2.8459333069421231e-07 
-1.1113110589408067e-08 
3.4416491397062449e-07 
-1.0556052818781265e-07 
-2.9835439201601381e-07 
2.210900072587912e-07 
2.0868833461493405e-07 
-3.3634984726102468e-07 
-8.5305748108435248e-08 
3.8492435569018696e-07 
-7.2849492747811988e-08 
-3.3009361034497739e-07 
2.4371331723956222e-07 
1.5943853783337453e-07 
-3.6428676652594278e-07 
3.3166919046588644e-08 
3.6303185385926668e-07 
-2.1112325386788586e-07 
-2.5196249764348674e-07 
3.4679904345802606e-07 
8.0648256680328589e-08 
-4.0023128370973544e-07 
1.0534682571027948e-07 
3.0967822456080529e-07 
-3.0179327226222305e-07 
-1.2042112005409809e-07 
4.0745937420121535e-07 
-6.6951030786736965e-08 
-3.874309757273787e-07 
2.2387416616589866e-07 
2.957380372513052e-07 
-3.5222025897047582e-07 
-1.7904943372432745e-07 
4.1566849425955229e-07 
7.0638975686952009e-08 
-4.4221140878231509e-07 
6.2941499234771094e-09 
4.4623702719364615e-07 
-3.649036532552691e-08 
-4.5382875212208324e-07 
2.2012474162982219e-08 
4.6842702017688214e-07 
5.6685383882681038e-08 
-4.5830120394031435e-07 
-1.6915901244061291e-07 
4.2084425477269874e-07 
3.1245733093032189e-07 
-3.2156804765837536e-07 
-4.2290183336871502e-07 
1.4306256117278507e-07 
4.7922572365980334e-07 
1.2078664168483697e-07 
-4.5020480796712037e-07 
-4.1566574725252005e-07 
1.86258763384038e-07 
4.7560479111587412e-07 
1.2910124207388432e-07 
-4.2221169998249484e-07 
-3.7046981885542586e-07 
2.0665114282613294e-07 
4.6582322833935119e-07 
1.9504995681367289e-07 
-3.963238206398321e-07 
-4.4155733881755696e-07 
8.7051320752800779e-09 
4.398944177893142e-07 
3.127582235039671e-07 
-2.4875663526360235e-07 
-4.2430591226629076e-07 
-1.9146751559335242e-07 
3.7021341132680396e-07 
4.1542337942276608e-07 
4.321660768194651e-08 
-3.9779188228715599e-07 
-3.2111859870519956e-07 
1.4727301665275395e-07 
4.0385208418603448e-07 
3.1615903106214546e-07 
-1.8077018447368759e-07 
-3.8957122665162421e-07 
-1.7883751719117666e-07 
2.8477904378551994e-07 
3.3652778493718401e-07 
-1.2599918297110823e-07 
3.210625045106657e-07 
3.3802884016242417e-07 
3.5997664477627375e-08 
-3.2529043458028862e-07 
2.6404957099964527e-07 
-4.7618251846752501e-08 
-3.2801817866932147e-07 
-2.744974632694111e-07 
-6.9052730428833329e-08 
-3.1195348030907391e-07 
-1.9082858020078337e-07 
1.3496328698947575e-07 
-2.8864636808588278e-07 
-2.0503120991294113e-07 
1.3648046253431812e-07 
-2.8054454475812203e-07 
-1.219937986836178e-07 
1.7373416037678147e-07 
-2.4724131879966967e-07 
-1.4097164311303268e-07 
1.7437865511547968e-07 
-2.4857447399264117e-07 
-6.6655361200209243e-08 
1.8831082615521863e-07 
-2.1737779116981728e-07 
-8.9145145953996868e-08 
1.9303926047290781e-07 
-2.2699979365223964e-07 
-3.0019483395630254e-08 
-1.8944399129787958e-07 
-2.0667240547876004e-07 
6.0408048787322547e-08 
-1.9823570360685118e-07 
2.2304375782634498e-07 
2.5604081550527967e-08 
1.8116399680688251e-07 
2.1467709140595586e-07 
-7.2089198873249393e-08 
1.8810031787476479e-07 
-2.3085103233382417e-07 
-7.1116093210778941e-08 
-1.5539459546397112e-07 
-2.2358425608526321e-07 
1.3737072297460251e-07 
-1.3365785378311496e-07 
2.238757456111004e-07 
1.4298193126556994e-07 
7.4229651280441639e-08 
-2.1582352831976115e-07 
-1.9138194266325315e-07 
-1.3535558048005137e-11 
-1.8775498751520648e-07 
1.7594537263928658e-07 
1.0209433900796153e-07 
1.3261077046110717e-07 
-1.882500147036231e-07 
-1.1012593726724584e-07 
-5.7135674854949765e-08 
1.755997932360509e-07 
1.4330419171548601e-07 
-4.7098251604687781e-08 
-1.3521848465337792e-07 
-1.2416915413935503e-07 
1.1171258486815839e-07 
2.9951299797627462e-08 
1.3369923171293641e-07 
-9.3102446132905093e-08 
6.9618049016013556e-08 
-7.0863523059314205e-08 
1.120363180776663e-07 
-5.5888061173583766e-08 
-4.2758282638483148e-08 
-8.9471219221967387e-08 
7.6087769006194718e-08 
-3.7046298668677649e-08 
-6.1152189382468347e-09 
-8.6272773767037718e-08 
5.7167714699307153e-08 
-9.9728205371961913e-09 
7.0500558134741732e-09 
-8.0136318547541327e-08 
3.0317198669346025e-08 
1.042306745200711e-09 
-2.1598924024404464e-08 
-7.1191355892038451e-08 
2.0880795464526124e-08 
2.0783320042533188e-08 
-2.2151848905211534e-08 
7.0457791485251998e-08 
5.5897207784207151e-09 
2.7138699041205263e-08 
-3.6540076824331484e-08 
7.1246206652599612e-08 
-1.4266828350440558e-08 
-4.1936291918466818e-08 
-3.9991955227115315e-08 
7.5472210997641344e-08 
-3.3517184623899456e-08 
-4.3218892682063279e-08 
5.2099266574331326e-08 
-7.1821714080752456e-08 
-7.493245247506147e-08 
-2.6913777013862975e-08 
4.9911143263719802e-08 
-7.722199681903565e-08 
7.97339337814731e-08 
-5.8912780166265066e-08 
-3.7861630123074688e-08 
7.61825326238519e-08 
8.2804844361894029e-08 
-8.7667057417665006e-08 
3.4629879266001834e-08 
6.5059145028261873e-08 
-7.7310702216870876e-08 
8.929058485099529e-08 
-8.3745887890337879e-08 
2.4941804921489565e-08 
5.2340133032546814e-08 
-8.3076068066403456e-08 
-8.0429440924841109e-08 
5.9485422688637232e-08 
-3.1819293625015493e-08 
-4.382665558472905e-08 
6.9218890703052557e-08 
-5.2039948838741399e-08 
4.0928509558276571e-08 
-8.5271695036050023e-09 
-1.7235053872113595e-08 
5.5130358549928703e-08 
-3.374758311489744e-08 
1.0435696870523627e-08 
-1.290846988266729e-09 
-1.5975818072165028e-08 
3.9123709976701863e-08 
-1.812796948155835e-08 
-1.7717810364341546e-09 
-1.7986301984076118e-08 
1.5000747613619587e-08 
-3.2292189596536141e-08 
3.2728607240229428e-08 
5.4969602835130241e-09 
-2.1051498279421039e-08 
2.3688397122321902e-08 
-3.0695620903410921e-08 
2.9808028077611889e-08 
-3.338893933246151e-08 
-1.7335038520503515e-08 
2.2198906573082758e-08 
-3.6045521915934201e-08 
2.731245235971573e-08 
-3.8925462495677726e-08 
3.031963047908031e-08 
-1.6145994709435495e-08 
-3.1182940745255549e-08 
2.8627952058024885e-08 
-3.7200267789712029e-08 
2.9283176095842157e-08 
-3.8016626605124952e-08 
2.6876280722831628e-08 
7.0905311898633548e-09 
-3.6713599918304862e-08 
2.6476563619018854e-08 
-3.6674641958337997e-08 
-2.6659229589082067e-08 
3.5719480450142251e-08 
-2.6151614623261001e-08 
5.9242110866750006e-09 
3.1018554465751262e-08 
-2.5011774533936175e-08 
3.2517346187556994e-08 
-2.3586736262846983e-08 
3.1221693288129326e-08 
-2.1383573313146642e-08 
2.2153210718085211e-08 
1.8264907381590717e-08 
-1.9182444415579466e-08 
2.8041016705428085e-08 
-1.7363278883087001e-08 
2.609661636735924e-08 
-1.4858284798373256e-08 
2.1377924548340176e-08 
-8.3577856652230347e-09 
-8.7356382258339044e-09 
2.0525838249942369e-08 
-1.3490475015962099e-08 
1.354362972781361e-08 
-1.0560563634471251e-08 
6.4617216904605851e-09 
-3.222066589471981e-09 
1.007754821324283e-09 
7.8313000515637184e-09 
-8.9226151834012558e-09 
4.5738958729867247e-09 
2.4981979591665629e-09 
-8.4812015349388647e-09 
2.8539591349239638e-09 
-1.181764771378592e-08 
5.6848726805216346e-09 
-2.204214321521916e-08 
2.7568911400116762e-09 
-2.2409554880405758e-08 
-1.2975603001067029e-09 
3.8088005543831057e-09 
-1.3536416267588163e-08 
9.6257266122985132e-09 
-9.8542114978633491e-09 
1.4533938608078394e-09 
-2.1717484563110369e-08 
1.6760394415650037e-09 
-4.6665005310027469e-09 
-8.1244544995066395e-09 
1.216737234711196e-09 
