436
4.912946194578114e-12 
3.4951607904319841e-11 
4.0735597465086252e-11 
6.7703101173353504e-11 
5.7771567503002557e-11 
7.2829239772888796e-11 
4.7323726081692341e-11 
5.6515238344185394e-11 
3.8625451729784979e-11 
4.2110216145589674e-11 
2.8045830198071357e-11 
3.0748780217394733e-11 
1.9791509691560877e-11 
2.3463174287232728e-11 
1.6684747078092556e-11 
2.3424071160343287e-11 
1.8174544167428287e-11 
2.4945970610249335e-11 
-1.9887608276025854e-11 
-2.4953562962827922e-11 
-1.8927250745391448e-11 
-2.1799173681760602e-11 
-1.5850323720660792e-11 
-1.9427542732812708e-11 
-1.4788273167550069e-11 
-1.8842903793076284e-11 
-1.5921431074528828e-11 
-2.0106467156346517e-11 
-1.7010362593932815e-11 
-1.9858063520092679e-11 
-1.5820140384619672e-11 
-1.7386732631029114e-11 
-1.3033687876136449e-11 
-1.3463953332129158e-11 
1.1284919226959202e-11 
1.4884119213251156e-11 
-1.3357065558885507e-11 
-1.5862437048412007e-11 
-1.2488256575589925e-11 
1.3221145409931888e-11 
1.1146604848350274e-11 
-1.3273383333980994e-11 
1.1146325366648906e-11 
1.2262101657173024e-11 
1.0472088285135581e-11 
1.2598504668862849e-11 
1.056164925089242e-11 
1.1534060619683954e-11 
1.0495008923789825e-11 
1.0371016755715194e-11 
6.9708300531248982e-12 
9.2661262708147162e-12 
8.3441534727059484e-12 
9.4788860787192593e-12 
1.05412119260202e-11 
8.7002377390159474e-12 
4.9131285979757223e-12 
1.9889687985278217e-11 
7.2754081033725366e-12 
-2.674706719010497e-11 
3.2126768113495331e-11 
1.1190619363521094e-10 
-6.0685129499893173e-11 
-1.2727676076997308e-10 
-2.0958741819687213e-10 
-2.9951600533208185e-10 
5.6426078514527086e-10 
-3.8578088652798653e-10 
8.6116278008620042e-10 
-1.9047365708541348e-10 
8.3060797476167651e-10 
-2.5335204727319802e-10 
3.9442128146341421e-10 
-8.1143122361309226e-10 
-1.1689633548850889e-09 
-8.6337228943870228e-10 
-2.4124754230005913e-09 
9.226373815913011e-11 
-1.5117485494111262e-09 
4.4453337096741787e-12 
3.0406476305589008e-10 
1.2762536199626276e-09 
5.7015792727487385e-10 
2.718444956911761e-09 
7.4587096513433017e-09 
-8.7511562660568508e-10 
-7.1448114735941564e-09 
2.2327731634306918e-09 
-5.9030243954813699e-09 
-2.2087829506190802e-09 
4.1766774944131689e-09 
4.8162406971262199e-11 
2.6912017617226106e-09 
-3.3354715299873101e-09 
1.0890080348642112e-08 
-4.668071474785886e-09 
-2.1025930063420368e-08 
-2.6467109418358168e-09 
1.6841534347874109e-08 
-5.8207332780279205e-09 
1.9283094396453852e-08 
9.6111939713281579e-09 
3.5629290830097298e-08 
2.3227854788759801e-08 
-4.2682190995778344e-08 
-3.6356663562623544e-08 
-3.0431541221979555e-08 
-4.377882867028813e-08 
2.4937471844926755e-08 
5.7867520921805533e-08 
1.1674134873853811e-08 
6.0042512738682286e-08 
3.6371900316160105e-09 
6.3540928415248774e-08 
-2.0143388894357193e-08 
-5.2976846564806846e-08 
4.1270081274919341e-08 
5.3657019530876091e-08 
-5.2108051881623032e-08 
-2.6883541515421587e-08 
6.0830838530862433e-08 
3.5798806010859074e-09 
-6.690532454571261e-08 
2.3841907515630529e-08 
5.5305800253729224e-08 
-4.8195637185346251e-08 
-4.1968443508034349e-08 
6.8569571832309176e-08 
1.2711951273156184e-08 
-7.8330282047397242e-08 
2.8876351421670431e-08 
6.8713969403109606e-08 
-6.5453784429128949e-08 
-3.631884992035526e-08 
8.4384238436425692e-08 
-9.0581443227995168e-09 
-8.3286826120359809e-08 
5.3565935692822526e-08 
6.1856243890459482e-08 
-8.6332763389995486e-08 
-1.9841112654481895e-08 
1.0224188995653434e-07 
-3.8605023228091439e-08 
-9.3994363596279796e-08 
8.7705137783067889e-08 
5.4091507374805479e-08 
-1.1014382502363349e-07 
-5.2433718124620421e-09 
1.1451919000293481e-07 
-4.0800891407019882e-08 
-1.0680182350773757e-07 
7.7091048401656354e-08 
8.7946429031738437e-08 
-1.0269840997939014e-07 
-7.2466791523041858e-08 
1.202777125731422e-07 
6.6227095621366471e-08 
-1.286208198679584e-07 
-7.7041289707536439e-08 
1.2921588984546851e-07 
1.0078601913123781e-07 
-1.0868202709379155e-07 
-1.2807951797311765e-07 
6.7908154916407849e-08 
1.5183491092320914e-07 
-5.8938084761764869e-09 
-1.550373975737366e-07 
-6.016757880539121e-08 
1.2301898325041924e-07 
1.1201209087290707e-07 
-4.5551189083420304e-08 
-1.4404391459631699e-07 
-7.6053235946252009e-08 
1.0863806811321794e-07 
1.2618757833253489e-07 
-1.633270910821024e-08 
-1.3343085272802679e-07 
-7.4201855173860826e-08 
8.6528024883574915e-08 
1.1851055664371682e-07 
3.2738048143066784e-08 
-1.1569747855772016e-07 
-1.1497944254041019e-07 
7.8812169450697075e-09 
1.1752480536964623e-07 
8.6951245219946621e-08 
-5.6417847000344772e-08 
-1.1585337505720345e-07 
-7.0817871842954273e-08 
8.1508057163366741e-08 
1.1516451336314554e-07 
4.9415737708275169e-08 
-8.7393396192926194e-08 
-1.1236509336083394e-07 
-1.3826498975442971e-08 
1.0761847292865902e-07 
1.1602898413863975e-07 
1.6757109254418923e-08 
-9.6553891552601205e-08 
-1.1181204889238383e-07 
1.0947993779226106e-08 
1.1376181344309888e-07 
-1.1494076977995379e-07 
2.544611082102318e-08 
1.0264746596587299e-07 
1.1174700226287397e-07 
-2.6917121559877774e-08 
1.207514885737615e-07 
1.0866040992478132e-07 
-5.3962244151256833e-08 
-1.0921240478615942e-07 
1.1478408321968752e-07 
-3.3652601245913741e-08 
-1.2827679730394415e-07 
-1.100889182582473e-07 
-6.1819196591225069e-08 
-1.1685633084951484e-07 
-1.2000118398011087e-07 
-3.2401281656082353e-08 
-1.3640853061700276e-07 
-1.1830757850718612e-07 
-5.7299613242248289e-08 
-1.2300385118288254e-07 
-1.2866706723497419e-07 
-2.1487400228852722e-08 
-1.4035237268600948e-07 
-1.3391431904807816e-07 
-3.8776102721580196e-08 
-1.2237711129378191e-07 
-1.4093474801168945e-07 
3.2922585992484083e-09 
-1.3539954667380439e-07 
1.5053947411798795e-07 
-1.9073474557418329e-09 
1.087211856849555e-07 
1.5190664064205135e-07 
-4.5146209965985731e-08 
1.1206622411930166e-07 
-1.5601998463523084e-07 
-4.8170778506486008e-08 
-7.0756177161764204e-08 
-1.5196164995640917e-07 
9.241693744574636e-08 
-5.6793487398246004e-08 
1.4159244766743517e-07 
8.9875934700682571e-08 
-3.4896104059516158e-09 
1.263852174026996e-07 
-1.1541761923038431e-07 
-1.89015032402043e-08 
-9.2095688661197836e-08 
1.0810266382912071e-07 
6.852458654311879e-08 
4.6404651435252819e-08 
1.0949547336522746e-07 
-6.2797574909072718e-08 
-2.0858875012631721e-08 
-8.8089630395385488e-08 
8.2768927972715224e-08 
3.3440273546644218e-08 
4.7634451347466332e-08 
-7.7596835769378065e-08 
-5.9927922699537208e-08 
8.1574394572151045e-09 
6.5676720307459503e-08 
5.3038011060267726e-08 
-4.5377201567924538e-08 
-1.4278719257983433e-08 
-5.9618976674512193e-08 
4.0482881836064021e-08 
-3.5403804662552408e-08 
2.4782072751286374e-08 
-4.8242440437407739e-08 
3.3273271733906403e-08 
2.7983190956878053e-08 
2.6428910471259644e-08 
-3.9310445220169511e-08 
2.8826573497523049e-08 
2.2923945395019066e-08 
2.3931482436703929e-08 
-3.3079389141496175e-08 
2.6127191903379674e-08 
2.1374343857445987e-08 
1.8208430932149453e-08 
-2.8448730357281388e-08 
2.4378948992852951e-08 
-2.2330067622554658e-08 
9.4405786083850915e-09 
-2.4786949750857735e-08 
2.3093359338786139e-08 
-2.2438313081933347e-08 
3.773852770710205e-10 
-2.1102404781733949e-08 
2.1928994744509871e-08 
-2.1525296916460553e-08 
1.0335521575861325e-08 
1.5402348053683604e-08 
-2.0750211819917336e-08 
-2.0330102688781368e-08 
1.835313794610555e-08 
3.8441285357212289e-09 
-1.9274854927357401e-08 
1.9045193645767634e-08 
-2.0356051491179481e-08 
-1.2910207343314945e-08 
-1.3209731315379421e-08 
1.7117241514276402e-08 
-2.0075796750661908e-08 
2.0424840851821881e-08 
-1.0705407736794762e-08 
-1.1320010716674667e-08 
1.9177388020280144e-08 
1.950934319211412e-08 
-2.0267944090216538e-08 
7.4526583247713487e-09 
1.4869925188782029e-08 
-1.7751686477200411e-08 
2.0611134697133333e-08 
-2.0204403559464338e-08 
8.2356732145260477e-09 
9.6000515312700227e-09 
-1.8992652920634411e-08 
-1.9191302337767536e-08 
1.6687588302904469e-08 
-1.1813968605690442e-08 
-6.3226968624882393e-09 
1.5637973465944604e-08 
-1.5805371147681866e-08 
1.4079474141614684e-08 
-8.8508059732855755e-09 
2.9854645836072725e-09 
1.1406591363926486e-08 
-1.2404005469464353e-08 
9.1981926355950269e-09 
-8.2104460674913059e-09 
4.2485411659955305e-09 
2.5936077454241702e-09 
-9.1767721246263449e-09 
-7.3793161734515102e-09 
5.1650496060847658e-09 
-4.8274305934298317e-09 
2.3766488077165943e-09 
3.430023964882266e-09 
-5.4585115708672804e-09 
4.3829569207177821e-09 
-3.0957306355433171e-09 
2.9974976976710359e-09 
-1.7022510090857993e-09 
-1.4317431287088016e-09 
3.6752342896796849e-09 
-2.7684308143918148e-09 
1.9721719711909524e-09 
-1.9357648744897659e-09 
1.3187009929253992e-09 
-1.2159926262462939e-09 
-1.8109323622305778e-09 
1.9274158967896602e-09 
-1.3133212955288971e-09 
1.3024871020541527e-09 
-9.8114278405447495e-10 
9.9568839553575381e-10 
-2.6124954233199895e-11 
-1.4080747215705734e-09 
9.3413588724411434e-10 
-9.14713904845351e-10 
7.1694979745096749e-10 
7.1205345571820207e-10 
-5.1596045163602561e-10 
4.7887189841700596e-10 
6.3253956788505315e-10 
-7.3831479730972367e-10 
5.3535622678932281e-10 
-5.3384856486849492e-10 
4.3205268714478156e-10 
-4.3414680966265698e-10 
2.9564658601362495e-10 
-3.4053093477807074e-11 
-5.2110609805682626e-10 
4.3976127561112055e-10 
-3.5221861915244883e-10 
3.426399854707717e-10 
-2.8996802875850566e-10 
2.819692326543108e-10 
-2.0332144674762233e-10 
1.2197689722437878e-10 
2.7748700117722842e-10 
-3.2774544072543821e-10 
2.5204051585609379e-10 
-2.4408598059696696e-10 
1.8996668974977689e-10 
-1.8158194383197286e-10 
1.084042000419474e-10 
-8.1624206042013353e-11 
-5.3806977514872187e-11 
1.911008523498626e-10 
-2.0758408681679049e-10 
1.3499768265378938e-10 
-4.9084368662923224e-11 
2.7746675963871079e-11 
1.5727752403654014e-11 
-1.8651918937943008e-11 
5.2640197008842092e-11 
-5.2445463447177033e-11 
1.101742136338299e-10 
-1.7393808621996525e-10 
3.460529477891058e-11 
1.4792674008141539e-11 
-5.4523161580740908e-11 
5.1023068568641075e-11 
-6.7702717311297876e-11 
6.9323271548234198e-11 
-8.3953187298649866e-11 
7.7741607535643337e-11 
-9.4416313353154726e-11 
9.2091444934959683e-11 
-1.5222347065356493e-10 
-1.7503457795431188e-11 
8.3012402318658649e-11 
-5.8599422475760787e-11 
8.3260148488767725e-11 
-6.7454105495687848e-11 
8.6993316003612714e-11 
-7.4630723584896143e-11 
1.0264046336772951e-10 
-8.1744497041396368e-11 
1.1404609557908585e-10 
-8.2226468741391294e-11 
-9.8501639052925631e-11 
5.193281153251203e-11 
-1.0398319990985445e-10 
1.36907435497688e-10 
-1.1658991686165361e-10 
1.1183776304833168e-10 
-1.4680377373196021e-10 
4.1768296635180148e-10 
-5.4662819915278399e-10 
