5.178003645313728498e+01 1.700000000000000000e+02 3.745668026913925530e+01 1.404038735929770576e+00 1.333438996529777487e+00 1.475855340333268373e+00
5.178003645313728498e+01 2.750000000000000000e+02 1.003267244981773487e+01 3.760680509651376235e-01 6.039127270108788359e-01 6.684128974582070892e-01
5.178003645313728498e+01 3.110000000000000000e+02 4.670814189943222061e+00 1.750823619148621779e-01 2.279243312787975762e-01 2.522675145883139791e-01
5.178003645313728498e+01 3.420000000000000000e+02 8.036439403683077742e-01 3.012405835393772505e-02 2.175731472560987756e-02 2.408107848403241366e-02
5.178003645313728498e+01 3.690000000000000000e+02 4.901849300870302906e-01 1.837425593154501033e-02 1.013677621225392983e-02 1.121942236994125271e-02
5.178003645313728498e+01 3.930000000000000000e+02 2.602320683425191072e-01 9.754625921428899601e-03 6.097772192945272174e-03 6.749037397672219205e-03
5.178003645313728498e+01 4.150000000000000000e+02 1.008313729964442074e-01 3.779596922811974489e-03 3.803175434230532392e-03 4.209368999587439521e-03
5.178003645313728498e+01 4.360000000000000000e+02 7.826786705500136943e-02 2.933818916524839459e-03 2.366654962986908250e-03 2.619422691956993596e-03
5.880395328679207978e+01 1.700000000000000000e+02 3.958724928750994110e+01 1.787312860871842046e+00 1.283508702429829063e+00 2.170529380085296722e+00
5.880395328679207978e+01 2.750000000000000000e+02 9.130910469693125364e+00 4.122487418973281859e-01 5.276040681775687746e-01 8.922262302265514533e-01
5.880395328679207978e+01 3.110000000000000000e+02 2.947948953651295056e+00 1.330960643359736240e-01 1.744691953729514688e-01 2.950431997538686679e-01
5.880395328679207978e+01 3.420000000000000000e+02 7.458633922532248439e-01 3.367476289513977178e-02 2.111122215559907422e-02 3.570098734156468279e-02
5.880395328679207978e+01 3.690000000000000000e+02 3.904970381319287087e-01 1.763043381258024012e-02 1.330091936447752587e-02 2.249305844836862675e-02
5.880395328679207978e+01 3.930000000000000000e+02 2.031960869048066998e-01 9.174039266183058386e-03 6.914184941004763996e-03 1.169251250527819294e-02
5.880395328679207978e+01 4.150000000000000000e+02 4.006128339797990212e-02 1.808714884942310081e-03 7.610463926898782590e-04 1.286998328732891954e-03
5.880395328679207978e+01 4.360000000000000000e+02 2.402113082208697306e-02 1.084522840654826873e-03 5.949441349499262621e-04 1.006104377768210663e-03
5.883554562015022782e+01 1.700000000000000000e+02 3.959710536872962905e+01 1.789138470223985200e+00 1.283447858748063108e+00 2.174857666697268765e+00
5.883554562015022782e+01 2.750000000000000000e+02 9.130289202245403857e+00 4.125390354646519264e-01 5.274195265559035173e-01 8.937351003996768517e-01
5.883554562015022782e+01 3.110000000000000000e+02 2.943515052023131684e+00 1.329985100733361292e-01 1.742318260340083025e-01 2.952433322864816412e-01
5.883554562015022782e+01 3.420000000000000000e+02 7.447455312577146991e-01 3.365025973723909797e-02 2.102494560041318072e-02 3.562767573242532626e-02
5.883554562015022782e+01 3.690000000000000000e+02 3.890332069051018471e-01 1.757790803613116376e-02 1.326688706159717679e-02 2.248131144748381424e-02
5.883554562015022782e+01 3.930000000000000000e+02 2.028203550692015966e-01 9.164147137011765740e-03 6.923592731717831406e-03 1.173232603960564814e-02
5.883554562015022782e+01 4.150000000000000000e+02 4.004334141638692807e-02 1.809301006657642458e-03 7.606158332815133108e-04 1.288896284448397874e-03
5.883554562015022782e+01 4.360000000000000000e+02 2.400523570168646217e-02 1.084642179794250046e-03 5.865985595167044764e-04 9.940165202214953487e-04
6.408890904785909015e+01 1.700000000000000000e+02 4.100696994527537953e+01 2.092724848267879967e+00 1.281577986089665444e+00 3.091531578881630438e+00
6.408890904785909015e+01 2.750000000000000000e+02 9.402798064502668751e+00 4.798566970222339356e-01 5.011436507669048135e-01 1.208901400241059410e+00
6.408890904785909015e+01 3.110000000000000000e+02 2.828597193112297958e+00 1.443529146305260469e-01 1.465006242880802501e-01 3.534012843762949774e-01
6.408890904785909015e+01 3.420000000000000000e+02 5.897336089492732913e-01 3.009610753864123966e-02 1.643806458728413328e-02 3.965329954078128383e-02
6.408890904785909015e+01 3.690000000000000000e+02 1.316838454547972215e-01 6.720273550240017310e-03 3.317508679085034995e-03 8.002777010784030767e-03
6.408890904785909015e+01 3.930000000000000000e+02 7.743897912622371704e-02 3.951973921950739828e-03 2.551189341762266638e-03 6.154196232590771962e-03
6.408890904785909015e+01 4.150000000000000000e+02 1.398426895248216714e-02 7.136647053116944956e-04 4.468204203748604719e-04 1.077858276805169395e-03
6.408890904785909015e+01 4.360000000000000000e+02 1.067744224568463809e-02 5.449061155532636301e-04 3.181593748876748728e-04 7.674911439323588982e-04
4.617785621966683607e+01 1.700000000000000000e+02 3.774480831245681145e+01 1.191305990646495561e+00 1.506935312514154246e+00 1.257219716153864963e+00
4.617785621966683607e+01 2.750000000000000000e+02 1.151717130028971070e+01 3.635062881166862825e-01 7.041793142797193594e-01 5.874891312641242758e-01
4.617785621966683607e+01 3.110000000000000000e+02 5.796483111504465491e+00 1.829492681020595812e-01 2.663214800082893130e-01 2.221891097256729897e-01
4.617785621966683607e+01 3.420000000000000000e+02 8.653497275344987916e-01 2.731226784574601607e-02 2.716547674985906116e-02 2.266386133832233585e-02
4.617785621966683607e+01 3.690000000000000000e+02 5.275664713808856376e-01 1.665111378013972576e-02 1.935927401075743237e-02 1.615123142621342420e-02
4.617785621966683607e+01 3.930000000000000000e+02 3.739336804699003869e-01 1.180213792478760140e-02 1.546319811553509282e-02 1.290077774686258089e-02
4.617785621966683607e+01 4.150000000000000000e+02 9.423050794083230597e-02 2.974114153191439493e-03 1.891793421115279920e-03 1.578302643892659854e-03
4.617785621966683607e+01 4.360000000000000000e+02 6.455593778941547123e-02 2.037521949606831573e-03 1.130457084629887810e-03 9.431280316149363635e-04
4.008888812050359718e+01 1.700000000000000000e+02 4.902091294123584220e+01 1.248035388112167965e+00 2.323911028477314566e+00 1.460497926626668663e+00
4.008888812050359718e+01 2.750000000000000000e+02 2.101941545186570437e+01 5.351384286295743919e-01 3.654105501630893649e+00 2.296479272833365837e+00
4.008888812050359718e+01 3.110000000000000000e+02 5.476160611530485056e+00 1.394189096879703271e-01 4.788785680319986859e-01 3.009586628516270901e-01
4.008888812050359718e+01 3.420000000000000000e+02 1.195220252836107111e+00 3.042940415891464204e-02 3.609936341263520615e-02 2.268720478995351827e-02
4.008888812050359718e+01 3.690000000000000000e+02 8.177178053902989241e-01 2.081847720461453555e-02 2.429734289140333958e-02 1.527004195968865129e-02
4.008888812050359718e+01 3.930000000000000000e+02 3.298232359497895727e-01 8.397050270778359457e-03 8.005690088431716145e-03 5.031300093717994137e-03
4.008888812050359718e+01 4.150000000000000000e+02 1.253886031779850585e-01 3.192299054480522962e-03 4.272542116449673522e-03 2.685145354548490720e-03
4.008888812050359718e+01 4.360000000000000000e+02 9.789540063557598815e-02 2.492342900122600409e-03 2.943012972964620388e-03 1.849582145090359871e-03
4.555167582719674613e+01 1.700000000000000000e+02 3.812401394180354686e+01 1.178649187099332973e+00 1.554919312183821400e+00 1.262102382441429027e+00
4.555167582719674613e+01 2.750000000000000000e+02 1.174577832034180247e+01 3.631346922245120012e-01 8.086883963855840962e-01 6.563990451038428375e-01
4.555167582719674613e+01 3.110000000000000000e+02 5.833926265891554053e+00 1.803627619428269102e-01 2.701303828033507770e-01 2.192603802875782437e-01
4.555167582719674613e+01 3.420000000000000000e+02 8.973698549853482698e-01 2.774325525429946135e-02 2.807287164619346603e-02 2.278628730700632543e-02
4.555167582719674613e+01 3.690000000000000000e+02 5.600037912806626883e-01 1.731318256186411761e-02 2.136506072237326359e-02 1.734166771704828344e-02
4.555167582719674613e+01 3.930000000000000000e+02 3.814355662634487110e-01 1.179253372411077222e-02 1.569295498228301389e-02 1.273771295750941376e-02
4.555167582719674613e+01 4.150000000000000000e+02 8.660331261197959374e-02 2.677444304947452017e-03 1.821896416368655632e-03 1.478803298436714249e-03
4.555167582719674613e+01 4.360000000000000000e+02 5.999920204784984362e-02 1.854946617852416260e-03 1.338452571260417834e-03 1.086399895953524958e-03
4.335243551384557747e+01 1.700000000000000000e+02 4.054439157676236505e+01 1.162773138342091173e+00 1.779268101500632193e+00 1.310100266960958271e+00
4.335243551384557747e+01 2.750000000000000000e+02 1.301436833099553603e+01 3.732392402318056024e-01 1.382274151048599409e+00 1.017788006638615350e+00
4.335243551384557747e+01 3.110000000000000000e+02 5.786190688608306765e+00 1.659422387261811072e-01 2.824573566439212979e-01 2.079773464337332789e-01
4.335243551384557747e+01 3.420000000000000000e+02 1.036502133711813878e+00 2.972585830108049471e-02 3.118136931800129935e-02 2.295928322059407126e-02
4.335243551384557747e+01 3.690000000000000000e+02 6.984755528201623820e-01 2.003158954969777236e-02 2.616050586016793744e-02 1.926235044754302100e-02
4.335243551384557747e+01 3.930000000000000000e+02 3.881423634929829225e-01 1.113153993858236046e-02 1.452316942790021770e-02 1.069361504798749425e-02
4.335243551384557747e+01 4.150000000000000000e+02 7.350996640180379460e-02 2.108193291558394140e-03 2.296547970706108721e-03 1.690980750440689321e-03
4.335243551384557747e+01 4.360000000000000000e+02 6.249819181461385015e-02 1.792386463597479829e-03 2.485138012526089124e-03 1.829842265423257085e-03
4.070883773794896854e+01 1.700000000000000000e+02 4.681875461358390567e+01 1.220146693627921053e+00 2.196735394293518162e+00 1.419936718289530608e+00
4.070883773794896854e+01 2.750000000000000000e+02 1.822404999991632124e+01 4.749381852514355518e-01 2.990961169095560646e+00 1.933312313357985479e+00
4.070883773794896854e+01 3.110000000000000000e+02 5.506602587528623083e+00 1.435079381275683463e-01 4.109117252912805052e-01 2.656071588014070062e-01
4.070883773794896854e+01 3.420000000000000000e+02 1.181405200847302162e+00 3.078867991141386040e-02 3.507344769717547772e-02 2.267094905995423876e-02
4.070883773794896854e+01 3.690000000000000000e+02 8.155252106973375215e-01 2.125345703052650484e-02 2.558570278541966170e-02 1.653821345194105355e-02
4.070883773794896854e+01 3.930000000000000000e+02 3.480094910570646349e-01 9.069498609457112004e-03 9.422328304366678342e-03 6.090451296912695149e-03
4.070883773794896854e+01 4.150000000000000000e+02 1.149966198608294576e-01 2.996934597249365992e-03 4.148153506996377082e-03 2.681304035518549712e-03
4.070883773794896854e+01 4.360000000000000000e+02 9.351799973024191304e-02 2.437178842267732470e-03 3.042224245856262055e-03 1.966447995140189510e-03
6.325453819483597329e+01 1.700000000000000000e+02 4.082046123519307201e+01 2.044950110826776246e+00 1.278778660988048044e+00 2.911239349162242807e+00
6.325453819483597329e+01 2.750000000000000000e+02 9.318352110582855730e+00 4.668140585543093524e-01 5.023571018372919861e-01 1.143655119385431629e+00
6.325453819483597329e+01 3.110000000000000000e+02 2.774745171021224532e+00 1.390041972407683180e-01 1.495637878741280236e-01 3.404936270460535708e-01
6.325453819483597329e+01 3.420000000000000000e+02 5.928551443156375722e-01 2.969979163359527316e-02 1.626586023176582185e-02 3.703049933449939490e-02
6.325453819483597329e+01 3.690000000000000000e+02 1.454652711410873989e-01 7.287257746244001598e-03 5.067554049717259979e-03 1.153668199479069255e-02
6.325453819483597329e+01 3.930000000000000000e+02 9.853822639741902090e-02 4.936390988604245043e-03 3.685112247838850941e-03 8.389445421069985018e-03
6.325453819483597329e+01 4.150000000000000000e+02 2.313816796329701969e-02 1.159134358336923968e-03 7.091954164549496564e-04 1.614538673200811500e-03
6.325453819483597329e+01 4.360000000000000000e+02 1.720172389978701089e-02 8.617410516898749975e-04 4.531723799612585868e-04 1.031682264292217146e-03
3.100000000000000000e+01 1.700000000000000000e+02 1.428715239120894864e+02 2.458772758711113671e+00 1.566217460964097974e+01 7.544039271179154404e+00
3.100000000000000000e+01 2.750000000000000000e+02 4.949428049115530257e+02 8.517805735630009423e+00 8.695056296388985118e+01 4.188169765691030477e+01
3.100000000000000000e+01 3.110000000000000000e+02 2.408564980964606761e+01 4.145062501345805339e-01 3.537220725529409471e+00 1.703782056407196155e+00
3.100000000000000000e+01 3.420000000000000000e+02 5.878415230960293947e+00 1.011656265609037209e-01 4.846022896460884244e-01 2.334196109487269022e-01
3.100000000000000000e+01 3.690000000000000000e+02 9.625625996485158709e+00 1.656539129537243915e-01 9.248805282808391093e-01 4.454895441022996283e-01
3.100000000000000000e+01 3.930000000000000000e+02 4.146935368559081958e+00 7.136741764315923664e-02 3.779119990826800279e-01 1.820298287553640537e-01
3.100000000000000000e+01 4.150000000000000000e+02 5.252245865380947842e-01 9.038945412101810628e-03 5.812573623323617072e-02 2.799757043570506171e-02
3.100000000000000000e+01 4.360000000000000000e+02 3.756235059922771735e-01 6.464359158327848479e-03 3.543866325221668723e-02 1.706983059225034710e-02
6.900000000000000000e+01 1.700000000000000000e+02 4.173931217825847995e+01 2.364364488859989510e+00 1.307431651664377137e+00 3.444149015657420598e+00
6.900000000000000000e+01 2.750000000000000000e+02 1.004666577114326564e+01 5.691032875503270194e-01 4.964400853401973457e-01 1.307765212109338160e+00
6.900000000000000000e+01 3.110000000000000000e+02 3.370103563346867226e+00 1.909028389094625244e-01 1.372856670620118680e-01 3.616497233133211808e-01
6.900000000000000000e+01 3.420000000000000000e+02 9.399706980907093223e-01 5.324556690448404433e-02 2.366482203110253923e-02 6.233991153600475232e-02
6.900000000000000000e+01 3.690000000000000000e+02 5.308055404150006096e-01 3.006800315461565301e-02 1.781587202260592750e-02 4.693210387833586517e-02
6.900000000000000000e+01 3.930000000000000000e+02 3.117830156362563776e-01 1.766125630560884049e-02 1.097497288547766292e-02 2.891121842756797303e-02
6.900000000000000000e+01 4.150000000000000000e+02 1.255761590167952801e-01 7.113385332243250987e-03 4.504387471094384310e-03 1.186584526614458193e-02
6.900000000000000000e+01 4.360000000000000000e+02 9.534315654676671359e-02 5.400807100803539651e-03 3.416467753541763130e-03 8.999953485451316071e-03
3.500000000000000000e+01 1.700000000000000000e+02 8.219196566707285001e+01 1.701771651248849659e+00 4.542517208802603790e+00 2.368132463056007886e+00
3.500000000000000000e+01 2.750000000000000000e+02 1.228862383756661529e+02 2.544340132263012588e+00 2.209617609275530015e+01 1.151931176248621647e+01
3.500000000000000000e+01 3.110000000000000000e+02 9.643859780089886868e+00 1.996745916608568261e-01 1.473648235309335197e+00 7.682511842549819558e-01
3.500000000000000000e+01 3.420000000000000000e+02 8.865399430492783006e-01 1.835566932286462200e-02 5.440732787415764743e-02 2.836395624814542701e-02
3.500000000000000000e+01 3.690000000000000000e+02 1.005552485184264322e+00 2.081980518705305386e-02 1.016840782662341292e-01 5.301055684534689005e-02
3.500000000000000000e+01 3.930000000000000000e+02 3.348621091066477651e-01 6.933267013753695134e-03 3.080201004739294146e-02 1.605788961663311143e-02
3.500000000000000000e+01 4.150000000000000000e+02 3.406599152362848465e-02 7.053309672799210886e-04 5.765847028220060996e-03 3.005886141297012867e-03
3.500000000000000000e+01 4.360000000000000000e+02 1.732370663341173400e-02 3.586846062631909729e-04 2.159569641366988237e-03 1.125839867825060301e-03
6.500000000000000000e+01 1.700000000000000000e+02 4.119131799403049143e+01 2.144472076077445166e+00 1.284152451721302990e+00 3.239286591675840654e+00
6.500000000000000000e+01 2.750000000000000000e+02 9.506871485305111946e+00 4.949397451678595461e-01 5.009982175988514363e-01 1.263772698129508543e+00
6.500000000000000000e+01 3.110000000000000000e+02 2.907281238383534028e+00 1.513567357548711578e-01 1.452411806668646443e-01 3.663722391081412066e-01
6.500000000000000000e+01 3.420000000000000000e+02 6.071463637919279899e-01 3.160880706542180951e-02 1.661836917510751618e-02 4.191999195445047371e-02
6.500000000000000000e+01 3.690000000000000000e+02 1.627233837768338187e-01 8.471585023932103053e-03 3.211166745935245537e-03 8.100198204504836103e-03
6.500000000000000000e+01 3.930000000000000000e+02 7.578783944666414585e-02 3.945610709110237979e-03 1.803125942839267637e-03 4.548402085681430701e-03
6.500000000000000000e+01 4.150000000000000000e+02 1.217412739563617299e-02 6.338004589786295270e-04 3.063149546471362664e-04 7.726823431970567240e-04
6.500000000000000000e+01 4.360000000000000000e+02 7.291686180747552690e-03 3.796143984613221663e-04 1.824641840684204652e-04 4.602676139594227334e-04
