5.178003645313728498e+01 1.700000000000000000e+02 2.329871477544203106e-06 1.492689278687171495e+00 1.052753592481576645e-07 1.694948802933988752e+00
5.178003645313728498e+01 2.750000000000000000e+02 8.432794951537054432e-07 5.402676814943691008e-01 9.714471205737508846e-08 1.564044184592952913e+00
5.178003645313728498e+01 3.110000000000000000e+02 2.575026116864316538e-07 1.649753608312457265e-01 1.959092093839975837e-08 3.154167150799458419e-01
5.178003645313728498e+01 3.420000000000000000e+02 6.990210111356792296e-08 4.478449472239175166e-02 2.103523027635439952e-09 3.386703083321145752e-02
5.178003645313728498e+01 3.690000000000000000e+02 2.439454583398618640e-08 1.562896381873198765e-02 1.090595749961396130e-09 1.755875234322045939e-02
5.178003645313728498e+01 3.930000000000000000e+02 1.299396679406072716e-08 8.324903372591108824e-03 6.818209614442761315e-10 1.097741798905807302e-02
5.178003645313728498e+01 4.150000000000000000e+02 9.077670359753415903e-09 5.815832054282559296e-03 2.191725591116278313e-10 3.528710510752624662e-03
5.178003645313728498e+01 4.360000000000000000e+02 6.482890578244761033e-09 4.153422776456319743e-03 1.390779800070521766e-10 2.239175980124291556e-03
5.880395328679207978e+01 1.700000000000000000e+02 2.331406830182790377e-06 1.808885598874989231e+00 9.353100899722391414e-08 1.949703989077300026e+00
5.880395328679207978e+01 2.750000000000000000e+02 6.271163877100008468e-07 4.865653595336620896e-01 6.496925120075759649e-08 1.354318846675138133e+00
5.880395328679207978e+01 3.110000000000000000e+02 1.954452794883059646e-07 1.516415525842717826e-01 9.426181615668863279e-09 1.964938055825119489e-01
5.880395328679207978e+01 3.420000000000000000e+02 5.627997136830728209e-08 4.366635131854957469e-02 2.075605698225733884e-09 4.326711272517547169e-02
5.880395328679207978e+01 3.690000000000000000e+02 3.216835414195147324e-08 2.495869523652567354e-02 8.104144549105299631e-10 1.689352346869115590e-02
5.880395328679207978e+01 3.930000000000000000e+02 1.549728456947715232e-08 1.202399105830745905e-02 3.993366863211093948e-10 8.324387159431656177e-03
5.880395328679207978e+01 4.150000000000000000e+02 2.085457361419607966e-09 1.618058993094738949e-03 9.571934199786670271e-11 1.995320962811747510e-03
5.880395328679207978e+01 4.360000000000000000e+02 1.607196064860830521e-09 1.246986917365843070e-03 5.979054509630833405e-11 1.246365943586031288e-03
5.883554562015022782e+01 1.700000000000000000e+02 2.331335286711680380e-06 1.810303116069073015e+00 9.349182531981073734e-08 1.950780836457721268e+00
5.883554562015022782e+01 2.750000000000000000e+02 6.263150123366757682e-07 4.863393201898312812e-01 6.484806974061520677e-08 1.353106234673759678e+00
5.883554562015022782e+01 3.110000000000000000e+02 1.952921928951215299e-07 1.516461691963072733e-01 9.425899285563491883e-09 1.966788393504756427e-01
5.883554562015022782e+01 3.420000000000000000e+02 5.610007414569758455e-08 4.356221930690581945e-02 2.074714584251735538e-09 4.329055977068421018e-02
5.883554562015022782e+01 3.690000000000000000e+02 3.209987510221573344e-08 2.492584582500501078e-02 8.087243363095857816e-10 1.687467253797888742e-02
5.883554562015022782e+01 3.930000000000000000e+02 1.547474545768566630e-08 1.201628100518199911e-02 3.988080510083566275e-10 8.321445224444683555e-03
5.883554562015022782e+01 4.150000000000000000e+02 2.084909937976614201e-09 1.618951584937434194e-03 9.548929972864570817e-11 1.992459718913386531e-03
5.883554562015022782e+01 4.360000000000000000e+02 1.589782672798948583e-09 1.234480747082897538e-03 5.986609318057136519e-11 1.249153355715948909e-03
6.408890904785909015e+01 1.700000000000000000e+02 2.308737904805214804e-06 2.042314607509184032e+00 9.030367292780078182e-08 2.217917243943542616e+00
6.408890904785909015e+01 2.750000000000000000e+02 5.151829659485120409e-07 4.557319801033554163e-01 4.738602771133223758e-08 1.163831819631280018e+00
6.408890904785909015e+01 3.110000000000000000e+02 1.932235900386196254e-07 1.709260109733125865e-01 9.348704220444824200e-09 2.296102874534243221e-01
6.408890904785909015e+01 3.420000000000000000e+02 3.275377249657774067e-08 2.897405889233537271e-02 1.897306683288738214e-09 4.659909252284611531e-02
6.408890904785909015e+01 3.690000000000000000e+02 1.090779835835668003e-08 9.649062319577603880e-03 3.168861557801145147e-10 7.782931153128370104e-03
6.408890904785909015e+01 3.930000000000000000e+02 5.089188499274588057e-09 4.501907293505945547e-03 1.938087381567350703e-10 4.760069313331638866e-03
6.408890904785909015e+01 4.150000000000000000e+02 1.503537743578591390e-09 1.330032781226860635e-03 3.059136103428283490e-11 7.513438263788551220e-04
6.408890904785909015e+01 4.360000000000000000e+02 8.264317383276859626e-10 7.310633258902728875e-04 1.815526308451291802e-11 4.459051305218430833e-04
4.617785621966683607e+01 1.700000000000000000e+02 2.362940435406724573e-06 1.276245483163872318e+00 1.098139316796767146e-07 1.308973269024538144e+00
4.617785621966683607e+01 2.750000000000000000e+02 1.061206278130446259e-06 5.731671009878862577e-01 1.299538764428462423e-07 1.549039797300008070e+00
4.617785621966683607e+01 3.110000000000000000e+02 3.280923267957403795e-07 1.772056306877303478e-01 3.456953566273517302e-08 4.120660959221930097e-01
4.617785621966683607e+01 3.420000000000000000e+02 4.851975999642901163e-08 2.620596084935973569e-02 2.042938085251373187e-09 2.435165832753009504e-02
4.617785621966683607e+01 3.690000000000000000e+02 4.773435696890651284e-08 2.578175757647178240e-02 1.100073277095252335e-09 1.311278534208427764e-02
4.617785621966683607e+01 3.930000000000000000e+02 2.688549580193852895e-08 1.452109924808122135e-02 6.819037922071833176e-10 8.128238579503101191e-03
4.617785621966683607e+01 4.150000000000000000e+02 5.646199340454307196e-09 3.049563288740840625e-03 1.644081631570133141e-10 1.959732134987236286e-03
4.617785621966683607e+01 4.360000000000000000e+02 3.253565382439758112e-09 1.757280065674761372e-03 1.409113726203044716e-10 1.679652273989847532e-03
4.008888812050359718e+01 1.700000000000000000e+02 2.968846298380874588e-06 1.299350403888431371e+00 2.229839798238352923e-07 2.036828499217608890e+00
4.008888812050359718e+01 2.750000000000000000e+02 1.295795944648605156e-06 5.671202934804658868e-01 1.600984131920396783e-07 1.462405554545609387e+00
4.008888812050359718e+01 3.110000000000000000e+02 4.129051905370020321e-07 1.807127995762124739e-01 5.936494607545329643e-08 5.422641308874638355e-01
4.008888812050359718e+01 3.420000000000000000e+02 7.533939925822224433e-08 3.297317173619616210e-02 3.034605439144264371e-09 2.771934937753365094e-02
4.008888812050359718e+01 3.690000000000000000e+02 6.582267391333638169e-08 2.880806526796419326e-02 1.788916109990654826e-09 1.634070446862202416e-02
4.008888812050359718e+01 3.930000000000000000e+02 2.472603992738704052e-08 1.082164138430925966e-02 6.973695259436121728e-10 6.370063562638012163e-03
4.008888812050359718e+01 4.150000000000000000e+02 1.027953871987493850e-08 4.498960688783602835e-03 2.575260461964499608e-10 2.352350113215132595e-03
4.008888812050359718e+01 4.360000000000000000e+02 8.593878727745629701e-09 3.761211822233557697e-03 1.915344118671028855e-10 1.749555053147801775e-03
4.555167582719674613e+01 1.700000000000000000e+02 2.379752144235823402e-06 1.259487661376527345e+00 1.098881367816061915e-07 1.271268599381130793e+00
4.555167582719674613e+01 2.750000000000000000e+02 1.086455373763936791e-06 5.750082592451281061e-01 1.336016480175165631e-07 1.545604329317090020e+00
4.555167582719674613e+01 3.110000000000000000e+02 3.366504828561872973e-07 1.781728111395288194e-01 3.665800087200542714e-08 4.240873199741720390e-01
4.555167582719674613e+01 3.420000000000000000e+02 4.872701786357109247e-08 2.578885281120259915e-02 2.037740420076064888e-09 2.357411350854784690e-02
4.555167582719674613e+01 3.690000000000000000e+02 5.233970764312992201e-08 2.770087470506102725e-02 1.258978870033488884e-09 1.456481428872324208e-02
4.555167582719674613e+01 3.930000000000000000e+02 2.828048986027810020e-08 1.496749488091839511e-02 7.375037911631022941e-10 8.531998440318690202e-03
4.555167582719674613e+01 4.150000000000000000e+02 4.774857748116967070e-09 2.527101166038693558e-03 1.613396797999000514e-10 1.866498739272018240e-03
4.555167582719674613e+01 4.360000000000000000e+02 3.465273153785377564e-09 1.834001406853867904e-03 1.363348804359985341e-10 1.577224417255538831e-03
4.335243551384557747e+01 1.700000000000000000e+02 2.492246487016325509e-06 1.225461822819146951e+00 1.135002541572760177e-07 1.190873844976089169e+00
4.335243551384557747e+01 2.750000000000000000e+02 1.173112240475253431e-06 5.768306915361861575e-01 1.458949080250653536e-07 1.530766881292526138e+00
4.335243551384557747e+01 3.110000000000000000e+02 3.672503786484151604e-07 1.805805809313437704e-01 4.475079447368887083e-08 4.695368400388752472e-01
4.335243551384557747e+01 3.420000000000000000e+02 5.797823318134730845e-08 2.850846081573070803e-02 2.070867376889773824e-09 2.172807289166919786e-02
4.335243551384557747e+01 3.690000000000000000e+02 6.533875562648206999e-08 3.212770124780960773e-02 1.707345336398091060e-09 1.791390618950475244e-02
4.335243551384557747e+01 3.930000000000000000e+02 3.059927708492879792e-08 1.504596197398486504e-02 8.461962930319212959e-10 8.878509044491311383e-03
4.335243551384557747e+01 4.150000000000000000e+02 5.204890296857040301e-09 2.559295151578776500e-03 1.441457942348833146e-10 1.512414729748191898e-03
4.335243551384557747e+01 4.360000000000000000e+02 6.185498117541231367e-09 3.041469548720774751e-03 1.186354277579250646e-10 1.244753406531525809e-03
4.070883773794896854e+01 1.700000000000000000e+02 2.832473886347093686e-06 1.268319209671999515e+00 1.851313840211002345e-07 1.739755117273442009e+00
4.070883773794896854e+01 2.750000000000000000e+02 1.271763388999088711e-06 5.694675400892466044e-01 1.582248787249598392e-07 1.486903713798977567e+00
4.070883773794896854e+01 3.110000000000000000e+02 4.040364042800557627e-07 1.809185727802332389e-01 5.628943516695234294e-08 5.289747786305939448e-01
4.070883773794896854e+01 3.420000000000000000e+02 7.340691727119563076e-08 3.286999528808779575e-02 2.637808850537256764e-09 2.478856553888412334e-02
4.070883773794896854e+01 3.690000000000000000e+02 6.801784393565671436e-08 3.045688734497802724e-02 1.845112847898329826e-09 1.733927791903846355e-02
4.070883773794896854e+01 3.930000000000000000e+02 2.667817668701173987e-08 1.194589794252187698e-02 7.543593284012033732e-10 7.089022257292531409e-03
4.070883773794896854e+01 4.150000000000000000e+02 9.699054809558107342e-09 4.343022398165441791e-03 2.376409051011655510e-10 2.233208501677511146e-03
4.070883773794896854e+01 4.360000000000000000e+02 8.603444828090761296e-09 3.852432461043198229e-03 1.896377725330323534e-10 1.782103487948198065e-03
6.325453819483597329e+01 1.700000000000000000e+02 2.313702629642380132e-06 2.006048466134827901e+00 9.075867827170227760e-08 2.172293907783669376e+00
6.325453819483597329e+01 2.750000000000000000e+02 5.298324764251598851e-07 4.593803944482670043e-01 4.982083152537008347e-08 1.192453337401914393e+00
6.325453819483597329e+01 3.110000000000000000e+02 1.904296332413734045e-07 1.651081123288176689e-01 9.361118245812448496e-09 2.240568122262003858e-01
6.325453819483597329e+01 3.420000000000000000e+02 3.340198303898641338e-08 2.896050511537737182e-02 1.923198057966953607e-09 4.603142646344136890e-02
6.325453819483597329e+01 3.690000000000000000e+02 1.436678445473766255e-08 1.245642614114625402e-02 3.135074931033912228e-10 7.503749837279929079e-03
6.325453819483597329e+01 3.930000000000000000e+02 7.086384449540665633e-09 6.144104464124675383e-03 2.039162127740305515e-10 4.880700723530233091e-03
6.325453819483597329e+01 4.150000000000000000e+02 2.103657290987944692e-09 1.823932958278215791e-03 4.476170763477268835e-11 1.071364046377123493e-03
6.325453819483597329e+01 4.360000000000000000e+02 1.181810404461331425e-09 1.024664500423839953e-03 3.393293628569763169e-11 8.121792006045023063e-04
3.100000000000000000e+01 1.700000000000000000e+02 1.627469556870241840e-05 4.843451961485399693e+00 4.039750790582921569e-06 2.876415551437306206e+01
3.100000000000000000e+01 2.750000000000000000e+02 5.453238391047131215e-06 1.622918110514959489e+00 4.089669825421507430e-07 2.911959300437162224e+00
3.100000000000000000e+01 3.110000000000000000e+02 2.399229583847303674e-06 7.140258436714664869e-01 5.596084251846966695e-07 3.984568505237751523e+00
3.100000000000000000e+01 3.420000000000000000e+02 6.389466462515526357e-07 1.901545484526898366e-01 1.350200389357282086e-07 9.613804412285498202e-01
3.100000000000000000e+01 3.690000000000000000e+02 9.893554337068519754e-07 2.944384118132999384e-01 2.041412874318511291e-07 1.453543063171675254e+00
3.100000000000000000e+01 3.930000000000000000e+02 8.507509838421911319e-07 2.531888540729629877e-01 1.915698858571673728e-07 1.364031167841206260e+00
3.100000000000000000e+01 4.150000000000000000e+02 5.985179271573218508e-08 1.781227068756429527e-02 1.337492211176430724e-08 9.523318629263811952e-02
3.100000000000000000e+01 4.360000000000000000e+02 2.295581418920539977e-08 6.831794966169439133e-03 3.652077044705598599e-09 2.600381001453449387e-02
6.900000000000000000e+01 1.700000000000000000e+02 2.269351135868982234e-06 2.249284372654834385e+00 8.676976994487839283e-08 2.455139775537658053e+00
6.900000000000000000e+01 2.750000000000000000e+02 4.528859108458202748e-07 4.488812620313094026e-01 3.577004334002787625e-08 1.012108897287585352e+00
6.900000000000000000e+01 3.110000000000000000e+02 2.270626539269619788e-07 2.250548498286404908e-01 9.313015284844001749e-09 2.635106013365692834e-01
6.900000000000000000e+01 3.420000000000000000e+02 6.229017434624699793e-08 6.173937277155129577e-02 1.878743495853506489e-09 5.315881196449882828e-02
6.900000000000000000e+01 3.690000000000000000e+02 3.648652885712353446e-08 3.616389631096989660e-02 1.202442981342265023e-09 3.402297359074343136e-02
6.900000000000000000e+01 3.930000000000000000e+02 2.100438451519575369e-08 2.081865300636781546e-02 5.313962610687731160e-10 1.503579066708065660e-02
6.900000000000000000e+01 4.150000000000000000e+02 9.389162315198164293e-09 9.306138540701437006e-03 3.315646237510583633e-10 9.381579511499558988e-03
6.900000000000000000e+01 4.360000000000000000e+02 6.848711961890161119e-09 6.788152148519311854e-03 2.039431861558550830e-10 5.770546915120354156e-03
3.500000000000000000e+01 1.700000000000000000e+02 6.250381251939324149e-06 2.233234834531625967e+00 1.181225302405246504e-06 8.974512056442016217e+00
3.500000000000000000e+01 2.750000000000000000e+02 1.954325227784070237e-06 6.982721534525857532e-01 1.534951981232176075e-07 1.166199626233687114e+00
3.500000000000000000e+01 3.110000000000000000e+02 6.737370295250015746e-07 2.407233963819815636e-01 1.095548309901427994e-07 8.323570021404724795e-01
3.500000000000000000e+01 3.420000000000000000e+02 7.879707936646185248e-08 2.815386380565767371e-02 1.018760672031370329e-08 7.740166008260657149e-02
3.500000000000000000e+01 3.690000000000000000e+02 9.892002708000911129e-08 3.534370807210283905e-02 1.759505454066222913e-08 1.336807032387411498e-01
3.500000000000000000e+01 3.930000000000000000e+02 6.722231057436572684e-08 2.401824778061307022e-02 1.485735641564037544e-08 1.128806875432779994e-01
3.500000000000000000e+01 4.150000000000000000e+02 3.467985784898667764e-09 1.239096680397407330e-03 8.102071186864536577e-10 6.155653405037008787e-03
3.500000000000000000e+01 4.360000000000000000e+02 1.141875279633678160e-09 4.079872168401330978e-04 1.468389667116997282e-10 1.115628046932517136e-03
6.500000000000000000e+01 1.700000000000000000e+02 2.302742279838838480e-06 2.081601719358478153e+00 8.976279750272117387e-08 2.267201748138540029e+00
6.500000000000000000e+01 2.750000000000000000e+02 5.005211182620825457e-07 4.524542887285230020e-01 4.486165744108828609e-08 1.133102253990516894e+00
6.500000000000000000e+01 3.110000000000000000e+02 1.974642820348087837e-07 1.785010822072163883e-01 9.336742962276982670e-09 2.358246462333447868e-01
6.500000000000000000e+01 3.420000000000000000e+02 3.456939749946964094e-08 3.124957486650173713e-02 1.867856180611970698e-09 4.717774975569870993e-02
6.500000000000000000e+01 3.690000000000000000e+02 9.883764596546637179e-09 8.934591403492120332e-03 3.563440194451737236e-10 9.000430092436903853e-03
6.500000000000000000e+01 3.930000000000000000e+02 4.504664596550301418e-09 4.072065576512814630e-03 1.793895055743647545e-10 4.530966190348274455e-03
6.500000000000000000e+01 4.150000000000000000e+02 9.363496601667347061e-10 8.464286601191920367e-04 4.040974320098731727e-11 1.020657142780454678e-03
6.500000000000000000e+01 4.360000000000000000e+02 4.500279689489758870e-10 4.068101767728667063e-04 1.802783833126923730e-11 4.553417196982250097e-04
