
0.000000000000000000 0.000000000000000000 0.000000000000000000 0.000000000000000000 0.000000000000000000 0.000000000000000000 0.000000000000000000 0.000000000000000000 0.000000000000000000 0.000000000000000000 0.000000000000000000 0.000000000000000000 0.000000000000000000 0.000000000000000000
0.000000000001315046 0.000000000001466805 0.000000000001467488 0.000000000001580993 0.000000000001194005 0.000000000001062447 0.000000000001180476 0.000000000001132959 0.000000000001075841 0.000000000001562965 0.000000000000866072 0.000000000001687102 0.000000000000952496 0.000000000001600678
-0.000000050137471559 -0.000000054924141365 -0.000000054945670958 -0.000000058525741266 -0.000000046319689030 -0.000000042170169546 -0.000000045892958638 -0.000000044394216917 -0.000000042592653779 -0.000000057957132915 -0.000000035976259884 -0.000000061872559193 -0.000000038702186127 -0.000000059146632950
-0.000000003774368230 -0.000000003113423122 -0.000000003110450308 -0.000000002616112897 -0.000000004301529031 -0.000000004874496191 -0.000000004360452119 -0.000000004567398921 -0.000000004816159415 -0.000000002694626545 -0.000000005729753491 -0.000000002153983059 -0.000000005353356604 -0.000000002530379947
-0.000000100208803063 -0.000000109799450293 -0.000000109842587325 -0.000000117015672742 -0.000000092559433686 -0.000000084245390906 -0.000000091704429934 -0.000000088701527348 -0.000000085091886988 -0.000000115876400068 -0.000000071835175674 -0.000000123721410004 -0.000000077296884551 -0.000000118259701127
-0.000000011324415048 -0.000000009341667697 -0.000000009332749650 -0.000000007849803216 -0.000000012905827284 -0.000000014624652501 -0.000000013082588704 -0.000000013703401565 -0.000000014449649936 -0.000000008085333709 -0.000000017190310563 -0.000000006463475215 -0.000000016061170000 -0.000000007592615778
-0.000000150147842326 -0.000000164577100185 -0.000000164642000430 -0.000000175434003998 -0.000000138639263127 -0.000000126130673848 -0.000000137352898473 -0.000000132834991110 -0.000000127404238599 -0.000000173719952924 -0.000000107459337975 -0.000000185522875976 -0.000000115676552502 -0.000000177305661449
-0.000000022652744280 -0.000000018687528742 -0.000000018669693905 -0.000000015704009832 -0.000000025815346092 -0.000000029252754519 -0.000000026168844045 -0.000000027410382358 -0.000000028902774029 -0.000000016175037657 -0.000000034383709404 -0.000000012931549023 -0.000000032125587259 -0.000000015189671168
-0.000000199888360160 -0.000000219208212871 -0.000000219295110145 -0.000000233744912165 -0.000000184479109235 -0.000000167730908820 -0.000000182756749299 -0.000000176707560515 -0.000000169436130505 -0.000000231449907488 -0.000000142731185169 -0.000000247253265992 -0.000000153733509466 -0.000000236250941695
-0.000000037763244012 -0.000000031155182303 -0.000000031125460412 -0.000000026183125454 -0.000000043033743872 -0.000000048762211037 -0.000000043622850887 -0.000000045691883885 -0.000000048178965901 -0.000000026968096890 -0.000000057312986194 -0.000000021562798528 -0.000000053549808545 -0.000000025325976177
