5.178003645313728498e+01 2.000000000000000000e+00 7.596908388391181831e-07 4.867145596577231448e-01 3.599635791496558338e-08 5.795466687901332792e-01
5.880395328679207978e+01 2.000000000000000000e+00 3.096516271357694247e-07 2.402516633916635946e-01 1.399958534029397416e-08 2.918288562909590045e-01
5.883554562015022782e+01 2.000000000000000000e+00 3.078824923366417719e-07 2.390735637370656474e-01 1.391581590833832092e-08 2.903644987655146226e-01
6.408890904785909015e+01 2.000000000000000000e+00 4.110797874903894409e-08 3.636420804180565819e-02 1.772410497564470330e-09 4.353156054945558906e-02
4.617785621966683607e+01 2.000000000000000000e+00 1.589889497616012473e-06 8.587136855664557755e-01 7.284701884115440910e-08 8.683306292078178945e-01
4.008888812050359718e+01 2.000000000000000000e+00 8.864579624662790150e-07 3.879687244802283996e-01 4.183188504894074978e-08 3.821098525149285718e-01
4.555167582719674613e+01 2.000000000000000000e+00 1.531416762428305695e-06 8.105047920118625404e-01 7.055441878131408807e-08 8.162265715955283607e-01
4.335243551384557747e+01 2.000000000000000000e+00 1.302864086343498548e-06 6.406309353644793481e-01 6.093241692008467467e-08 6.393185826769857139e-01
4.070883773794896854e+01 2.000000000000000000e+00 9.735153230676871171e-07 4.359186473380554649e-01 4.584967597705496229e-08 4.308681039046256545e-01
6.325453819483597329e+01 2.000000000000000000e+00 8.002356841959547576e-08 6.938279562208804485e-02 3.473028817873884091e-09 8.312636858856552180e-02
3.100000000000000000e+01 2.000000000000000000e+00 9.662248787081402885e-07 2.875546128810358981e-01 4.230307844569834422e-08 3.012097503601722237e-01
6.900000000000000000e+01 2.000000000000000000e+00 1.644632065841153642e-07 1.630089388104774273e-01 6.791944469898744694e-09 1.921772183086869756e-01
3.500000000000000000e+01 2.000000000000000000e+00 0.000000000000000000e+00 0.000000000000000000e+00 0.000000000000000000e+00 0.000000000000000000e+00
6.500000000000000000e+01 2.000000000000000000e+00 0.000000000000000000e+00 0.000000000000000000e+00 0.000000000000000000e+00 0.000000000000000000e+00
