5.178003645313728498e+01 2.000000000000000000e+00 7.396982286867852362e-07 4.739058038465162048e-01 3.628130310826618934e-08 5.841343284071210951e-01
5.880395328679207978e+01 2.000000000000000000e+00 4.117479254328786839e-07 3.194658620022108875e-01 1.972334091869661959e-08 4.111436076590995747e-01
5.883554562015022782e+01 2.000000000000000000e+00 4.098768307441130478e-07 3.182730978808147038e-01 1.963059053354234495e-08 4.096077885974072630e-01
6.408890904785909015e+01 2.000000000000000000e+00 6.530567298053994173e-08 5.776954136014290919e-02 3.034482105221818220e-09 7.452886432416210016e-02
4.617785621966683607e+01 2.000000000000000000e+00 8.155419572964280878e-07 4.404815812257389385e-01 3.966146143380246947e-08 4.727614432268171796e-01
4.008888812050359718e+01 2.000000000000000000e+00 5.828680506588919986e-07 2.550990387917121960e-01 2.688907087375949952e-08 2.456159671938062394e-01
4.555167582719674613e+01 2.000000000000000000e+00 8.093123588699621981e-07 4.283298715226367404e-01 3.922790705797379273e-08 4.538179272377194096e-01
4.335243551384557747e+01 2.000000000000000000e+00 7.580709019573357984e-07 3.727508310989571250e-01 3.613515501325822829e-08 3.791393359332597690e-01
4.070883773794896854e+01 2.000000000000000000e+00 6.264541581087055581e-07 2.805123275939028771e-01 2.901295631418210500e-08 2.726465827591729729e-01
6.325453819483597329e+01 2.000000000000000000e+00 1.238780111769884404e-07 1.074058918054828782e-01 5.786175931710868243e-09 1.384911610126323134e-01
3.100000000000000000e+01 2.000000000000000000e+00 8.126833813511309746e-07 2.418596956763569839e-01 3.055763321574701443e-08 2.175788952174664836e-01
6.900000000000000000e+01 2.000000000000000000e+00 3.004948386164803594e-07 2.978377095903539384e-01 1.351931463950221151e-08 3.825273148763210229e-01
3.500000000000000000e+01 2.000000000000000000e+00 0.000000000000000000e+00 0.000000000000000000e+00 0.000000000000000000e+00 0.000000000000000000e+00
6.500000000000000000e+01 2.000000000000000000e+00 1.357780225296246957e-22 1.227387743836195601e-16 9.926167350636332098e-24 2.507121501978161833e-16
