415
1.9268031813916126e-10 
2.0249688707686218e-10 
-3.8764118530003079e-10 
-1.6425466298028083e-10 
-1.8789342773854312e-10 
-5.4734805336519701e-11 
-6.5458018522192948e-11 
1.8899179457811267e-11 
1.6740761509970211e-12 
1.3095198575069393e-11 
1.2937356708736711e-12 
-1.514897328506391e-12 
-3.5491373902414269e-12 
-1.0915271182435072e-11 
-3.4566437191931871e-12 
-2.5030247406480639e-12 
4.9816142233035307e-12 
1.6710839165655378e-12 
-1.009244741682175e-11 
-9.4506620863560723e-12 
-1.1353282279031425e-11 
-1.0012621158830935e-12 
-6.2439706668494716e-12 
-6.784231931008295e-13 
-6.1161799716152406e-12 
-2.6718318384279272e-12 
-1.0604182692435076e-11 
-6.2874228612882708e-12 
-1.375872373520812e-11 
-6.1682502957498994e-12 
-1.1125687700069562e-11 
-2.7875126867431043e-12 
-8.07709936973257e-12 
2.0638937209550849e-14 
8.3541952377477125e-12 
2.7355923168263466e-12 
-8.9351550904736841e-12 
-3.791354109913041e-12 
-1.3467152720119465e-11 
2.8771958214714449e-12 
6.8782378615977786e-12 
-4.5875839822588726e-12 
1.1167592833102818e-11 
4.8026567391891317e-13 
7.179147157228637e-12 
6.4426646356126927e-12 
1.2070884352332685e-11 
2.3289925020584011e-13 
1.062369815871038e-11 
7.9945686162470425e-12 
1.5296693434837203e-12 
-9.5812613343082403e-12 
2.061689864748034e-11 
1.0455603265860524e-11 
-1.1913863453328877e-11 
3.4374130446886698e-12 
3.0648119835606202e-11 
-3.9238965610982071e-12 
-1.261347571101709e-11 
-2.1884244840185449e-12 
1.7375178072636701e-11 
5.0156893960645591e-11 
-2.6631435291801588e-12 
-8.9635847733894143e-11 
-7.3343299184818502e-11 
-2.482857772061159e-10 
2.4377862220967871e-10 
-3.9182711553477671e-10 
4.8757557020957582e-10 
-2.9697020826641246e-10 
6.0813933217875283e-10 
-1.038364721695131e-11 
5.9127295337767175e-10 
-6.2216775311608588e-10 
-1.6334044178316979e-10 
-1.1639508184618784e-09 
-9.6021759939933357e-10 
8.2721104242245525e-10 
-6.0129978675861054e-10 
1.0422585967975172e-09 
5.0702823592317808e-10 
3.296724761968224e-09 
8.8816549688109591e-10 
1.2336465902115964e-08 
1.162473714978502e-08 
-1.7517136584780536e-08 
-1.4514264358196911e-08 
-7.5150765326028368e-09 
-1.3608066856096578e-08 
-8.8831152137082114e-10 
3.6525009990855429e-10 
1.3365272158632073e-09 
-7.8869778096839119e-09 
-2.6803560868146287e-08 
6.5664346444969472e-09 
-9.2320460384509055e-08 
-4.4589106789911789e-08 
1.1570681010871056e-07 
4.9548757002119066e-08 
8.3581240558988537e-08 
7.3926844585269936e-08 
-1.2908448540929877e-07 
1.6470491927582235e-07 
-1.7169979039270034e-07 
-2.2737889767362718e-07 
1.2175909644709761e-07 
-2.1465313937232187e-07 
4.7453484226177355e-08 
2.5467552925744194e-07 
1.6549463008988088e-08 
2.4631287478532589e-07 
8.5865662939110247e-08 
-2.3929802711535919e-07 
1.5196715028578983e-07 
1.7159501671134356e-07 
-2.0202380322955592e-07 
-1.1250229324339443e-07 
2.8856908562938684e-07 
2.1298952585054232e-08 
-2.418562428961563e-07 
9.4388039238644115e-08 
2.4250981258912584e-07 
-1.8239701436875237e-07 
-1.6685157364795292e-07 
2.3910742812680964e-07 
6.5860288211594701e-08 
-2.9075459348810831e-07 
4.6695119911574651e-08 
2.7487603284853774e-07 
-1.6325053228162149e-07 
-1.7727269639177231e-07 
2.5682711460813653e-07 
1.69834578096508e-08 
-2.8843506239568677e-07 
1.2990429060610643e-07 
2.261042783149782e-07 
-2.386947662561892e-07 
-1.007431925047946e-07 
2.9549496921055151e-07 
-4.5135547700119641e-08 
-2.7725636160160024e-07 
1.7558062609834469e-07 
1.5581683245846116e-07 
-2.8519893949476751e-07 
1.1002995436969059e-08 
3.0423651916051799e-07 
-1.4433669445275492e-07 
-2.418102839058823e-07 
2.3959348616987736e-07 
1.4171522105167904e-07 
-3.0399235799519138e-07 
-4.2134269046000991e-08 
3.1954293243953059e-07 
-4.0125716168798824e-08 
-3.1610183468427616e-07 
9.2249075480085584e-08 
3.0872817790711907e-07 
-1.1015638320432454e-07 
-3.1373384268072746e-07 
9.5896177894727898e-08 
3.308655552756905e-07 
-3.535850820601468e-08 
-3.3342356201663269e-07 
-5.4440034018520416e-08 
3.1982568771983406e-07 
1.6711980463555914e-07 
-2.605078788419215e-07 
-2.6150492304753297e-07 
1.4259827149963474e-07 
3.1369219400230283e-07 
4.0662409685846335e-08 
-3.1080380220779426e-07 
-2.5456969611165429e-07 
1.488544523400275e-07 
3.0688024156618491e-07 
6.0262172091899107e-08 
-2.7668670050028325e-07 
-2.2535786442817402e-07 
1.4005962074099787e-07 
2.8814439381835552e-07 
1.1814221081057675e-07 
-2.4592066295525219e-07 
-2.7033390079363464e-07 
-1.6605859272910751e-09 
2.6459464471302649e-07 
1.9725119417323628e-07 
-1.3471567864398504e-07 
-2.5867082749732e-07 
-1.3450355933838642e-07 
2.036077818548337e-07 
2.5125725420389558e-07 
5.7652489987506942e-08 
-2.1918938549186495e-07 
-2.112923884834816e-07 
4.5217541564417404e-08 
2.3673841148939795e-07 
2.1028050240116917e-07 
-5.7845095406191156e-08 
-2.227931195184112e-07 
-1.5253636044494849e-07 
1.2033719245380635e-07 
2.142019916507833e-07 
-1.3285811931041075e-07 
1.4641594077888258e-07 
2.0767152670186625e-07 
9.4601678317067222e-08 
-1.5076899977343181e-07 
1.9177003460837445e-07 
5.8107594718007055e-08 
-1.7279871407976176e-07 
-1.8967263979107805e-07 
5.4276544774374478e-08 
-1.5399442904980945e-07 
-1.7127920519610082e-07 
-2.3683686552700815e-08 
-1.6766942072525685e-07 
-1.7241664921478953e-07 
-3.0919066420526052e-08 
-1.4601709570655063e-07 
-1.5466010447055294e-07 
-1.4000719105112061e-08 
-1.5413197284829836e-07 
-1.577006804337896e-07 
-2.2677432374172494e-08 
-1.3149874464482154e-07 
-1.424531422246599e-07 
-2.1850453985744306e-08 
-1.3582707596578942e-07 
-1.4511142178444068e-07 
-2.7315115130118538e-08 
-1.1065294814261548e-07 
-1.3390089659328413e-07 
4.022854510939631e-08 
-1.1055325043262019e-07 
1.3401766845371838e-07 
4.0157703140822446e-08 
8.0296756201731467e-08 
1.2639537327283409e-07 
-5.8891041545530449e-08 
7.6952870522108931e-08 
-1.2075340051454355e-07 
-5.6581923719579273e-08 
-4.0987629735841225e-08 
-1.1413682604761154e-07 
7.4731380536673072e-08 
-4.1445847825685613e-08 
9.4554319979523598e-08 
8.0454972256073273e-08 
6.0781108650363085e-09 
8.5806340023756955e-08 
-9.1286753653461348e-08 
-8.6448122413030226e-09 
-5.2650764970258927e-08 
9.4603828818694338e-08 
2.8580779259345695e-08 
5.4220175771471948e-08 
7.9341748386101621e-08 
-5.8191928239027211e-08 
-2.2148136149685559e-08 
-7.1164262559519537e-08 
7.6217634050955249e-08 
1.7673666015877519e-08 
4.4463824133216025e-08 
-7.854234309358956e-08 
3.6561781184114463e-08 
-4.7378971205695146e-08 
5.4379748414732636e-08 
-7.3553594160893281e-08 
1.7111009359840233e-09 
-5.5779280393320387e-08 
5.9661653050698595e-08 
5.827235393124811e-08 
2.5112423315807717e-08 
-5.8732816572422604e-08 
-6.2855239890599037e-08 
4.1559343691074086e-08 
3.5533893811002364e-08 
-5.9456994757609051e-08 
-6.4304642537169784e-08 
2.7880181125319885e-08 
3.9729380784048477e-08 
-5.8940831400101704e-08 
-6.3258133823118655e-08 
2.246762210834569e-08 
4.0645462178129222e-08 
-5.7670396225233578e-08 
6.0085264137780963e-08 
2.79171663662244e-08 
3.9234956213893282e-08 
-5.5911394183374523e-08 
5.6370159722385626e-08 
-3.7742643878038341e-08 
3.4684704488958002e-08 
-5.4012624789546272e-08 
5.3430353343613221e-08 
-4.933959173230413e-08 
-2.2196536377821178e-08 
5.1770443250105674e-08 
5.1030432210333229e-08 
-5.7679780552995148e-08 
5.0773704283042192e-09 
4.8352572426021705e-08 
-4.8526589058124664e-08 
5.6816091665205728e-08 
4.1903783190141185e-08 
3.0872977144857084e-08 
-4.4179650992065624e-08 
5.4159931605595256e-08 
-5.5108175625002086e-08 
3.0003914132723506e-08 
3.0083817407688377e-08 
-5.1192053257159699e-08 
-5.1827237164094089e-08 
5.178662842407077e-08 
-1.5433756071592465e-08 
-4.0904212908190097e-08 
4.7294012893965233e-08 
-5.1548407457162939e-08 
4.8327316133255198e-08 
-1.3388287054970869e-08 
-2.9749617974251058e-08 
4.7277756801298617e-08 
4.5534108680938115e-08 
-3.4451887047344698e-08 
1.9763002108226429e-08 
2.3331661138785469e-08 
-3.8952533792882592e-08 
3.2152946280698254e-08 
-2.6310853885123641e-08 
1.0503630049776297e-08 
4.3769126709306163e-09 
-3.0069832205136917e-08 
2.3942127511650177e-08 
-1.1894085929146445e-08 
9.1600297695142323e-09 
2.047449394191753e-09 
-1.6468007895807799e-08 
1.7371648776597617e-08 
8.6238204946814841e-09 
-1.0255685903070407e-09 
3.6616280538213794e-10 
6.7491801663468468e-09 
-1.6284735471220527e-08 
5.1310272312510905e-09 
-7.398839320481003e-10 
-3.9837617332219735e-09 
3.8992581669181045e-09 
-8.109682795024407e-09 
1.3457491333252077e-08 
-2.633765092950267e-09 
-2.8852494637523173e-09 
6.3633800594928926e-09 
-6.0466301710026723e-09 
8.4167661898007871e-09 
-8.5546388362528035e-09 
1.0071314367860561e-08 
3.5651533402428481e-09 
-7.4263276443890213e-09 
7.0246539975680482e-09 
-8.5462774447285442e-09 
8.1344627462120601e-09 
-1.1309029028720063e-08 
2.7027632502229497e-09 
7.7378059723306635e-09 
-7.3005582132420607e-09 
8.6137535403522338e-09 
8.2452393401202984e-09 
-9.5538941161205193e-09 
9.5639091809618175e-09 
-6.9923263729481322e-09 
-5.7750013735491472e-09 
8.5187121417270756e-09 
-8.2163835040547769e-09 
9.1517566259374161e-09 
-8.8979150318347927e-09 
1.0118885225978e-08 
-1.0498896607430658e-08 
-9.0569667848675236e-10 
7.1571427920412561e-09 
-9.1023836896742805e-09 
8.8805370177484388e-09 
-9.7274241381913238e-09 
9.6001360612531994e-09 
-1.0506006348660038e-08 
1.0612592317663527e-08 
-2.2161275733196781e-09 
-6.9064715321034881e-09 
9.5434107284735949e-09 
-9.6153126549957507e-09 
1.0049658672683941e-08 
-9.873208829651039e-09 
9.3652080795715836e-09 
-8.7441276037594264e-09 
5.611030456589154e-09 
4.1023098725275012e-10 
-7.5861854680290893e-09 
7.3605875068248618e-09 
-6.0604074467161345e-09 
5.0705302440181296e-09 
-3.7936818186752842e-09 
3.0809592768994108e-09 
-1.9954067674440505e-09 
1.436200456507999e-09 
3.6481811115964981e-11 
-2.8309477629328611e-09 
2.2280218735427267e-09 
-1.3911228747453195e-09 
3.2111955649433404e-10 
9.3199375115279696e-11 
-8.8513848513584216e-10 
6.6383019469124275e-10 
-1.3591250099414788e-09 
1.7754206423415006e-09 
-4.8370527106516097e-09 
5.7165643181560967e-09 
