369
5.4620134562970223e-10 
2.1271913783897129e-09 
1.7206822639279251e-09 
1.439173178092142e-09 
6.2451516599503169e-10 
3.3930357676313249e-10 
-1.2942277978215548e-10 
-1.8109979822174494e-10 
-2.9519380462322159e-10 
-2.4750772749761376e-10 
-2.7843916891795066e-10 
-2.3143317912480439e-10 
-2.4485930838177349e-10 
-2.1966517041263912e-10 
-2.3906416009749101e-10 
-2.301713270910354e-10 
-2.3392660548659242e-10 
-2.2951210541211344e-10 
2.2513517498560623e-10 
2.1990726347518576e-10 
2.1386004955158057e-10 
2.193384599867676e-10 
2.0743827423937724e-10 
2.1263436479869642e-10 
1.9769720986293677e-10 
1.9922435409552047e-10 
1.8803274203479537e-10 
1.9504167962497225e-10 
1.8494703374827723e-10 
1.9922334982985282e-10 
1.8611268266275233e-10 
2.0041225957122232e-10 
1.7657707893818689e-10 
1.7294969899674328e-10 
-1.6020990212641604e-10 
-1.9261497714281898e-10 
1.9071650677869501e-10 
2.0270819085569696e-10 
1.7166491427655914e-10 
-1.7935868421695456e-10 
-1.7137836089512724e-10 
1.8815507343311683e-10 
-1.778544908227156e-10 
-1.8727549375588682e-10 
-1.6407526129547694e-10 
-1.7164312863992888e-10 
-1.5834100119143885e-10 
-1.6990706910979545e-10 
-1.6256234846618448e-10 
-1.7766910875267635e-10 
-1.5615829751958937e-10 
-1.5852365001215659e-10 
-1.5114829691608272e-10 
-1.6484249586340246e-10 
-1.4265781084144236e-10 
-1.5324165760925109e-10 
-1.5619346522967922e-10 
-1.5307829463696398e-10 
-1.4102556785000129e-10 
-1.7902434287120348e-10 
-1.1644800549782893e-10 
-3.2899276205235103e-11 
-1.7440415157635922e-10 
-2.8151662032488518e-10 
-6.5936650053213854e-12 
-1.6689099871975976e-10 
5.7548415682153356e-10 
-5.7853956463600018e-10 
6.1974074385901455e-10 
-1.3149729475739127e-10 
9.6374746698072563e-10 
-2.2911898837654004e-11 
4.4529588829836638e-10 
-1.0156269031221599e-09 
-6.1906878691113233e-10 
-1.122079122365078e-09 
-2.0884924709314812e-09 
6.9302677370385507e-10 
-1.2499902632884671e-09 
3.7349331565172392e-10 
-2.6779106861446761e-11 
2.4136157096420238e-09 
1.5613058343825796e-09 
7.0131616686751946e-09 
1.2810886798088219e-08 
-7.7606615858385642e-09 
-1.2910129691556795e-08 
-3.9595339915726778e-10 
-1.1360942974442296e-08 
-2.7847884008021656e-09 
4.2038409718612542e-09 
6.7190250011329955e-10 
1.3325830129062854e-09 
-1.2921202003346495e-08 
2.2094564639370704e-08 
-3.3828731601178301e-08 
-5.5498569173356732e-08 
3.1682488078892148e-08 
4.9602648753723868e-08 
1.7476622895365855e-08 
6.0226618666031686e-08 
-2.40792192786089e-08 
1.14630601260461e-07 
-1.4528968427315418e-08 
-1.444919836386092e-07 
-1.965128734158216e-08 
-1.1797229572611111e-07 
-5.2131965763376888e-08 
1.1976205605636149e-07 
9.1459132173944172e-08 
9.4816845628455541e-08 
1.1530058039009652e-07 
-6.9379986518190993e-08 
1.3954530840588189e-07 
2.3670702585829041e-08 
-1.3783477221686255e-07 
2.4310160407276975e-08 
1.6212287021380221e-07 
-6.6374306770524135e-08 
-1.0977957634314765e-07 
1.1156930477412356e-07 
7.8642564754528471e-08 
-1.4583835693902931e-07 
-2.0033771451806546e-08 
1.4591704332812208e-07 
-4.2390389975039828e-08 
-1.4274757552911098e-07 
1.0141936799949737e-07 
9.9566968653209691e-08 
-1.4762087137180096e-07 
-1.941362374749802e-08 
1.6239303757753003e-07 
-7.2268822337755579e-08 
-1.3298293454332716e-07 
1.3755832500332321e-07 
6.1252209137493262e-08 
-1.6858727266109199e-07 
2.6232303464147744e-08 
1.6104024573763841e-07 
-1.0598630025477598e-07 
-1.1001449057302374e-07 
1.6128409404315683e-07 
1.1428897123466983e-08 
-1.8572429448405102e-07 
8.8713988408032373e-08 
1.5051723828218729e-07 
-1.5116293418596528e-07 
-8.3455930251278359e-08 
1.835668358269593e-07 
8.7822452332497217e-09 
-1.9574805765505818e-07 
5.4035714393308747e-08 
1.8211057261621829e-07 
-1.0054252136013668e-07 
-1.6705622234059377e-07 
1.2824575388312507e-07 
1.5864453510990177e-07 
-1.3699608782632666e-07 
-1.6778881531181619e-07 
1.2790218035304902e-07 
1.8899813777305119e-07 
-8.8563295718520283e-08 
-2.0687924354951195e-07 
2.5177294120329751e-08 
2.1502012624808156e-07 
5.7773484123941473e-08 
-1.9276819227099403e-07 
-1.3470949098961522e-07 
1.2551697097234938e-07 
1.8432086489223609e-07 
-8.1419492443743039e-09 
-1.9979968147144695e-07 
-1.4302523955249039e-07 
1.1269724236496127e-07 
1.8803859588185886e-07 
2.1508031983791168e-08 
-1.7575666529075526e-07 
-1.334264443550424e-07 
9.0214709649822866e-08 
1.7682207079173433e-07 
7.5647537257888649e-08 
-1.493520701525331e-07 
-1.6964048059775567e-07 
-1.3543961561763837e-08 
1.5967871437519656e-07 
1.3559912437913999e-07 
-6.5139774616597701e-08 
-1.6597462260090604e-07 
-1.0910886387470818e-07 
1.0830192888040155e-07 
1.621697394552911e-07 
7.264357078508375e-08 
-1.2161029115653819e-07 
-1.5632652568090609e-07 
-1.5981724713395654e-08 
1.5019986325129394e-07 
1.5799695224987797e-07 
1.3183259256969846e-08 
-1.3694178240078816e-07 
-1.4418764259207523e-07 
2.9654615733567533e-08 
1.5434273214205825e-07 
-1.4131674883012978e-07 
5.2285686385110049e-08 
1.4252254570458355e-07 
1.2950570546834271e-07 
-5.709793020812433e-08 
1.5728020509748239e-07 
1.1601331311834389e-07 
-9.0141299182235577e-08 
-1.4660682695676076e-07 
1.1981989629985992e-07 
-6.8576270467655709e-08 
-1.6029007873728295e-07 
-1.0572639198712449e-07 
-9.9967225824685816e-08 
-1.5145060080506633e-07 
-1.1581565569121781e-07 
-6.9491251383193464e-08 
-1.6454573499253059e-07 
-1.0780706053950911e-07 
-9.5942525400641659e-08 
-1.5525818471973613e-07 
-1.1915270615289786e-07 
-5.9625533404529787e-08 
-1.6659660730877106e-07 
-1.2237106383435363e-07 
-7.8153803963525269e-08 
-1.5407488433650526e-07 
-1.3050504916281414e-07 
-3.5310027567459964e-08 
-1.6287882683491677e-07 
1.4303586178366068e-07 
-4.1869819899769214e-08 
1.4278607110171017e-07 
1.4521844491086209e-07 
-8.2127099321445569e-09 
1.4465714319334182e-07 
-1.5679733992572962e-07 
-1.0555780193556968e-08 
-1.100749944165444e-07 
-1.5441565118220007e-07 
6.3039903152792256e-08 
-9.7287640372517118e-08 
1.5522933912568217e-07 
6.0316240707193425e-08 
3.9117145528680738e-08 
1.4760169729150722e-07 
-9.9606818947338312e-08 
2.2728916271780081e-08 
-1.2528185482679833e-07 
9.3021725034190888e-08 
3.6546102942013003e-08 
8.9191790575085398e-08 
1.1530387293930445e-07 
-3.0917704575998257e-08 
2.1289362253793904e-08 
-1.1322125467414062e-07 
6.7144702874634986e-08 
-6.2828502634152832e-09 
8.8912483765481516e-08 
-6.6745021877912238e-08 
-3.4897901700229509e-08 
-3.6913640449984989e-08 
8.8717388840148943e-08 
2.6905526363691775e-08 
-1.501296593086155e-08 
-6.1244530740172084e-08 
-6.4379542760970606e-08 
9.5029798280484697e-09 
-1.3977111658178147e-09 
6.7245719153411555e-08 
-3.9817263603410065e-08 
-5.534662585149965e-10 
-1.0014521330151946e-08 
6.3740797360908662e-08 
-2.4981989386554141e-08 
-6.3650698070651375e-09 
-1.8347808566673441e-08 
5.5405053045754502e-08 
-1.5792536037294681e-08 
-9.9748025170634571e-09 
-2.1325402481965476e-08 
4.9330909906814654e-08 
-1.0850919444425227e-08 
-1.153915793183401e-08 
1.7716071288090302e-08 
4.5362216961959081e-08 
-8.2744635079511817e-09 
-1.2344270353040463e-08 
1.4285915112540449e-08 
-4.3853805216716051e-08 
-9.2519262629015554e-09 
-1.2406762977876817e-08 
1.2571302507896828e-08 
-4.0125735141478659e-08 
1.5311327596326268e-08 
1.2160959950788179e-08 
1.2059699465176529e-08 
-3.3237670088345593e-08 
2.8684624805559542e-08 
1.0194882107980511e-08 
-1.1201088443884328e-08 
2.570752244953233e-08 
3.7447306743585881e-08 
-3.6571419495648367e-09 
-8.8166832546408269e-09 
2.2559679851029148e-08 
-2.5886936318245126e-08 
3.4848933586715686e-08 
-2.0545938979893858e-09 
-1.993968141366951e-08 
-2.1870958539477409e-08 
3.4463784644908473e-08 
-2.769992098232879e-08 
-1.0169603215621963e-08 
1.827500563665032e-08 
-3.0142866684914181e-08 
3.3115437456831867e-08 
-2.6138354485659942e-08 
-2.0251391353431218e-09 
2.4969593442915355e-08 
2.7980278817036538e-08 
-3.0849530011745102e-08 
2.668309724634765e-08 
-1.0326924911313988e-09 
-1.9267686942704743e-08 
2.6829988853591413e-08 
-2.5490736825699845e-08 
2.1277334943705697e-08 
-1.393306753866326e-08 
-1.1655922933087129e-08 
1.9762164451093138e-08 
-1.8911583544383791e-08 
1.7419837734574551e-08 
-1.3387510505944901e-08 
3.5515702926912278e-09 
1.3883222199822612e-08 
1.4227462921890431e-08 
-1.2802258184269598e-08 
1.1958623165325299e-08 
-9.7350066342183324e-09 
1.0394098570317819e-09 
9.980814562023381e-09 
-9.6177279096729721e-09 
8.9154854634617019e-09 
-8.431879854006257e-09 
7.3710799701200171e-09 
-3.1760498153037359e-09 
-6.4209339477737489e-09 
6.8289091666755991e-09 
-6.7043906162404055e-09 
6.2666096988345708e-09 
-6.1341661095797124e-09 
5.7987496498985934e-09 
-1.4107729055063368e-09 
-4.731495467881616e-09 
5.2330093393136753e-09 
-5.0490761101457851e-09 
4.974860620507447e-09 
-4.7936454697787662e-09 
4.8860045049636102e-09 
7.2088581731068091e-10 
-4.8083276059348614e-09 
4.4178477854883269e-09 
-4.5843128310562144e-09 
-4.3871658820061232e-09 
6.2931217147404623e-09 
-7.0782404162399785e-09 
