369
4.5157084650755571e-10 
1.4824229344182448e-09 
1.2175121878311807e-09 
1.165886978610594e-09 
5.7773693330521219e-10 
3.151827417306875e-10 
-6.0792576964835284e-11 
-1.9122408136011728e-10 
-2.7600660425595071e-10 
-3.1278973007667458e-10 
-3.0325490130022398e-10 
-3.2251350383762027e-10 
-2.8908921270892725e-10 
-3.1391952867038126e-10 
-2.8432537172803215e-10 
-3.2293292499072812e-10 
-2.7929004469732202e-10 
-3.2013608501040038e-10 
2.717856754822123e-10 
3.1144836923913613e-10 
2.628003847485687e-10 
3.0857071096174244e-10 
2.548749699891802e-10 
2.9830528868345937e-10 
2.435096217961729e-10 
2.8079359286714597e-10 
2.3555481081841994e-10 
2.7745836998945734e-10 
2.3365012513470027e-10 
2.824391930840126e-10 
2.3386171806456644e-10 
2.8169413834981011e-10 
2.224743288377305e-10 
2.4047268592517139e-10 
-2.0109700906991243e-10 
-2.6980868845228736e-10 
2.4162971614144818e-10 
2.8248856157890867e-10 
2.1952587790181294e-10 
-2.5102959456852653e-10 
-2.1647628132429665e-10 
2.6181320062749785e-10 
-2.2706572427513127e-10 
-2.5880381832888695e-10 
-2.0990656963166035e-10 
-2.40726189643088e-10 
-2.0309385291104196e-10 
-2.37277674237909e-10 
-2.1059487767742774e-10 
-2.4783500354182634e-10 
-1.9554146897861743e-10 
-2.1836875287013131e-10 
-2.0127106556275507e-10 
-2.3104903509567917e-10 
-1.7808817136164407e-10 
-2.1676424964405102e-10 
-2.0657355891640092e-10 
-2.1027239907076867e-10 
-1.7716605064925867e-10 
-2.4971585595937342e-10 
-1.5179944312554255e-10 
-6.5511420366478694e-11 
-2.3176799978928965e-10 
-3.5580768636640819e-10 
-3.308320416651405e-12 
-1.1641022698007446e-10 
6.9370447010257252e-10 
-6.133717289875246e-10 
6.6395897501331837e-10 
-3.3076771601516062e-11 
1.0381112776414801e-09 
-2.0302366193599922e-11 
3.1824115612786305e-10 
-1.0629741440498065e-09 
-8.6405779502844748e-10 
-8.9255296641092544e-10 
-2.4753641998012026e-09 
4.812972758776212e-10 
-1.3760434122503087e-09 
-2.3484289115020463e-12 
1.6953311195151179e-11 
1.803595799278751e-09 
9.6725585137334765e-10 
4.0394270432482155e-09 
1.0040223758890071e-08 
-3.133931163260054e-09 
-9.5187882938998551e-09 
1.8258665241671165e-09 
-8.2372838604169434e-09 
-2.5976309875602431e-09 
4.3888289312022243e-09 
9.6268889185616298e-11 
2.7560684446691807e-09 
-6.318749747274534e-09 
1.6143748357965108e-08 
-1.2037408587523357e-08 
-3.540761279414432e-08 
5.0583794561855399e-09 
2.9660028454008298e-08 
-1.3573670211759299e-09 
3.4620004400033388e-08 
3.2607705212405674e-09 
6.3654973010393509e-08 
1.8934185271040391e-08 
-7.8159920733739373e-08 
-3.9352022643651411e-08 
-5.9272255989245896e-08 
-5.4419416672020945e-08 
5.4517000414735698e-08 
7.7022258506824278e-08 
3.5286182686354021e-08 
8.5297064086513808e-08 
-1.4903065264659457e-08 
9.4376800601443832e-08 
-1.2230062383459342e-08 
-8.4365462194754748e-08 
4.3530077087057942e-08 
9.0730701815068142e-08 
-6.4418905879652334e-08 
-5.3173948111192563e-08 
8.3688566775825405e-08 
2.4193385925718719e-08 
-9.8450074376631534e-08 
1.5151899920162963e-08 
8.7821154199560928e-08 
-5.3441279104667466e-08 
-7.545644970501825e-08 
8.6639139534345349e-08 
3.8237442243866763e-08 
-1.0780313812830993e-07 
1.8759320683641091e-08 
1.0331954231225686e-07 
-7.5136146383561538e-08 
-6.8325664112633741e-08 
1.0883801227151522e-07 
1.0340909123355983e-08 
-1.1701033320037123e-07 
5.0620593980356462e-08 
9.7144174294212985e-08 
-1.0030736200105848e-07 
-4.8887511325953042e-08 
1.2864676634027701e-07 
-2.6621450489817658e-08 
-1.2958699562772499e-07 
9.4385605378774452e-08 
8.7642775848906231e-08 
-1.3064992157088263e-07 
-3.0084066857495129e-08 
1.4341856245449641e-07 
-2.7922377667261879e-08 
-1.4159524901246311e-07 
7.3969689224013589e-08 
1.2297946596057086e-07 
-1.0737122754878213e-07 
-1.0723514572779206e-07 
1.2792508014707568e-07 
9.9945475238038984e-08 
-1.3623854186252021e-07 
-1.1086132040998498e-07 
1.3224046620487934e-07 
1.3399578847480866e-07 
-1.0419771794298501e-07 
-1.5858499590384537e-07 
5.3471194225233656e-08 
1.7653712445414935e-07 
1.7097227438038695e-08 
-1.7039583850947113e-07 
-8.8329662198020026e-08 
1.2411554593574696e-07 
1.393528964014157e-07 
-3.1245108665249857e-08 
-1.652251281667916e-07 
-1.0209579349634908e-07 
1.0902073978115934e-07 
1.4955236485561287e-07 
-7.2021977800624995e-10 
-1.487595610871092e-07 
-9.7927623086869275e-08 
8.557216335980864e-08 
1.4069059219060497e-07 
5.1112316128095459e-08 
-1.2694557901241879e-07 
-1.3620844602910456e-07 
-3.6153346173719778e-09 
1.3210059145438913e-07 
1.0736495111465646e-07 
-5.6692822585573073e-08 
-1.3534086478315579e-07 
-8.8689917084913887e-08 
8.8752050998978345e-08 
1.330401983900807e-07 
6.2004514887970846e-08 
-9.838415884706796e-08 
-1.3114949398289928e-07 
-1.9330315776149365e-08 
1.2327224841017969e-07 
1.3363960412125861e-07 
1.9687537886914586e-08 
-1.1110948205386203e-07 
-1.2778559569656045e-07 
1.3730997181312385e-08 
1.2988391455331729e-07 
-1.2867694552117031e-07 
3.2329532978234468e-08 
1.1799363023409334e-07 
1.2334636322285772e-07 
-3.4953485498304488e-08 
1.3627068164237144e-07 
1.1628761625378082e-07 
-6.5923332655290947e-08 
-1.2447880179796592e-07 
1.221719147226609e-07 
-4.4278404506833855e-08 
-1.4280106882089864e-07 
-1.1362039732301053e-07 
-7.5356915722807162e-08 
-1.3188583377802768e-07 
-1.2420462910191458e-07 
-4.4342615056849981e-08 
-1.5011920121623037e-07 
-1.1965108801414404e-07 
-7.1342118360143251e-08 
-1.377860875219172e-07 
-1.3104350503798418e-07 
-3.3889895518375638e-08 
-1.5375358830992375e-07 
-1.3516749849779371e-07 
-5.2867764663402205e-08 
-1.3732994828607484e-07 
-1.4325516075856509e-07 
-8.8213659814620545e-09 
-1.4939412520888137e-07 
1.5372684357179483e-07 
-1.5301758669580394e-08 
1.2450682749579221e-07 
1.5601001626080696e-07 
-3.4822893968636083e-08 
1.274509675298026e-07 
-1.6259948940612494e-07 
-3.724517969890288e-08 
-8.7481297492581773e-08 
-1.5970347202428534e-07 
8.6629763124706162e-08 
-7.3250328437435908e-08 
1.5277360922879556e-07 
8.365499267579015e-08 
1.151590938238498e-08 
1.4047860811712888e-07 
-1.159984665274579e-07 
-5.2167558174513259e-09 
-1.0883133130465986e-07 
1.085509269032143e-07 
6.0782218736321643e-08 
6.4990707579218611e-08 
1.1861532041525567e-07 
-5.5226472505112043e-08 
-6.8301363338117597e-09 
-1.031078296775162e-07 
8.2590597397336917e-08 
2.0801246236002961e-08 
6.7118377885952149e-08 
-7.9610482376978271e-08 
-5.5362106049493436e-08 
-8.2031412871941848e-09 
7.9988316737545372e-08 
4.7599005711430404e-08 
-3.7701051003854974e-08 
-3.438111087717221e-08 
-6.7677082768676309e-08 
3.2494920200961209e-08 
-2.5828509051129203e-08 
4.4293962145517336e-08 
-5.0317873073749746e-08 
2.3444512003054453e-08 
1.5846500843019122e-08 
4.5543549048799665e-08 
-3.8885356998459636e-08 
1.836912298715056e-08 
9.1454819873869548e-09 
4.0624378015161978e-08 
-3.0890856662595985e-08 
1.4881935899622255e-08 
6.4974895075912763e-09 
3.5400563259491326e-08 
-2.6231023309985186e-08 
1.3317711630978994e-08 
-9.1130844217733648e-09 
2.7378052467835529e-08 
-2.2641394677551608e-08 
1.2079445567357426e-08 
-1.0782133735109362e-08 
-2.0662033762957427e-08 
-2.1233833963806527e-08 
1.1594594721418815e-08 
-1.123835867727133e-08 
-1.1133952214523373e-08 
1.9918560981773922e-08 
-1.0947523623058474e-08 
-1.0792493039922749e-08 
-1.9010488605313813e-09 
1.8533236571772763e-08 
-1.1182526059599509e-08 
1.0626578182156812e-08 
-4.0550957658454549e-09 
8.9073148303343668e-09 
-1.3695546269078013e-08 
1.0514477532938852e-08 
-5.5265455618703647e-09 
3.95787868302105e-09 
1.0737269537104922e-08 
-1.2252943145423775e-08 
6.620182175310529e-09 
5.93210770470335e-09 
1.2400708149256007e-09 
-9.9861830185220939e-09 
8.55738861241633e-09 
-6.5170506273527487e-09 
1.6991378984953867e-09 
7.8991480091638066e-10 
-9.2995553114832201e-09 
9.4883707202190315e-09 
-3.8182037311529853e-09 
-1.9505479942322125e-09 
-3.1979584548860404e-09 
6.0413900356238818e-09 
-8.3131422180165732e-09 
4.2323223798759055e-09 
1.5032661750549268e-09 
-2.6279632328140261e-09 
6.1357074311927432e-09 
-7.9460405512363581e-09 
5.6190261058498608e-09 
5.7765603161586604e-11 
-3.7790211229847837e-09 
4.031304416526163e-09 
-6.0343901251817162e-09 
7.119995386894308e-09 
-4.6071813704933801e-10 
2.5055682943608979e-09 
-4.7941702633395359e-09 
4.5072748876887891e-09 
-6.1855535989680789e-09 
6.7914025578719879e-09 
1.29967953041831e-09 
-2.988761459356457e-09 
4.4119687471179398e-09 
-4.2768341548589641e-09 
5.1066388957934496e-09 
-6.3155421011002095e-09 
-9.3651543129472367e-10 
3.0313689953166164e-09 
-4.7103365554411108e-09 
4.1406428794665565e-09 
-5.5978416322174646e-09 
5.2092971729588406e-09 
-5.4151264825979056e-09 
-2.9001877588039891e-09 
4.7421469974215764e-09 
-5.1336885749363727e-09 
5.1872884772430319e-09 
-5.2740073060237026e-09 
8.0676536500039236e-09 
-1.2404000358918349e-09 
-7.6494505563741017e-09 
6.2027579246375009e-09 
-6.1601654130048004e-09 
-6.3347853962881159e-09 
1.7069743714452883e-08 
-2.0551985649849427e-08 
