369
1.5239659603725015e-10 
2.3816805237407202e-09 
3.0477741762428651e-09 
7.6998288861485041e-10 
1.1726278440446851e-09 
-4.100959481210014e-10 
3.4605685026222196e-10 
-6.6913551555783324e-10 
2.0874276030957983e-10 
-5.3528087283222173e-10 
1.9650718631440424e-10 
-4.3168643222830887e-10 
1.8187761847249108e-10 
-3.6558270226727556e-10 
1.4012070354564398e-10 
-3.3818130825646075e-10 
1.0537246543870545e-10 
-3.0722469427460316e-10 
-8.6291751178295385e-11 
2.6873885454968175e-10 
-7.459571408470155e-11 
2.5148513454639299e-10 
-5.4923565912642334e-11 
2.2696143032934488e-10 
-3.9073345865543368e-11 
2.0137181664638596e-10 
-3.8474479070425761e-11 
1.8591984938638798e-10 
-3.1526873636965898e-11 
1.7842257659780105e-10 
-1.8381405398438605e-11 
1.7073834936866622e-10 
-7.8270882587476787e-12 
1.4251818163764564e-10 
2.7168429313422814e-12 
-1.5172741595470006e-10 
3.2062302131287569e-12 
1.5207858651011624e-10 
4.7801843895662718e-12 
-1.2950580623237147e-10 
-1.6110713215441508e-11 
1.2995181229886603e-10 
-1.6432107919457582e-11 
-1.2696808322138322e-10 
-2.1444632247670193e-11 
-1.0958021255415428e-10 
-1.9974511159702226e-11 
-1.0848080430505202e-10 
-2.4605931030125763e-11 
-1.0245905627406621e-10 
-3.5674702207634429e-11 
-1.0240347002963946e-10 
-1.6684948936210036e-11 
-8.5366614359348812e-11 
-4.9324258574677979e-11 
-8.4842455987996534e-11 
-1.5410843888634e-11 
-8.9460961509738588e-11 
-5.325530368874147e-11 
-8.3674525402977994e-11 
-2.1703343112177463e-11 
-1.3578668934855752e-11 
-4.4153831769372836e-11 
-1.6762748050869177e-10 
-2.8067468581539703e-11 
-1.7975328096155794e-10 
2.8837865917150589e-10 
-4.5349660900215774e-10 
4.475966257171417e-10 
-2.3015991429006528e-10 
6.5724167650828021e-10 
5.3183375421452316e-11 
5.4287922712700504e-10 
-6.8168800014604001e-10 
-1.1823030479164114e-10 
-1.1127951160231686e-09 
-1.0024108691009113e-09 
8.810823963959518e-10 
-5.5483090309677687e-10 
9.8621471470641774e-10 
4.5508634173411644e-10 
3.3442062287307091e-09 
8.4043963734405912e-10 
1.2301250924756847e-08 
1.1632074156951106e-08 
-1.757746740318486e-08 
-1.444416043390727e-08 
-7.4851847136876668e-09 
-1.366505902667391e-08 
-8.5531421476206871e-10 
4.034084428238075e-10 
1.2754012650229813e-09 
-7.7879847543466481e-09 
-2.6794632339735334e-08 
6.5522955613329522e-09 
-9.2163848931118909e-08 
-4.4615272196785262e-08 
1.1563337438917957e-07 
4.9473253909899673e-08 
8.3487071617556678e-08 
7.3958302390120707e-08 
-1.2902170964015259e-07 
1.6459789250324716e-07 
-1.7150956152136572e-07 
-2.2735537299660177e-07 
1.2169002942285804e-07 
-2.1454013738231839e-07 
4.7385786885223244e-08 
2.5469465015720491e-07 
1.6516039915651215e-08 
2.4623206793761474e-07 
8.5921404224681116e-08 
-2.3933411021524912e-07 
1.519304547081319e-07 
1.715179971460778e-07 
-2.0203886736646856e-07 
-1.1256986321635503e-07 
2.8847910996761761e-07 
2.1265707635198841e-08 
-2.4184766190393582e-07 
9.4261373559737321e-08 
2.4247008777567833e-07 
-1.8241713409480823e-07 
-1.6691425152400655e-07 
2.3900220621664929e-07 
6.5889106814009359e-08 
-2.9080889810990784e-07 
4.6597654982570521e-08 
2.7481066305956392e-07 
-1.6325134327539978e-07 
-1.7736248617317047e-07 
2.567798764712179e-07 
1.6934032145636272e-08 
-2.8845840852590415e-07 
1.2979729720249424e-07 
2.261072912789577e-07 
-2.3875833954238088e-07 
-1.0081371470803672e-07 
2.9541869654722999e-07 
-4.5118900195815617e-08 
-2.7738633540759248e-07 
1.7550088436129273e-07 
1.5584001239111973e-07 
-2.8521933815310442e-07 
1.0783023957204544e-08 
3.0431509443020862e-07 
-1.4431478496598167e-07 
-2.4198399208916105e-07 
2.3945120182736919e-07 
1.4188419067947422e-07 
-3.041167436651063e-07 
-4.2351366621346125e-08 
3.1953836535075842e-07 
-3.9975703624329875e-08 
-3.1633000520663029e-07 
9.2018123578239198e-08 
3.0876923540475105e-07 
-1.0998238251566935e-07 
-3.1396677400513016e-07 
9.5622505205762262e-08 
3.3083515996063349e-07 
-3.5155092977464205e-08 
-3.3354460241027399e-07 
-5.4690987490694705e-08 
3.1964643106697416e-07 
1.6728312186131982e-07 
-2.6052352676778326e-07 
-2.6159281562488495e-07 
1.4232084820902674e-07 
3.1372841547963591e-07 
4.065759239691029e-08 
-3.1070549131334884e-07 
-2.5475469040730759e-07 
1.4866441065635637e-07 
3.0673701774419747e-07 
6.0362465080678632e-08 
-2.7675073873010202e-07 
-2.2537094921556892e-07 
1.3975162143343808e-07 
2.8813877724416931e-07 
1.1809570721144774e-07 
-2.4577019267141323e-07 
-2.704617996658632e-07 
-1.8376067234342882e-09 
2.64331137470482e-07 
1.9730174154555093e-07 
-1.3472750388483487e-07 
-2.5850696764789202e-07 
-1.3471368172015168e-07 
2.0341997239570977e-07 
2.5097666578217808e-07 
5.7729072029533581e-08 
-2.1917738369104078e-07 
-2.1114466892015104e-07 
4.4874036229782853e-08 
2.3661946138504745e-07 
2.0997187964397658e-07 
-5.7680995860867451e-08 
-2.2275167337477763e-07 
-1.5249280126427844e-07 
1.1991370655278108e-07 
2.1414641063712545e-07 
-1.3264284694058507e-07 
1.4615498732042786e-07 
2.0766403567119184e-07 
9.4623483679623415e-08 
-1.5030565688700051e-07 
1.9169199260964491e-07 
5.7981341766117499e-08 
-1.7246529114059572e-07 
-1.8970204792103694e-07 
5.4362668027770844e-08 
-1.5352816988979551e-07 
-1.7123416717268925e-07 
-2.3578050198769427e-08 
-1.6732841909863748e-07 
-1.7246711999384889e-07 
-3.1014065898088255e-08 
-1.4552809375141592e-07 
-1.5461768788691813e-07 
-1.3908576572067034e-08 
-1.5379283423223503e-07 
-1.5780157983752414e-07 
-2.2777263258325614e-08 
-1.3104867850238233e-07 
-1.424442331254995e-07 
-2.1692421569026753e-08 
-1.3552591081810255e-07 
-1.4522587235600881e-07 
-2.7338066060417915e-08 
-1.1023219626964735e-07 
-1.3384548286120687e-07 
3.9972310552523828e-08 
-1.1029082007924975e-07 
1.3409822853302107e-07 
4.0049969306831714e-08 
7.9893227773469197e-08 
1.2628053533802477e-07 
-5.8526829812568878e-08 
7.6770568023491017e-08 
-1.2081683402756462e-07 
-5.6345479317315506e-08 
-4.0722561735462074e-08 
-1.1396283990499644e-07 
7.4244139109253672e-08 
-4.1323405291491141e-08 
9.4727698771324523e-08 
8.0142008688478683e-08 
6.0106706903558724e-09 
8.579563426904758e-08 
-9.0674129429362907e-08 
-8.7030752250256424e-09 
-5.2960963869307622e-08 
9.4329005669989524e-08 
2.8510964318552281e-08 
5.4484250073506783e-08 
7.8986707984867893e-08 
-5.7748233982338917e-08 
-2.2650564149861085e-08 
-7.0973515651557514e-08 
7.6129164925277555e-08 
1.8048274195832633e-08 
4.4393888802139272e-08 
-7.8484457910777107e-08 
3.5783902978129877e-08 
-4.7423803916795489e-08 
5.470593312178769e-08 
-7.3189145305378516e-08 
1.8048194385168128e-09 
-5.5997244036385412e-08 
5.9503412496370015e-08 
5.7732514002162087e-08 
2.5713147201157491e-08 
-5.8539173827248294e-08 
-6.299076525255348e-08 
4.1218216001635404e-08 
3.5551293233309279e-08 
-5.9646654139757081e-08 
-6.4033896801474085e-08 
2.720653336907536e-08 
4.0165890984026969e-08 
-5.8785023381914765e-08 
-6.3437490811902499e-08 
2.2057608278039537e-08 
4.0720298128241244e-08 
-5.7778939012780722e-08 
5.985597114955946e-08 
2.7187413682846949e-08 
3.9647178396866072e-08 
-5.5828644303545932e-08 
5.6589303213226739e-08 
-3.7356075122925704e-08 
3.4871711485125442e-08 
-5.4210774395629246e-08 
5.3315073232927679e-08 
-4.8601584319319709e-08 
-2.2759010661930714e-08 
5.180547507553042e-08 
5.1283630051257695e-08 
-5.739717944927795e-08 
4.6748845908687211e-09 
4.845564110924421e-08 
-4.8561507371920534e-08 
5.6625109272609908e-08 
4.1046586130157297e-08 
3.1334023040657362e-08 
-4.4462402936310161e-08 
5.4140662894805102e-08 
-5.5061134417663233e-08 
2.9441685781989862e-08 
3.0415144274529715e-08 
-5.1178664548370497e-08 
-5.1939412883169906e-08 
5.1053650808536295e-08 
-1.4328368076251148e-08 
-4.1157702358057769e-08 
4.7334109211410051e-08 
-5.1278260176649675e-08 
4.7698731920268805e-08 
-1.2637186371576396e-08 
-3.0132752572509764e-08 
4.6822118224353271e-08 
4.525909492260815e-08 
-3.3268816169708099e-08 
1.8614028756417584e-08 
2.4167466385003745e-08 
-3.8719810483367383e-08 
3.1511736517137318e-08 
-2.515775409149199e-08 
9.548332769809035e-09 
5.6964212842457501e-09 
-2.970284583354744e-08 
2.323390461752366e-08 
-1.0426958108769285e-08 
8.1226245103083649e-09 
3.5629311154412329e-09 
-1.7353812738797195e-08 
1.7006878496815891e-08 
7.2881004332945112e-09 
2.8588555726533051e-10 
-1.579568016171762e-09 
7.7907925704486055e-09 
-1.7021320613434906e-08 
3.8503890567864533e-09 
2.5691502800963327e-10 
-5.8454683243991951e-09 
5.205451963596966e-09 
-9.3422022932322003e-09 
1.4849083758571875e-08 
-1.7971066500534168e-09 
-4.1761551427660263e-09 
8.434572891079218e-09 
-7.7730479329369009e-09 
1.149734125642213e-08 
-1.0447070147332577e-08 
1.1772307046240046e-08 
6.5776928239044914e-09 
-9.5622445210153821e-09 
1.2028886411666504e-08 
-1.0809119813613589e-08 
1.2939313381355614e-08 
-1.6768188418325805e-08 
2.2351428003689075e-09 
1.7576921727001778e-08 
-1.3583830120742523e-08 
1.4609730392617893e-08 
1.550572760556133e-08 
-3.5593844839449585e-08 
4.2454777199414072e-08 
