342
8.6032515959335091e-09 
3.2011507476193416e-09 
-1.5087391149286914e-08 
-6.466412254420256e-09 
-9.9884025254582179e-09 
-3.7405008729789814e-09 
-5.569701125849621e-09 
-1.5206630001390219e-09 
-3.5609215452340626e-09 
-9.7312067567798086e-10 
-2.7561058842185489e-09 
-9.1453836699881317e-10 
-2.3594966127350751e-09 
-8.6162125525144468e-10 
-2.023713332880278e-09 
-7.6709113981512037e-10 
-1.7253770534819636e-09 
-6.8012051912035356e-10 
1.5281148700028134e-09 
6.1379144044473553e-10 
1.3696338138194899e-09 
5.9581954434563392e-10 
1.2272866326354842e-09 
5.6022607113356429e-10 
1.0928421149608286e-09 
5.1537209351476079e-10 
1.0224916539731749e-09 
5.0371179866608168e-10 
9.5752547288225127e-10 
5.0181373204997143e-10 
8.9643897375416295e-10 
4.8675729060789142e-10 
8.0393756613999057e-10 
4.0403766866672826e-10 
-6.9878640255481392e-10 
-4.4651809027774445e-10 
8.0114876843005284e-10 
4.6712980315501612e-10 
6.8547845901388962e-10 
-4.1109257079870962e-10 
-6.4961759535558625e-10 
4.2562247804781116e-10 
-6.5367831917587895e-10 
-4.1891909681241676e-10 
-5.8839294685013478e-10 
-3.8283198183827624e-10 
-5.5521916228106888e-10 
-3.8056361674855709e-10 
-5.5986127886168241e-10 
-3.9121464172379086e-10 
-5.0661483983440333e-10 
-3.597708261226777e-10 
-5.0168386636541517e-10 
-3.6348352028233761e-10 
-4.6489767544990328e-10 
-3.5158830554550382e-10 
-4.7935910516119479e-10 
-3.5894627677801437e-10 
-4.446725190202335e-10 
-3.6192394230631283e-10 
-3.9972887877845452e-10 
-2.2435286381267438e-10 
-4.2305856231755978e-10 
-4.5209578676726772e-10 
3.4275350346546983e-10 
6.4732675731614994e-11 
6.3184582306133345e-10 
-6.9141910878364512e-10 
1.2304611261096117e-10 
3.7963564458228927e-11 
1.0332167848363735e-09 
3.060427261254895e-10 
2.3518685323944351e-10 
-9.4879797352677773e-10 
1.6314481435648821e-10 
-8.9680802015480447e-10 
-1.3548105001089886e-09 
1.1180389435525489e-09 
-3.3369778965561268e-10 
7.442706294378989e-10 
1.2557777606132169e-10 
3.5744266256288655e-09 
6.7485698710580858e-10 
1.1926032830208314e-08 
1.2141059871282351e-08 
-1.7371564504731616e-08 
-1.4349131141564316e-08 
-6.9014360802563586e-09 
-1.4022788459486404e-08 
-8.1835983975945977e-10 
6.1233053164070114e-10 
1.0812221467974335e-09 
-6.8430182870947256e-09 
-2.6489073726475912e-08 
8.3061648105722182e-09 
-8.9213618748264788e-08 
-4.778250692049407e-08 
1.113329821662025e-07 
5.1270621182968075e-08 
7.944601643920363e-08 
7.5650783774161062e-08 
-1.2277952223808913e-07 
1.6525232891802567e-07 
-1.6080678305663956e-07 
-2.2709108482504153e-07 
1.1133970221138321e-07 
-2.1174943008559448e-07 
3.8478845184754976e-08 
2.4957937588900502e-07 
2.4523931205165971e-08 
2.3854626137604887e-07 
9.1967638519146074e-08 
-2.2976094229288381e-07 
1.5524074041313533e-07 
1.6152745761164273e-07 
-2.0194793751986455e-07 
-1.0222324230099565e-07 
2.8399300245653109e-07 
1.2765070114714482e-08 
-2.3573135963425056e-07 
9.848272727093962e-08 
2.3265948211819561e-07 
-1.8409684671860921e-07 
-1.5708960296715606e-07 
2.3604093784115417e-07 
5.6609241589455808e-08 
-2.8400050238909059e-07 
5.3051343284736918e-08 
2.6436349347292908e-07 
-1.66161049104774e-07 
-1.6642668045197288e-07 
2.5361318710373075e-07 
8.4682569549338165e-09 
-2.8042716758214057e-07 
1.3327950036402845e-07 
2.1520769829310007e-07 
-2.3746350908057182e-07 
-9.1248349847352417e-08 
2.8874314268692434e-07 
-5.1904968825414162e-08 
-2.6743219283719531e-07 
1.7721811479876065e-07 
1.4534406997327396e-07 
-2.8147691988982997e-07 
1.7778309390460273e-08 
2.9532736795562957e-07 
-1.4738000238067153e-07 
-2.3188348346314154e-07 
2.3787463913102426e-07 
1.3199679585703634e-07 
-2.9897936224290656e-07 
-3.4860927743439915e-08 
3.1161776394274737e-07 
-4.5815061935713306e-08 
-3.0738314954135419e-07 
9.5594999911138968e-08 
2.9927597077602179e-07 
-1.1327885117856132e-07 
-3.0473922758101358e-07 
9.8390707589701803e-08 
3.2156993799897205e-07 
-3.9678992349056069e-08 
-3.2529013139756981e-07 
-4.9165447576422488e-08 
3.1252332454523853e-07 
1.5917359068488865e-07 
-2.5603676386404139e-07 
-2.5276347347823342e-07 
1.4094431065199451e-07 
3.0408586367450038e-07 
3.6990004389039702e-08 
-3.0276955917483087e-07 
-2.4655673820879889e-07 
1.4545689644791994e-07 
2.9772639141705016e-07 
5.7383508600839355e-08 
-2.6888985187046019e-07 
-2.187863996270429e-07 
1.3532160086646095e-07 
2.7926037739413917e-07 
1.150864506880539e-07 
-2.3811950703747891e-07 
-2.6248345637917133e-07 
-3.7317513739941001e-09 
2.557117095484333e-07 
1.9252166619441613e-07 
-1.2858176723954966e-07 
-2.5139014788333692e-07 
-1.3338782131706912e-07 
1.9487528599902611e-07 
2.4394757886306126e-07 
5.955502577930331e-08 
-2.1086541856028941e-07 
-2.0750294332502656e-07 
3.8868312674586305e-08 
2.294170351785022e-07 
2.0644014318948469e-07 
-5.1207115046732552e-08 
-2.1571624074095554e-07 
-1.5308597748917997e-07 
1.1177678718816671e-07 
2.095445811685152e-07 
-1.3455432627949765e-07 
1.3816725466891133e-07 
2.0268176245978012e-07 
9.9075358147289971e-08 
-1.4239036582070549e-07 
1.8968839810733854e-07 
6.4245476969596137e-08 
-1.6617151621905445e-07 
-1.8704236061345474e-07 
6.1477048443493035e-08 
-1.4687253949559277e-07 
-1.7171300754460438e-07 
-3.1934210502839416e-08 
-1.628500835536743e-07 
-1.7225980071848368e-07 
-3.9783220004518898e-08 
-1.4019828701050602e-07 
-1.5740299102152733e-07 
-2.3295230770251315e-08 
-1.5053222601831625e-07 
-1.5957095098086518e-07 
-3.254717046595041e-08 
-1.263399721217246e-07 
-1.4691008415318156e-07 
-3.2053207347801931e-08 
-1.3251094779149004e-07 
-1.4843853789064046e-07 
-3.7943778078168423e-08 
-1.0531183547718133e-07 
-1.3924101391199396e-07 
5.1147105607950154e-08 
-1.0612000378411924e-07 
1.3771292835887681e-07 
5.1327522229885994e-08 
7.3537786884595296e-08 
1.3113356531491512e-07 
-6.9982663763464234e-08 
7.0339891822966526e-08 
-1.2272797012021627e-07 
-6.7631692971621357e-08 
-3.2002979320452663e-08 
-1.1574234720124036e-07 
8.4933896045475218e-08 
-3.2620057316539487e-08 
9.1887088503231786e-08 
8.9553649675974557e-08 
-4.1097148139881612e-09 
8.2492294106317633e-08 
-9.8065580872863466e-08 
1.2080990035223543e-09 
-4.5509173257215973e-08 
9.7428364812565788e-08 
3.8285848810201686e-08 
4.776491427305867e-08 
7.6853908253966674e-08 
-6.6452919988128258e-08 
-1.3783012920731761e-08 
-6.7544835440045684e-08 
8.0696667905624262e-08 
9.7881697578829056e-09 
3.8411516259957751e-08 
-7.814109297521136e-08 
4.4240378259195575e-08 
-4.1754603517644037e-08 
4.9613941645734397e-08 
-7.5901602453463667e-08 
-5.0812990153192066e-09 
-5.176064600196093e-08 
5.6519081828732596e-08 
6.3082174758014527e-08 
1.9123791431062613e-08 
-5.5855565428517069e-08 
-6.0567448460572934e-08 
4.6299139744627535e-08 
3.107133319895375e-08 
-5.713069684766803e-08 
-6.3563545639895292e-08 
3.3474646914529237e-08 
3.5574913209903686e-08 
-5.7330374935699163e-08 
-6.2574429706952805e-08 
2.6980997156063856e-08 
3.7811561359491838e-08 
-5.6209956172495577e-08 
5.9934440655214178e-08 
3.2789596359799977e-08 
3.5943328747460848e-08 
-5.5175814699059121e-08 
5.5212420523123902e-08 
-4.1287264140774218e-08 
3.2495045703226723e-08 
-5.3075301252766441e-08 
5.334862820970539e-08 
-5.2828020103272852e-08 
-1.8468753429327201e-08 
5.1660119532134403e-08 
5.0005566651347007e-08 
-5.9833782413289274e-08 
7.699522802966433e-09 
4.7509377272259467e-08 
-4.8819642743572414e-08 
5.7911011203492368e-08 
4.620536009715604e-08 
2.9260457668410608e-08 
-4.3041073568664888e-08 
5.5316949446082284e-08 
-5.6063701005650543e-08 
3.263153814391943e-08 
2.9623753359634749e-08 
-5.2419765634473573e-08 
-5.29736095767125e-08 
5.4888032794822133e-08 
-1.8853737258139968e-08 
-4.0472431266145423e-08 
4.8077019798159898e-08 
-5.3232390118116344e-08 
5.0362277377365735e-08 
-1.5188853350847751e-08 
-2.9697744536554344e-08 
4.9563183838182241e-08 
4.748656917228734e-08 
-3.7103313662516364e-08 
2.2516419741256101e-08 
2.3171250625858718e-08 
-3.9445563602300523e-08 
3.4150100552538091e-08 
-2.7042960629887806e-08 
1.1566522648327114e-08 
5.6639418088943496e-09 
-3.1284511010403475e-08 
2.500878271705576e-08 
-1.2398125819119547e-08 
8.5824221684523366e-09 
5.0998753779990134e-09 
-1.9470027665490775e-08 
1.9271134382448929e-08 
8.6694241409457622e-09 
3.9801157773695846e-09 
-1.6641254303652171e-08 
2.8751603003813055e-08 
