342
2.7640719113034687e-09 
-1.7032918348667621e-09 
-1.1296912882707393e-08 
-9.6438482347962671e-09 
-8.6171097091722126e-09 
-6.9483698069420827e-09 
-4.7595239853014916e-09 
-3.8870988239427871e-09 
-2.9809160720403933e-09 
-2.6854954041553005e-09 
-2.3051316948065072e-09 
-2.2595009877539916e-09 
-1.9926165157910506e-09 
-1.9520733572166385e-09 
-1.7317363123238748e-09 
-1.7131941022341958e-09 
-1.4836516406768172e-09 
-1.4993569862355946e-09 
1.3172070968491472e-09 
1.3361861846202838e-09 
1.1883180307324192e-09 
1.2365338837043185e-09 
1.0766172125327085e-09 
1.1222345492993689e-09 
9.6767199090549125e-10 
1.0094775603348818e-09 
9.1135736923380588e-10 
9.6178865319125456e-10 
8.6347316304349436e-10 
9.3151298250530101e-10 
8.1676737292849154e-10 
8.8087949076383229e-10 
7.3802459027443813e-10 
7.1944908935414525e-10 
-6.4521817671995831e-10 
-7.8367903139013549e-10 
7.4648463795215948e-10 
7.9601239419662631e-10 
6.4854992409359986e-10 
-6.8431317760361298e-10 
-6.1971468612616526e-10 
6.9659756159092644e-10 
-6.3041117553867135e-10 
-6.7249718717608335e-10 
-5.7050681325085546e-10 
-6.1296495683701797e-10 
-5.4305631839435695e-10 
-5.9526538717345425e-10 
-5.5133267907739588e-10 
-6.0917148221249116e-10 
-5.0380503968487176e-10 
-5.3810257427049176e-10 
-5.0572875366755669e-10 
-5.5526674027989914e-10 
-4.63065134017469e-10 
-5.2008909224071925e-10 
-4.9789017937553127e-10 
-5.2151145248712442e-10 
-4.4939414798304696e-10 
-5.3051323165454608e-10 
-4.1238272149698933e-10 
-3.2663199795866947e-10 
-4.5423835605378084e-10 
-6.2320381667743968e-10 
3.261146720673802e-10 
1.6053572044609474e-10 
7.500325680577362e-10 
-8.4866253038687935e-10 
2.321214282780665e-10 
1.6790955420256312e-10 
1.1762658389563443e-09 
3.5240592106256199e-10 
2.1997903325429153e-10 
-1.2111779665512586e-09 
-8.0792362934206377e-11 
-8.8591087415614546e-10 
-1.8888982785590925e-09 
1.1380348159134916e-09 
-7.1358233264951117e-10 
4.3190728894045601e-10 
-1.7243426228248589e-10 
3.2702984578032957e-09 
1.2922059580902912e-09 
9.552296091295165e-09 
1.3696120242160909e-08 
-1.2851359923798793e-08 
-1.4432258051308388e-08 
-3.2272351252620266e-09 
-1.3547901131831984e-08 
-1.9564996034994164e-09 
2.8389145315399611e-09 
9.4093198657841863e-10 
-1.6441727477438452e-09 
-2.0369501070173787e-08 
2.0073793624391801e-08 
-6.1009844932021591e-08 
-6.1645472818599916e-08 
6.9108126418035952e-08 
5.8404044945671045e-08 
4.5318485509078423e-08 
7.6248838644929541e-08 
-6.7487322672782789e-08 
1.5219413692197369e-07 
-7.5223423206379694e-08 
-1.9882372983180978e-07 
3.0665836923246476e-08 
-1.7208011907941895e-07 
-2.2401382850551488e-08 
1.8821168630636744e-07 
7.5820334820530233e-08 
1.6478348359362939e-07 
1.2033766976540832e-07 
-1.4259832438437844e-07 
1.6270067774837152e-07 
8.1587229592385606e-08 
-1.799413492578322e-07 
-2.3370726681527011e-08 
2.2904698466724591e-07 
-4.2587890780709363e-08 
-1.7214698621021639e-07 
1.1847023976512188e-07 
1.4834568070317563e-07 
-1.7688976608655453e-07 
-7.6913875936925622e-08 
1.9688947920452166e-07 
-7.4956373224410741e-09 
-2.1340919667829665e-07 
9.2164103174293897e-08 
1.745461754263795e-07 
-1.6925589426133865e-07 
-7.9887808367183607e-08 
2.1343728398923329e-07 
-4.6451146983783078e-08 
-2.035981988221931e-07 
1.4706877235880466e-07 
1.2802288532399435e-07 
-2.0958620801736136e-07 
-1.9344556112047665e-08 
2.2420834555100536e-07 
-9.1658042873912273e-08 
-1.8129065010031232e-07 
1.7813225509027166e-07 
6.6320529690246898e-08 
-2.3589578492171181e-07 
6.481809819839161e-08 
2.1756847039113691e-07 
-1.5770304868934771e-07 
-1.4808319317784749e-07 
2.1438546275615145e-07 
5.9204474550592549e-08 
-2.4655176622470635e-07 
1.9855422415668012e-08 
2.4199192429807741e-07 
-8.1743232015229746e-08 
-2.3038277781670304e-07 
1.1827617143040994e-07 
2.2099482332735411e-07 
-1.3021726634756202e-07 
-2.2835526457362407e-07 
1.1735635829120456e-07 
2.4695759243138492e-07 
-6.8930363044557178e-08 
-2.5835595778713225e-07 
-6.352670743878545e-09 
2.5647886363343684e-07 
1.0081342084778833e-07 
-2.190768316344579e-07 
-1.8454766854045525e-07 
1.3055876543237736e-07 
2.3389454863658197e-07 
1.1900480162698523e-08 
-2.4125857198837732e-07 
-1.8619510496131187e-07 
1.2370493095694822e-07 
2.3197101640717455e-07 
3.8278831517576171e-08 
-2.1168198047729487e-07 
-1.6904473179007667e-07 
1.0505382932532089e-07 
2.175938016886115e-07 
9.3886591752232038e-08 
-1.823855937617054e-07 
-2.0672471037132659e-07 
-1.3240629119939298e-08 
1.9587637584703928e-07 
1.6012192884876943e-07 
-8.6785138360929623e-08 
-1.998411433107714e-07 
-1.2192662722091114e-07 
1.395824334760251e-07 
1.9442056248286036e-07 
7.1326512085846621e-08 
-1.548792939515093e-07 
-1.7843079716124839e-07 
1.369113521026752e-09 
1.8132370188257084e-07 
1.7906347170154446e-07 
-8.10278728413611e-09 
-1.6792199515458422e-07 
-1.514253769083146e-07 
5.8715537920138537e-08 
1.7791367310036932e-07 
-1.4283442469718334e-07 
8.3839159402494103e-08 
1.6790648233889023e-07 
1.2231287234525034e-07 
-8.9173336258465938e-08 
1.7353884301581142e-07 
1.0054758877403995e-07 
-1.2032426566722442e-07 
-1.6589321209471188e-07 
1.0195517415057401e-07 
-9.9602969720452597e-08 
-1.6980398156086285e-07 
-8.1606030722737691e-08 
-1.2685300292669143e-07 
-1.647165199862889e-07 
-9.0985288656362962e-08 
-9.9028593468132649e-08 
-1.6824080698961156e-07 
-7.9469006319275574e-08 
-1.208755966099558e-07 
-1.636153061365019e-07 
-9.0228518848526073e-08 
-8.8648689990692937e-08 
-1.667274066373344e-07 
-9.2316009809213162e-08 
-1.03626290519369e-07 
-1.5984951317762643e-07 
-9.9774525510168622e-08 
-6.5853950174013171e-08 
-1.6268705214213256e-07 
1.1368848013796612e-07 
-7.0824029204732693e-08 
1.4968344724460809e-07 
1.1510028406169993e-07 
2.5767876433358841e-08 
1.4917476200897261e-07 
-1.3115505025622488e-07 
2.302920781082619e-08 
-1.2386718786404767e-07 
-1.2869899891362032e-07 
2.6719675495746986e-08 
-1.1370976765046552e-07 
1.3785885757867573e-07 
2.4877558660923402e-08 
6.6028182933856576e-08 
1.3520333733463731e-07 
-6.6298268799216622e-08 
5.2170156502438153e-08 
-1.2601802561939411e-07 
6.1363595705106336e-08 
3.1004715021222686e-09 
1.0250201342104487e-07 
9.2723684664570399e-08 
2.1073383335811561e-09 
4.9875752391191919e-08 
-1.0573807393214381e-07 
3.7863452084225434e-08 
-3.562773071460192e-08 
9.6554892730456185e-08 
-3.9229178358962224e-08 
-4.8477877316901098e-09 
-6.2314077013525382e-08 
8.0847343114738709e-08 
-1.8889346080900359e-09 
1.3814406618917943e-08 
-7.7474604878641388e-08 
-4.5615731440709145e-08 
-1.8967127071109482e-08 
2.6731138121839678e-08 
7.7383563165724527e-08 
-1.8156116404489418e-08 
-2.7567936691983869e-08 
-3.6714713135588944e-08 
6.6387076394711327e-08 
-1.7980874781118964e-09 
-3.3110922590529923e-08 
-4.4733457299208219e-08 
5.6392418342083018e-08 
6.464779329925049e-09 
-3.5478781039175667e-08 
-4.6349386033573743e-08 
4.8218050882076856e-08 
1.1204712172719651e-08 
-3.697529948973901e-08 
4.3200193307646703e-08 
5.0519121621543274e-08 
1.1892708911968255e-08 
-3.6625252030575183e-08 
3.8548291522985365e-08 
-5.2822445474159311e-08 
9.6330548420406078e-09 
-3.6490998523284678e-08 
3.6463245149040426e-08 
-5.8268804871371189e-08 
2.7217194608010922e-09 
3.5133634552507513e-08 
3.4790137179988483e-08 
-5.5609759904702509e-08 
2.5971069797185383e-08 
3.247156075606632e-08 
-3.3528983317080722e-08 
5.0414189843730672e-08 
5.4179926973347605e-08 
1.127967650209596e-08 
-2.9027591890264939e-08 
4.6133016275483118e-08 
-4.9680617938569244e-08 
4.4507165665802187e-08 
1.3759395225983094e-08 
-4.3513090492748344e-08 
-4.5810533382581548e-08 
5.7715080755559977e-08 
-3.4059026672189097e-08 
-2.9133060990313996e-08 
4.0054309190749297e-08 
-5.3325997652616201e-08 
5.4728878203723468e-08 
-3.0214822899701766e-08 
-1.7687358950663266e-08 
4.8021937478827415e-08 
5.019198471805997e-08 
-4.7690426599889124e-08 
3.6558119764757498e-08 
1.0030528758034359e-08 
-3.8302435581860215e-08 
4.2719200405500491e-08 
-3.8825815948119742e-08 
2.6444251202901752e-08 
-1.1215899647560232e-08 
-2.8809525819690818e-08 
3.3722904097796663e-08 
-2.588381920987564e-08 
2.3962001694697546e-08 
-1.2726748117446996e-08 
-7.5309663144997902e-09 
2.7151886521227396e-08 
2.2418405602645399e-08 
-1.7660528680132934e-08 
1.942932144468355e-08 
-1.5923176896260027e-08 
