342
-1.2891471179573666e-09 
-6.801058976916308e-09 
-7.5725915283249206e-09 
-1.0307849004271253e-08 
-7.6095870430167161e-09 
-8.9723775075198233e-09 
-5.1868975670693186e-09 
-6.0352681498925718e-09 
-3.7314318614138417e-09 
-4.4238746136916575e-09 
-2.9843910168990102e-09 
-3.6435559462390605e-09 
-2.5456347495507916e-09 
-3.0832504808246426e-09 
-2.2434222762944347e-09 
-2.7372371097065346e-09 
-1.9602483979647486e-09 
-2.416564023401161e-09 
1.768365615145914e-09 
2.1760413498335625e-09 
1.6124969970336946e-09 
2.0022494111457819e-09 
1.4725025630411066e-09 
1.8137151046360135e-09 
1.3356310737802961e-09 
1.6333798346482615e-09 
1.2615854367776624e-09 
1.5577414374311603e-09 
1.2129128838838081e-09 
1.5100031938344637e-09 
1.1577052156545668e-09 
1.4267459940393146e-09 
1.0486704623558121e-09 
1.1670245817958301e-09 
-9.2049262392944197e-10 
-1.2723093315068628e-09 
1.0695709501410061e-09 
1.2901589954880756e-09 
9.4308554385360481e-10 
-1.1077608657614962e-09 
-9.0321109838354067e-10 
1.1280676984204181e-09 
-9.2468920593126993e-10 
-1.0863324970381715e-09 
-8.3922614975735507e-10 
-9.9825232517761869e-10 
-8.0443448926129569e-10 
-9.6409903879315804e-10 
-8.2015359688970269e-10 
-9.9021144729144639e-10 
-7.4495976957159426e-10 
-8.610914626967897e-10 
-7.6480018388494801e-10 
-9.0418442843408864e-10 
-6.8055935538618436e-10 
-8.4299681612644987e-10 
-7.6412886782407344e-10 
-8.3179441469191162e-10 
-6.6565135380110366e-10 
-8.6147725004134369e-10 
-6.1989649682792171e-10 
-5.3924288878806847e-10 
-7.0512988471837222e-10 
-9.6126115282748842e-10 
4.7929778598740978e-10 
4.0388345299672804e-10 
1.1259147560865072e-09 
-1.1079991986956012e-09 
2.1779086608965687e-10 
4.9529809566410343e-10 
1.5123059043252317e-09 
5.1885404302387477e-10 
-1.1455338749420421e-10 
-1.5290898844749551e-09 
-4.4112388993990702e-10 
-4.482171450754708e-10 
-2.8658694373210988e-09 
9.6514074619973381e-10 
-9.7825429076937919e-10 
-4.0396896696019279e-10 
-3.8627254087833066e-10 
2.2494439390888045e-09 
5.7471011882933697e-10 
3.5951014403791047e-09 
1.0326896138774424e-08 
-3.4214520995369979e-09 
-9.1493116438881434e-09 
2.2320223755913256e-09 
-8.555487022135326e-09 
-2.2863856377330292e-09 
4.0621740882006328e-09 
-2.6083115956799233e-10 
3.1245576199734681e-09 
-6.7675912458347074e-09 
1.5862709425363807e-08 
-1.1807428206625434e-08 
-3.5786703646369846e-08 
5.4295457770114758e-09 
2.9330356380204817e-08 
-1.7321736153073815e-09 
3.4998314967264352e-08 
2.838326800561347e-09 
6.3271465515014459e-08 
1.9159742969958469e-08 
-7.8447932989792483e-08 
-3.8910509611628213e-08 
-5.8798889472226616e-08 
-5.4770303323303007e-08 
5.4739999043988197e-08 
7.6558091688753422e-08 
3.4801046378421303e-08 
8.5601758354320112e-08 
-1.5119166123637334e-08 
9.3856376221291848e-08 
-1.2671016262620276e-08 
-8.4675557441225383e-08 
4.3234044480876648e-08 
9.0260333127818628e-08 
-6.4851819980271212e-08 
-5.3446401983239617e-08 
8.3250975806899571e-08 
2.3739039693853329e-08 
-9.8760020255253496e-08 
1.4903017192502716e-08 
8.730578362855416e-08 
-5.3868476536065006e-08 
-7.5652983464472251e-08 
8.6246876096154722e-08 
3.7771222340198653e-08 
-1.0811230834775953e-07 
1.8503328936771263e-08 
1.0282334248959096e-07 
-7.5524360256726439e-08 
-6.8477524414017495e-08 
1.0837508187553999e-07 
9.9059420053626624e-09 
-1.1725968766149877e-07 
5.0369736069676238e-08 
9.6620406164624537e-08 
-1.0067866000706723e-07 
-4.8986361256465025e-08 
1.2821640012109634e-07 
-2.7144143208926143e-08 
-1.2972409860069471e-07 
9.4113215925851391e-08 
8.7127093183841662e-08 
-1.3106450747618975e-07 
-3.0076153112069748e-08 
1.4299865039171353e-07 
-2.8476061552871728e-08 
-1.4179507448202393e-07 
7.3861194973121032e-08 
1.2246878884442761e-07 
-1.0793023680760163e-07 
-1.0730375890486641e-07 
1.2778565285893345e-07 
9.9413352777895946e-08 
-1.3684620839459259e-07 
-1.1098756730968806e-07 
1.322011644661655e-07 
1.3362891025679371e-07 
-1.0493759168286737e-07 
-1.5894074183857819e-07 
5.3486692820613218e-08 
1.7641821154218186e-07 
1.6524944202770049e-08 
-1.7111683221461926e-07 
-8.8427938857559081e-08 
1.2410452957919316e-07 
1.3926006947756689e-07 
-3.2034399328493802e-08 
-1.6566886131719819e-07 
-1.0231287977503643e-07 
1.0909758760190435e-07 
1.4944117556103446e-07 
-1.3770475433914299e-09 
-1.4939967035355464e-07 
-9.8005339547310559e-08 
8.5597721632286713e-08 
1.407268475252101e-07 
5.0512658749003959e-08 
-1.2757932252351484e-07 
-1.3663518966377139e-07 
-3.4802117502019004e-09 
1.3221624781051717e-07 
1.0712772026492142e-07 
-5.75685623702379e-08 
-1.3560210566849744e-07 
-8.877348393296652e-08 
8.9139577561980463e-08 
1.3307052484673922e-07 
6.1389215840331031e-08 
-9.9102556153885837e-08 
-1.3117429345097446e-07 
-1.9078950934473808e-08 
1.2356888514350127e-07 
1.3345606264532138e-07 
1.9021750064586437e-08 
-1.1168275298728044e-07 
-1.2765658033636756e-07 
1.4093531475453735e-08 
1.301824319827178e-07 
-1.2830040888259756e-07 
3.2945155689660083e-08 
1.1848513475204887e-07 
1.2297798235224084e-07 
-3.5415081440756002e-08 
1.3650318112144691e-07 
1.157097388558814e-07 
-6.6274271300320447e-08 
-1.2483496354804283e-07 
1.2159760161961004e-07 
-4.4702356230157056e-08 
-1.4298165783488851e-07 
-1.1309107597184547e-07 
-7.5559176606252845e-08 
-1.3207953016353315e-07 
-1.2348702645323003e-07 
-4.4731475368745313e-08 
-1.5033741210198734e-07 
-1.1928046927283548e-07 
-7.1491073410172781e-08 
-1.3802252094624724e-07 
-1.3023973108317963e-07 
-3.450821529333809e-08 
-1.5408549859260008e-07 
-1.348191416026813e-07 
-5.2937184673964084e-08 
-1.3747113840704748e-07 
-1.423620896122204e-07 
-9.5730537437789521e-09 
-1.4987526883011156e-07 
1.535073680619237e-07 
-1.5394525558244135e-08 
1.2453943765038562e-07 
1.550698057707835e-07 
-3.3986844427511056e-08 
1.2819803001195857e-07 
-1.6262491029408003e-07 
-3.7213953137048151e-08 
-8.7614387917838927e-08 
-1.588096915857952e-07 
8.5698561809726745e-08 
-7.4352548667452783e-08 
1.5316994577463e-07 
8.3659549767837234e-08 
1.1786599890373331e-08 
1.397243605914741e-07 
-1.1505839613257278e-07 
-3.8495602586180211e-09 
-1.0977080819782026e-07 
1.088412953869233e-07 
6.0425761918287312e-08 
6.4619529245167007e-08 
1.1767256703578894e-07 
-5.3878723525256026e-08 
-5.5568149526405395e-09 
-1.0436055093096307e-07 
8.2501206636951953e-08 
2.0795552306007804e-08 
6.6493345656437199e-08 
-7.8291757695849282e-08 
-5.4394632426628294e-08 
-1.0078958659024886e-08 
8.1260437446986034e-08 
4.7327980002578169e-08 
-3.7184322733981168e-08 
-3.3600917164061329e-08 
-6.6380090581810386e-08 
3.1166890702969612e-08 
-2.4672061948258312e-08 
4.652480517669257e-08 
-5.0590348657171813e-08 
2.3315449831786869e-08 
1.5401450887935577e-08 
4.4130596731205358e-08 
-3.7545992919769415e-08 
1.6711205256538112e-08 
7.4553951034816526e-09 
4.2789070357135338e-08 
-3.0691973349393013e-08 
1.4564675744109718e-08 
6.2943546265554049e-09 
3.3628411512321939e-08 
-2.4943105705299061e-08 
1.1564653540334748e-08 
-7.4143122284975687e-09 
3.0000146034700125e-08 
-2.2568894929577639e-08 
1.1607286883651361e-08 
-9.9870301204652805e-09 
-1.9085918182797036e-08 
-1.9551413210782796e-08 
9.9694732499311828e-09 
-9.8454967337910569e-09 
-1.4472469422315385e-08 
2.0926481285754455e-08 
-1.0328950318408122e-08 
-9.8948157715626202e-09 
-1.6945843187700056e-09 
1.6639752082612254e-08 
-9.4326477222914184e-09 
8.9599887491966565e-09 
-1.332795524591946e-09 
1.2843193769134613e-08 
-1.4514765402491416e-08 
9.8560029552318537e-09 
-4.5203840882667326e-09 
2.6838252329738655e-09 
9.6591478474738556e-09 
-1.0141197351119912e-08 
4.0238939274738439e-09 
3.0231159447050413e-09 
5.4673703012197539e-09 
-1.3554418519285009e-08 
8.3042448994539001e-09 
-5.1056169828419827e-09 
-2.0956709365147342e-10 
3.1555075466081914e-09 
-8.559366740407879e-09 
6.609657834323083e-09 
3.5353895056116096e-10 
2.2342261895467892e-09 
-7.8128465707639706e-09 
1.0044415505998567e-08 
-1.0016012137327219e-08 
2.6739823873032833e-09 
4.1880840171108988e-09 
-5.9016577894287093e-09 
8.1928928613802176e-09 
-8.968635553245858e-09 
9.9921408605250813e-10 
5.0755129506113697e-09 
-6.8641473525544778e-09 
8.9832666073650151e-09 
-9.9406909959618732e-09 
5.5239055387854004e-09 
5.1663995779574976e-09 
8.4989000346915464e-09 
-1.4266364106571249e-08 
2.6879636718776555e-08 
-3.3379895537629541e-08 
