342
-1.4872108293364926e-09 
-6.9317298679584472e-09 
-6.6886853352092556e-09 
-9.4188572833336646e-09 
-6.9898232410111804e-09 
-8.7369309068253868e-09 
-5.195291322278303e-09 
-6.2772186834637513e-09 
-3.9817306109044514e-09 
-4.7640697815353166e-09 
-3.2582149067983092e-09 
-3.9516643952790231e-09 
-2.7810982044414529e-09 
-3.347786972389159e-09 
-2.461211485896739e-09 
-2.9905572513675397e-09 
-2.1675004516417971e-09 
-2.6558938285908477e-09 
1.9683157759615081e-09 
2.4053659782283708e-09 
1.8034347207905092e-09 
2.2180134179250925e-09 
1.6522557770828717e-09 
2.0131419865973213e-09 
1.5034205546554378e-09 
1.8163513721041781e-09 
1.4239011041357932e-09 
1.7363188368644262e-09 
1.3745391600402201e-09 
1.6876230662351111e-09 
1.3161607265304909e-09 
1.5970557879906874e-09 
1.1944170342133324e-09 
1.3077325169964657e-09 
-1.0503108202827479e-09 
-1.4272791952809888e-09 
1.2227248182801236e-09 
1.4495261578001894e-09 
1.0818333744946892e-09 
-1.2464083079404549e-09 
-1.0375181671713344e-09 
1.2706753283443135e-09 
-1.0641870966094162e-09 
-1.2247489604431712e-09 
-9.672358412251725e-10 
-1.1278487913568425e-09 
-9.290083350619212e-10 
-1.0895286361516634e-09 
-9.4827123064459722e-10 
-1.1203621529719484e-09 
-8.5936930522712271e-10 
-9.738441285076357e-10 
-8.8749732969105164e-10 
-1.0236729886258379e-09 
-7.8491559926545633e-10 
-9.5747729797291352e-10 
-8.8823283390282769e-10 
-9.4038069870752019e-10 
-7.697020644768386e-10 
-9.771030063030778e-10 
-7.1785991822654141e-10 
-6.2115963999094382e-10 
-8.1894350347803696e-10 
-1.0737232713785107e-09 
5.6575918456400831e-10 
5.1629117427738757e-10 
1.2582490849855056e-09 
-1.1604633954637086e-09 
1.4238788616186427e-10 
6.409341469372196e-10 
1.5987205588350001e-09 
5.9882098227363198e-10 
-2.9935825191938741e-10 
-1.5528121907769813e-09 
-4.8262574081148141e-10 
-1.62890366143891e-10 
-3.0521702070606279e-09 
8.6937411928509625e-10 
-8.7206905428291599e-10 
-6.444113063494162e-10 
-3.5315589978005437e-10 
1.9981315638330647e-09 
-8.0350177566567284e-11 
2.0372325974827765e-09 
7.9079990725608393e-09 
-1.3962753281786764e-09 
-6.5375115274772518e-09 
2.8461894858026375e-09 
-6.4492807897935315e-09 
-1.6652226069221834e-09 
3.685056810367141e-09 
-5.4142804148580975e-10 
3.3062794837464847e-09 
-4.0368840570186013e-09 
1.0402771335085854e-08 
-4.2660754200631905e-09 
-2.1639475977250186e-08 
-2.0333867707678586e-09 
1.6332913691624358e-08 
-6.4364033197720891e-09 
1.9996274539012494e-08 
8.9154334868064328e-09 
3.5176192930154446e-08 
2.3633467012030118e-08 
-4.3416605745722586e-08 
-3.5678257804759746e-08 
-2.9881069788957966e-08 
-4.4439732196418656e-08 
2.5591222550740761e-08 
5.7225939420090625e-08 
1.1122785263274647e-08 
6.0764480453550748e-08 
3.0508039160554664e-09 
6.2912151975945664e-08 
-2.0753108538219411e-08 
-5.3760247730699731e-08 
4.0696378199342319e-08 
5.3165236273902373e-08 
-5.2848700632494638e-08 
-2.7609918656353536e-08 
6.0213370870803077e-08 
3.0390074018525601e-09 
-6.7670379572737641e-08 
2.3243682937699209e-08 
5.4709823562669764e-08 
-4.8902331500164921e-08 
-4.2628922638215396e-08 
6.7956210501096933e-08 
1.2191059497975638e-08 
-7.9090928348903347e-08 
2.8274291800212753e-08 
6.8141640441120631e-08 
-6.6159891518529979e-08 
-3.6931415540535867e-08 
8.375053526916305e-08 
-9.6018141684342659e-09 
-8.4013050545743998e-08 
5.29868129133444e-08 
6.1294038371623343e-08 
-8.7060053669479139e-08 
-2.0379867967230531e-08 
1.0164385807475041e-07 
-3.928463686734585e-08 
-9.4626710868111598e-08 
8.7127691299677215e-08 
5.3560837772767041e-08 
-1.1096478772016829e-07 
-5.6778210499862221e-09 
1.1394212627080145e-07 
-4.1509010544150252e-08 
-1.0747808531377325e-07 
7.6594522565169901e-08 
8.7400500788815449e-08 
-1.0356380577535292e-07 
-7.301492599119122e-08 
1.1977557904257527e-07 
6.5670518296012701e-08 
-1.2957521972086042e-07 
-7.7619887052086137e-08 
1.2874367515101421e-07 
1.0034036188476137e-07 
-1.0969229865287907e-07 
-1.2881781145897564e-07 
6.7393466645354147e-08 
1.5145357578385e-07 
-6.6269674625275403e-09 
-1.5609118988341869e-07 
-6.0678708027092861e-08 
1.2245610412496105e-07 
1.1178666214496091e-07 
-4.6587539207792113e-08 
-1.4478960708574712e-07 
-7.6683977735703446e-08 
1.0817486414487502e-07 
1.258893763460158e-07 
-1.7246364528511632e-08 
-1.3437479601129207e-07 
-7.4688766759939762e-08 
8.5987355287533875e-08 
1.1840372169420228e-07 
3.1836306828440124e-08 
-1.1657747267347583e-07 
-1.1563106115315147e-07 
7.3989288475924166e-09 
1.1728274034127639e-07 
8.6508029539192913e-08 
-5.7603946844066658e-08 
-1.1629410251868795e-07 
-7.1423973743178594e-08 
8.1394598170986272e-08 
1.1496928245262449e-07 
4.8541481749224321e-08 
-8.8358937919141815e-08 
-1.1270663008238568e-07 
-1.4230198467432764e-08 
1.0772174576579017e-07 
1.156743072207621e-07 
1.5777593893330236e-08 
-9.7325649015915198e-08 
-1.1209116934873469e-07 
1.0742784993176068e-08 
1.1386417235859625e-07 
-1.1427046677933867e-07 
2.6259217409091986e-08 
1.0329766753033729e-07 
1.1188571434572707e-07 
-2.6867432901351347e-08 
1.2082503030162708e-07 
1.0782856726111249e-07 
-5.4503329541508902e-08 
-1.0976297582650057e-07 
1.1475920283987126e-07 
-3.3677537232311121e-08 
-1.2833352250325465e-07 
-1.0930148992500303e-07 
-6.2208649574863469e-08 
-1.1732024405797138e-07 
-1.1979250864470593e-07 
-3.2503392427991219e-08 
-1.364907899230981e-07 
-1.1761782781713006e-07 
-5.76140825856066e-08 
-1.2339809980952145e-07 
-1.2827651987649795e-07 
-2.1707860246490518e-08 
-1.4050328042430285e-07 
-1.3334105552667137e-07 
-3.9023663413353548e-08 
-1.2268218269389888e-07 
-1.4039284175217882e-07 
2.9329496544798185e-09 
-1.3568733803503799e-07 
1.501292752307543e-07 
-2.1207327214714613e-09 
1.0896528055432672e-07 
1.512547579614225e-07 
-4.4621650404014144e-08 
1.1257975891514532e-07 
-1.5582125732060767e-07 
-4.8023640394148595e-08 
-7.098543975703628e-08 
-1.5127404902673707e-07 
9.177938426586123e-08 
-5.7636342133936129e-08 
1.4171413834169692e-07 
8.9817337658394482e-08 
-3.1989943789784262e-09 
1.2574914281009621e-07 
-1.1475551705101409e-07 
-1.7793577825920219e-08 
-9.2770271085678395e-08 
1.082408471117886e-07 
6.8165835259407294e-08 
4.59848437493887e-08 
1.0874698853303558e-07 
-6.1695663768975401e-08 
-1.988509381725147e-08 
-8.9123811696299279e-08 
8.2641974677670924e-08 
3.3492005819488274e-08 
4.6990898410739935e-08 
-7.6439764193888375e-08 
-5.9136777458734648e-08 
6.6251759950506389e-09 
6.6769614704122671e-08 
5.2975186548590109e-08 
-4.4994436084597799e-08 
-1.3436370722006587e-08 
-5.8414243167179764e-08 
3.9362175017503246e-08 
-3.4467403262512179e-08 
2.6773029820250504e-08 
-4.8508287939333216e-08 
3.3137730292850606e-08 
2.7723158504724567e-08 
2.4858006648782946e-08 
-3.8177548031786037e-08 
2.7548982554517648e-08 
2.1530845972036703e-08 
2.5963608397203886e-08 
-3.3044846556972251e-08 
2.5951810093569081e-08 
2.1355810167715374e-08 
1.6275978209578254e-08 
-2.7228430205761788e-08 
2.3000133639895788e-08 
-2.0849371807705042e-08 
1.1890204170922581e-08 
-2.4843815744047523e-08 
2.2756130651993467e-08 
-2.200486701210671e-08 
2.2727004688799694e-09 
-1.9480509340181984e-08 
2.0547156866497121e-08 
-2.020662102050836e-08 
7.3022378221908747e-09 
1.6448377630646546e-08 
-2.0217038213612144e-08 
-1.9733103096340285e-08 
1.8909360647086717e-08 
1.4269324961759803e-09 
-1.7676939748272188e-08 
1.7391712397175544e-08 
-1.8026925554953202e-08 
-9.2928793532247533e-09 
-1.3968812825252412e-08 
1.6891452091858666e-08 
-1.9339100684211831e-08 
1.9852562643600103e-08 
-1.2496947032423931e-08 
-8.7758183134505923e-09 
1.7050269106425279e-08 
1.7093808577350811e-08 
-1.7045993862241464e-08 
4.306440336878967e-09 
1.4661585170470836e-08 
-1.7112881945026074e-08 
1.9485111418336349e-08 
-1.953681828492977e-08 
9.9306762640651276e-09 
6.1052820322912051e-09 
-1.5812817348564469e-08 
-1.5665867344853249e-08 
1.3652994174865986e-08 
-8.672163849271052e-09 
-7.3690587536293528e-09 
1.5312570522177705e-08 
-1.4329187573042008e-08 
1.3258781022408024e-08 
-8.6471865162163344e-09 
4.9184366611492449e-09 
7.4514256004885991e-09 
-8.9277956429530358e-09 
8.1188933687331011e-09 
-6.5142470133927032e-09 
5.1263272339337843e-09 
-1.5350952137524169e-09 
-4.121947630097488e-09 
-4.5329641903167898e-09 
3.2990166112543251e-09 
-2.6982863042502826e-09 
1.0132993751353392e-09 
