342
3.2470379789480791e-09 
-1.221913140574719e-09 
-1.162801009380027e-08 
-9.4079831485216738e-09 
-8.7044072119085194e-09 
-6.6891735815048572e-09 
-4.781248518707131e-09 
-3.6897249347298615e-09 
-2.9857320707053531e-09 
-2.5435438874234613e-09 
-2.3062903614214312e-09 
-2.1495206079387183e-09 
-1.9929300568236388e-09 
-1.8634730812271969e-09 
-1.7292380308045345e-09 
-1.6356770069067428e-09 
-1.4799364752039369e-09 
-1.4319118822377911e-09 
1.3129374954013302e-09 
1.2761855062617309e-09 
1.1835774861939521e-09 
1.1829821417888341e-09 
1.0713099689604476e-09 
1.0748303859731247e-09 
9.6204601146617434e-10 
9.6738637147786287e-10 
9.0572753552463632e-10 
9.223508308496852e-10 
8.5708114044151201e-10 
8.9407402975744661e-10 
8.1001219236087667e-10 
8.4612794062905822e-10 
7.3164309160636839e-10 
6.9130422207811661e-10 
-6.394044551101641e-10 
-7.5328733812165319e-10 
7.3933883913743814e-10 
7.6591890878367856e-10 
6.414394407222664e-10 
-6.5896515806446468e-10 
-6.1266407498759373e-10 
6.7112675385914243e-10 
-6.2276605127534758e-10 
-6.4835783316706309e-10 
-5.6345408796115465e-10 
-5.9074603296736357e-10 
-5.3599270975720285e-10 
-5.7429122764051868e-10 
-5.4393068216141749e-10 
-5.8762258829515226e-10 
-4.9691695189361488e-10 
-5.2025787143763013e-10 
-4.9803712851750158e-10 
-5.3581866678665518e-10 
-4.5697499876315578e-10 
-5.0269827527422898e-10 
-4.8925639789401224e-10 
-5.0466970908690544e-10 
-4.4310404323791166e-10 
-5.1267979613978359e-10 
-4.058505751555819e-10 
-3.1580186068288531e-10 
-4.4550971338171565e-10 
-6.048146907879888e-10 
3.2293564409875752e-10 
1.4974073248634281e-10 
7.325416837864307e-10 
-8.320082815445533e-10 
2.2505766307481605e-10 
1.5298996303677078e-10 
1.157251629142183e-09 
3.4644224793997099e-10 
2.2817982205685054e-10 
-1.184706524932978e-09 
-5.5717585077904702e-11 
-8.9314786918622942e-10 
-1.826958859496924e-09 
1.1400390434192629e-09 
-6.7822891892827201e-10 
4.7328086240813571e-10 
-1.4281137334082954e-10 
3.3178771290096592e-09 
1.2560595254926449e-09 
9.8635975072916589e-09 
1.3635754799313123e-08 
-1.3406170916852345e-08 
-1.452952013723409e-08 
-3.6342289658604519e-09 
-1.3684443931574147e-08 
-1.8488268511970901e-09 
2.6386284888066639e-09 
9.8937878118359733e-10 
-2.1456547408951686e-09 
-2.1168769502802455e-08 
1.9274940144966115e-08 
-6.4358880211369477e-08 
-6.1187150702612948e-08 
7.3884262438819724e-08 
5.854144007898605e-08 
4.9059948838869224e-08 
7.7186081281177765e-08 
-7.3379767898746666e-08 
1.5529271067941348e-07 
-8.397428510526978e-08 
-2.0379855709447659e-07 
3.8452400955257686e-08 
-1.7773387264854005e-07 
-1.6998368656919118e-08 
1.9596982313710638e-07 
7.1881425297253679e-08 
1.7338531512028378e-07 
1.1896642001381198e-07 
-1.5213487517257664e-07 
1.6369761805351671e-07 
8.9787051786532913e-08 
-1.8376599148015998e-07 
-3.0832816982256863e-08 
2.3632521462060834e-07 
-3.7913911757650999e-08 
-1.7960167152232882e-07 
1.1775148582562584e-07 
1.5747158616112891e-07 
-1.7917364821718807e-07 
-8.4979103981592468e-08 
2.0226377863616916e-07 
-1.6655826788827812e-09 
-2.217489839417199e-07 
8.9374831795473854e-08 
1.84271702406223e-07 
-1.7037396345837348e-07 
-8.8498847420211832e-08 
2.1885255521213615e-07 
-4.1726482716717802e-08 
-2.1225121486364638e-07 
1.4687203771728555e-07 
1.3705297175793186e-07 
-2.1363011515720784e-07 
-2.6180332446874526e-08 
2.3170441427517992e-07 
-8.8508389730197056e-08 
-1.9046384022783943e-07 
1.7910605724526295e-07 
7.4122558626506126e-08 
-2.4147463056951813e-07 
6.0733374153251129e-08 
2.2600436184377166e-07 
-1.5749072229486772e-07 
-1.5667334114712182e-07 
2.1757099517256353e-07 
6.6336894081268093e-08 
-2.5252312118204128e-07 
1.4759025332536527e-08 
2.4948501593627e-07 
-7.8597307608310529e-08 
-2.3844490637359544e-07 
1.1644471178324544e-07 
2.2907384238376163e-07 
-1.2887165593316467e-07 
-2.361776378028602e-07 
1.1572620964833739e-07 
2.5454059132925211e-07 
-6.6171234542992647e-08 
-2.6509819501735478e-07 
-1.0511783790713394e-08 
2.6205594056940169e-07 
1.065344155576148e-07 
-2.2268998219682137e-07 
-1.9118400663019034e-07 
1.3151345140852575e-07 
2.4065353469222675e-07 
1.438855660934301e-08 
-2.4706800946328116e-07 
-1.9195485825911237e-07 
1.2563298462084012e-07 
2.381217505027088e-07 
4.0220231296234033e-08 
-2.1691227559607201e-07 
-1.7373988417923871e-07 
1.0767176512973482e-07 
2.2328402231637655e-07 
9.5997210491489733e-08 
-1.873536756054212e-07 
-2.1183119390170553e-07 
-1.257376967813469e-08 
2.0122573644209143e-07 
1.6319153565367928e-07 
-9.0369728787737306e-08 
-2.0451349203252825e-07 
-1.231392981563217e-07 
1.4442551224231138e-07 
1.9889908336637481e-07 
7.0490909259744063e-08 
-1.5981955261873594e-07 
-1.8115616443200332e-07 
4.5192743983580461e-09 
1.8565977423938799e-07 
1.8165278027609586e-07 
-1.1752727287440791e-08 
-1.7223267740301118e-07 
-1.517896569360238e-07 
6.3327167781354958e-08 
1.8088697024430727e-07 
-1.4234343474182243e-07 
8.8616491379068365e-08 
1.7116759939863688e-07 
1.2050975407613798e-07 
-9.3916718971157224e-08 
1.7524596650658451e-07 
9.7584651649828074e-08 
-1.2452652765455606e-07 
-1.6806734733176762e-07 
9.8630652652168332e-08 
-1.0395031010029167e-07 
-1.7036583516173699e-07 
-7.7434817065950266e-08 
-1.3033507888624366e-07 
-1.6582527511095622e-07 
-8.6696302109970295e-08 
-1.0297003821954371e-07 
-1.6778870752855358e-07 
-7.4700454057165281e-08 
-1.2392066847826466e-07 
-1.6382217977089015e-07 
-8.5359188408725052e-08 
-9.2378773414008443e-08 
-1.6559754640284992e-07 
-8.7227958308723722e-08 
-1.0669814669942602e-07 
-1.5953612348104134e-07 
-9.4577706442671747e-08 
-6.9797241182479365e-08 
-1.6136015157835071e-07 
1.0851050298638704e-07 
-7.4484796056308933e-08 
1.494425717745444e-07 
1.0983022319609812e-07 
3.0402167309743683e-08 
1.4843674174666982e-07 
-1.2625594907697731e-07 
2.7661459953436779e-08 
-1.2464688298896829e-07 
-1.2383136559118968e-07 
2.1322535253745533e-08 
-1.1479592246752987e-07 
1.3388978548113597e-07 
1.954718619965443e-08 
6.9107967853159204e-08 
1.3197809388024239e-07 
-6.0864482536320268e-08 
5.5618416801171946e-08 
-1.2450558733243457e-07 
5.6066979685868596e-08 
-1.6581052551970398e-09 
1.0308130709738315e-07 
8.834656094969994e-08 
6.6587452818321443e-09 
5.312780036691897e-08 
-1.0304134630418805e-07 
3.3142872638212188e-08 
-3.9270134838304733e-08 
9.6184195368523338e-08 
-3.4795422543669232e-08 
-5.4010563829388821e-10 
-6.4749628920544073e-08 
7.8223527571848755e-08 
-5.9715264833067558e-09 
1.7672801887563164e-08 
-7.8454617572488906e-08 
-4.21464641428227e-08 
-2.2621095822112025e-08 
3.0212947697809552e-08 
7.7111714940487592e-08 
-1.4577504219557045e-08 
-3.0956994921075295e-08 
-3.9811188150018269e-08 
6.5422293244346975e-08 
1.5826033189096504e-09 
-3.6189607579234229e-08 
-4.7488883987214903e-08 
5.4984490381117619e-08 
9.6493413378040388e-09 
-3.8434613788654403e-08 
-4.8957046878957984e-08 
4.6902942149462565e-08 
1.4222080220399633e-08 
-3.9735840666143133e-08 
4.5818957905478205e-08 
4.9629126853343867e-08 
1.4717212416356797e-08 
-3.9348672026872946e-08 
4.1157432550285418e-08 
-5.2713454752067196e-08 
1.2259798321312153e-08 
-3.9079134504046336e-08 
3.9054159648330917e-08 
-5.8953175249370581e-08 
4.5421573439958003e-10 
3.7692839613458103e-08 
3.7269766784332677e-08 
-5.7348936516943439e-08 
2.4631176957566909e-08 
3.4895751817954624e-08 
-3.5962771406998476e-08 
5.2454290781188452e-08 
5.4560957287297665e-08 
1.3537519326480871e-08 
-3.1312885627063947e-08 
4.8300972125219476e-08 
-5.1654738622054919e-08 
4.4367035459630085e-08 
1.5869114126262739e-08 
-4.560020969513455e-08 
-4.7830074834690012e-08 
5.8859348732741008e-08 
-3.3252492312956172e-08 
-3.1254389442785426e-08 
4.2021633826283634e-08 
-5.4845579885932778e-08 
5.5729131337777106e-08 
-2.9432943234208866e-08 
-1.958745358088296e-08 
4.9507022829115747e-08 
5.1411025681285687e-08 
-4.7831061792252775e-08 
3.6024829838472794e-08 
1.1881882650367119e-08 
-3.965204114426546e-08 
4.3072265649887298e-08 
-3.8679077172266629e-08 
2.5532794328632414e-08 
-9.582039538123069e-09 
-3.0018595189073516e-08 
3.3822423981604297e-08 
-2.518832845147032e-08 
2.2915325330026524e-08 
-1.0974188588006366e-08 
-9.2155044048595873e-09 
2.7210205368551082e-08 
2.1497652025563544e-08 
-1.5526254803955132e-08 
1.5147864399296464e-08 
-1.0377101274619315e-08 
