342
-1.478503599825336e-09 
-6.9593948307760998e-09 
-6.8241495573260427e-09 
-9.5787594236875497e-09 
-7.1008484479272391e-09 
-8.8010843624568157e-09 
-5.2087901575949364e-09 
-6.2591340300048432e-09 
-3.9525547688836593e-09 
-4.7231286088778813e-09 
-3.2213731976914371e-09 
-3.911735383902759e-09 
-2.7481641806941325e-09 
-3.3125590126722189e-09 
-2.4301856766921474e-09 
-2.9560913952758771e-09 
-2.1374896058324539e-09 
-2.6227142744893525e-09 
1.93902108063222e-09 
2.3730877598857371e-09 
1.7751851702675015e-09 
2.1873169528328662e-09 
1.6254391529593919e-09 
1.9845479483878547e-09 
1.4782523458234231e-09 
1.7899567500630081e-09 
1.3993911519343154e-09 
1.7103873395567462e-09 
1.3500370492705633e-09 
1.6616578353726616e-09 
1.2920314017718409e-09 
1.57203403494402e-09 
1.1721370521166234e-09 
1.2870069645522088e-09 
-1.0304245621955837e-09 
-1.4043901374112106e-09 
1.1991925004998525e-09 
1.4258964261028323e-09 
1.0604773953978626e-09 
-1.225769793963376e-09 
-1.0167902055933562e-09 
1.2493980075433295e-09 
-1.0426122358856183e-09 
-1.2040224048804038e-09 
-9.4741059277676247e-10 
-1.108421094233802e-09 
-9.0969298188187211e-10 
-1.0706846740335746e-09 
-9.2839358576031876e-10 
-1.1007727280840312e-09 
-8.4159983564949183e-10 
-9.5680717568520939e-10 
-8.684291324913667e-10 
-1.0056730717138108e-09 
-7.6868802245745333e-10 
-9.4014084942860047e-10 
-8.6894019003606147e-10 
-9.2393391028234857e-10 
-7.5348736520034676e-10 
-9.5967260827344421e-10 
-7.0260511535998783e-10 
-6.0841751995672519e-10 
-8.0132704098324696e-10 
-1.0570586046167765e-09 
5.5183761192990887e-10 
4.981080208360052e-10 
1.2390686017901368e-09 
-1.154193427155887e-09 
1.5638415482627944e-10 
6.1768214553282335e-10 
1.5874921473409596e-09 
5.8597594030356203e-10 
-2.6981223823072806e-10 
-1.5522264004717153e-09 
-4.8053242565415608e-10 
-2.0994925101325314e-10 
-3.0317110644576067e-09 
8.838760539414653e-10 
-8.9468973716415687e-10 
-6.1188824385329501e-10 
-3.5892932836659011e-10 
2.0288341141118737e-09 
2.2040422361418733e-11 
2.2424072720145098e-09 
8.2840634930160615e-09 
-1.6433277638435136e-09 
-6.9301750921269101e-09 
2.797836757979862e-09 
-6.7566012911856693e-09 
-1.7756297401857011e-09 
3.7561708509556365e-09 
-5.0496636202858981e-10 
3.3035243300867889e-09 
-4.3686339229603906e-09 
1.1208858697198841e-08 
-5.0842900425220234e-09 
-2.3635028865831022e-08 
-1.3483098828100067e-09 
1.8133145871884627e-08 
-6.0527192254444606e-09 
2.2022130653639806e-08 
8.4796552939757658e-09 
3.8917607848148306e-08 
2.362361976818691e-08 
-4.8035842479105959e-08 
-3.6715413352582795e-08 
-3.361045489728458e-08 
-4.6336094308203588e-08 
2.9216332406835217e-08 
6.033324225860704e-08 
1.3914579718659718e-08 
6.4491536845988784e-08 
1.1147713779130806e-09 
6.7375754082561944e-08 
-2.0176063861402343e-08 
-5.8031688387642093e-08 
4.1626731332949629e-08 
5.8126376583226125e-08 
-5.4981658197537916e-08 
-3.0903635347970203e-08 
6.3716505930414412e-08 
5.4493562716845149e-09 
-7.2164389043054213e-08 
2.2607735636299056e-08 
5.9213773506341672e-08 
-5.0099477256420061e-08 
-4.6988984508182492e-08 
7.0950983388621842e-08 
1.5334222307665542e-08 
-8.3436961958834109e-08 
2.7460301619707524e-08 
7.3044186257459954e-08 
-6.7994682102299748e-08 
-4.1107270168497351e-08 
8.7608158145883376e-08 
-7.3214301774069203e-09 
-8.8887991848807854e-08 
5.3177489006899038e-08 
6.6225333085998252e-08 
-8.9512871970445817e-08 
-2.4111249543761234e-08 
1.0581837419159878e-07 
-3.8063462014359084e-08 
-9.9775553223464351e-08 
8.8665519369019046e-08 
5.8215404974301413e-08 
-1.1429264473867048e-07 
-8.8268002187847219e-09 
1.1843631639523702e-07 
-4.0096593423778271e-08 
-1.1258956719535494e-07 
7.6709685626911159e-08 
9.2504232389744608e-08 
-1.047015460387208e-07 
-7.7946536303241025e-08 
1.2143321414947062e-07 
7.0527699967200203e-08 
-1.3109887162141787e-07 
-8.2479411027085429e-08 
1.296847048321754e-07 
1.0527167563156241e-07 
-1.0936081315774041e-07 
-1.3337419440292243e-07 
6.5614313399270624e-08 
1.5532754670175814e-07 
-3.3524245201735009e-09 
-1.5852519380809001e-07 
-6.4753911065393584e-08 
1.2287843870400537e-07 
1.1590824535216578e-07 
-4.4512405635767566e-08 
-1.4797833562134428e-07 
-8.0518980622690502e-08 
1.0837339970465168e-07 
1.2944886318315916e-07 
-1.4863012568754496e-08 
-1.3663789490191348e-07 
-7.8220319476218031e-08 
8.588216130395456e-08 
1.2177394498469512e-07 
3.4732792594064391e-08 
-1.1817420715816143e-07 
-1.1881303531094674e-07 
5.6257647690135625e-09 
1.1947481595719527e-07 
8.9716543609385829e-08 
-5.7431477770680567e-08 
-1.1921574471407093e-07 
-7.4200707132856191e-08 
8.2407375968428414e-08 
1.1769321353225098e-07 
5.070546481029673e-08 
-8.9836041808218974e-08 
-1.1558944093260171e-07 
-1.5230947620744928e-08 
1.1006409059742539e-07 
1.1844360744201545e-07 
1.6560679999035722e-08 
-9.9402179920572063e-08 
-1.1464039022361482e-07 
1.0965646379102291e-08 
1.163453452040811e-07 
-1.1662402028323492e-07 
2.7006092687131732e-08 
1.0555177679400901e-07 
1.1384856396143987e-07 
-2.7904045777501916e-08 
1.2326240193166213e-07 
1.093526377134284e-07 
-5.609439754108105e-08 
-1.1204551414242115e-07 
1.1613726638806574e-07 
-3.5117964465524953e-08 
-1.3065811499471962e-07 
-1.1024891792361034e-07 
-6.4078070179881941e-08 
-1.195983137787617e-07 
-1.2072852221147465e-07 
-3.4140223493398626e-08 
-1.3873165761336909e-07 
-1.1826106608975805e-07 
-5.9572820358478712e-08 
-1.2569229471923436e-07 
-1.2896760464556734e-07 
-2.343183014963064e-08 
-1.4272204912022562e-07 
-1.3396306274920089e-07 
-4.0963744236526221e-08 
-1.2501254982042739e-07 
-1.4109355465099387e-07 
1.2850329545856409e-09 
-1.3798891712104961e-07 
1.510378581847829e-07 
-3.9049944689188861e-09 
1.1139150844342704e-07 
1.5223431061540347e-07 
-4.3321776651310722e-08 
1.1504295849518633e-07 
-1.5722896889993137e-07 
-4.6696697504710085e-08 
-7.3491177096508273e-08 
-1.5279239942016008e-07 
9.1239545460917854e-08 
-6.0127983248886244e-08 
1.4376712215157486e-07 
8.9260915754387147e-08 
-1.1192825330070757e-09 
1.2813993515947339e-07 
-1.1520683778751952e-07 
-1.5906069278267369e-08 
-9.5498068346664084e-08 
1.0873102228863567e-07 
6.7332652049931725e-08 
4.8814932629754784e-08 
1.1045965463819807e-07 
-6.0841815981901014e-08 
-1.7929459394030964e-08 
-9.1682130141895524e-08 
8.2989902978534792e-08 
3.1818538939026192e-08 
5.003833444828217e-08 
-7.7083788619937156e-08 
-5.8755395030278869e-08 
4.242681999620812e-09 
6.9225799405505522e-08 
5.24392871372575e-08 
-4.4108212242523011e-08 
-1.6482306456220932e-08 
-5.995023766512164e-08 
3.8407736984681529e-08 
-3.3254321364706097e-08 
2.9857977361448147e-08 
-4.9147368656710694e-08 
3.191646125604387e-08 
2.6087690001957518e-08 
2.794816935902724e-08 
-3.8393869392033054e-08 
2.6151379242481206e-08 
1.960484301119932e-08 
2.8709377923180137e-08 
-3.2982161375481922e-08 
2.4465833933335985e-08 
1.9265362317972642e-08 
1.911295927928463e-08 
-2.7176438420709852e-08 
2.1498775787237765e-08 
-1.9027698656973332e-08 
1.4794095389627131e-08 
-2.4779443251217659e-08 
2.1304780206989214e-08 
-2.0408943700675699e-08 
-1.0704339448669229e-09 
-1.9777338854647592e-08 
1.9183674791805678e-08 
-1.8881768423154475e-08 
3.9976333417658821e-09 
1.7393324815002671e-08 
-1.8967641352899932e-08 
-1.8486458486998689e-08 
1.5906511364813594e-08 
3.9492540623795009e-09 
-1.6681995602967694e-08 
1.6373270190895346e-08 
-1.5685423642238678e-08 
-5.9141177030173046e-09 
-1.4325359505768296e-08 
1.60829572825253e-08 
-1.7315553211234593e-08 
1.7446353086122948e-08 
-9.0433810104088464e-09 
-9.2692867901853587e-09 
1.5318039599307224e-08 
1.5202007224251286e-08 
-1.3744688635874137e-08 
1.4661002750559404e-09 
1.3975049946717815e-08 
-1.5544730802952146e-08 
1.6689959701271844e-08 
-1.6217244200145704e-08 
6.9967730016593981e-09 
6.4696247896444942e-09 
-1.3585174889915593e-08 
-1.3151402548913523e-08 
1.0441723456158175e-08 
-5.7831375696733771e-09 
-8.050904185140777e-09 
1.3634787684328103e-08 
-1.16258669331606e-08 
1.0388655628412406e-08 
-6.0001850691892835e-09 
2.58227174847837e-09 
6.7311957849829789e-09 
-6.9166960699088691e-09 
5.8151050237689239e-09 
-4.0918679778762377e-09 
2.6092245307141219e-09 
-1.298638962559766e-10 
-2.8915644254932181e-09 
-2.5580253919556606e-09 
4.3478963616464593e-10 
2.2731098044210216e-09 
-4.8698448374249481e-09 
