342
-2.5202774744901899e-07 
8.5666393700571664e-08 
-8.0661350540461041e-08 
3.8586852165263307e-08 
-4.7486322740545026e-08 
3.3379942465391261e-08 
-3.5358532711458146e-08 
2.3259293937965684e-08 
-2.6642044550322867e-08 
1.5916054175941352e-08 
-2.0760910884958699e-08 
1.1097903463542776e-08 
-1.645716947632614e-08 
7.4715066022676616e-09 
-1.3285197469595094e-08 
4.8689436221681152e-09 
-1.0631233945372954e-08 
2.751789219021504e-09 
8.713817121306246e-09 
-1.0049122615832426e-09 
7.0403707409003933e-09 
4.7122255212492901e-10 
5.5618264771675004e-09 
1.6292818746187992e-09 
4.3167635351125719e-09 
2.4661344988311762e-09 
3.4347336110544852e-09 
3.2836346083396068e-09 
2.6612018360857112e-09 
4.1093213287223376e-09 
1.9211746730334026e-09 
4.7493861842626464e-09 
1.21192808118032e-09 
4.5044703800929874e-09 
-7.1543994390457363e-10 
-5.4736575078564257e-09 
3.1341903616387604e-10 
6.3476721817421392e-09 
-2.257162337667504e-10 
-6.0475988846779732e-09 
6.0201814573033954e-10 
6.7141103205946865e-09 
1.0410556289417294e-09 
-7.0257969838785991e-09 
1.3016955926928823e-09 
-6.9340300317994638e-09 
1.5757293299281856e-09 
-7.1060800168027902e-09 
1.9038912319670645e-09 
-7.7319369693180934e-09 
2.0168326151250975e-09 
-7.0943748840049136e-09 
2.3684947013495301e-09 
-7.7716953712332281e-09 
2.2693355614519274e-09 
-7.5848332677128208e-09 
2.9031873567070432e-09 
-7.8683820236382898e-09 
2.6481298770375076e-09 
-8.0891854200535266e-09 
2.8165936186709119e-09 
-6.3905339171925738e-09 
2.9716489454709817e-09 
-8.6041763789828532e-09 
-3.2576202140828556e-09 
7.4833339388131809e-09 
-2.9595747227081086e-09 
-7.6743000035393961e-09 
3.5548892656614151e-09 
7.9615731505109933e-09 
-3.372138260503423e-09 
8.726965194011285e-09 
3.9473714198738412e-09 
-8.054830938928419e-09 
-3.4745214822095265e-09 
6.6833841333017391e-09 
3.3135769923136999e-09 
9.1127948907331943e-09 
-3.532857285537755e-09 
-6.4146030389726608e-09 
4.8867365133508859e-09 
1.1157094169079337e-08 
2.8523332991347087e-09 
4.8531653235731067e-09 
1.7532540322348163e-09 
-2.6604112336863144e-08 
-1.3242734826112116e-08 
-4.4860094567066267e-09 
-6.485159567489812e-09 
7.5773193988082741e-09 
-8.5432976154665419e-10 
-8.5656206289522514e-09 
-2.1141975760013183e-08 
-3.3512169654061346e-08 
-2.6716928143217575e-08 
-9.9001206489632339e-08 
2.6791030451507218e-08 
1.5594508932398149e-07 
-6.3735292929887603e-10 
1.0815342144082061e-07 
1.6237340942683326e-08 
-2.014501701476077e-07 
9.354767209857416e-08 
-2.8333368445972274e-07 
-1.5315666123685083e-07 
2.6935141568340599e-07 
-1.9168891042597425e-07 
1.6917107245252833e-07 
2.5871806591529459e-07 
-1.3612408395632909e-07 
3.0255701065299574e-07 
-2.8587415030244608e-08 
-3.2710807323554707e-07 
3.6555627079788409e-08 
2.9530880468430655e-07 
-1.5836469332893828e-07 
-2.5863941498642459e-07 
2.6968517514732152e-07 
1.660985783478491e-07 
-2.9671549342612061e-07 
-5.6447950693971193e-09 
3.3273392772694479e-07 
-1.0033554963400618e-07 
-3.1030396401288427e-07 
2.277174202448571e-07 
1.9721405747509173e-07 
-3.2885010648612179e-07 
-9.6070196316995895e-08 
3.9351828398819423e-07 
-8.3487918391294288e-08 
-3.2204036116655847e-07 
2.3190994952900248e-07 
1.6600558111937699e-07 
-3.7756056375960425e-07 
3.9030715092811993e-08 
3.4952083167016629e-07 
-2.04201625351808e-07 
-2.6461369565744945e-07 
3.5591015287766741e-07 
6.8817640115607721e-08 
-3.9006475399143631e-07 
9.3594605873332164e-08 
3.1888026594195147e-07 
-3.1538392047283342e-07 
-1.1340917108856423e-07 
3.9215941769417186e-07 
-6.0300387807656045e-08 
-4.0294552771779686e-07 
2.3216088509973868e-07 
2.8085265062097633e-07 
-3.4186462115436688e-07 
-1.9287782026244522e-07 
4.2801416702759698e-07 
5.7193433425682056e-08 
-4.2872917969872043e-07 
-7.5414750156846352e-09 
4.6030136170629226e-07 
-5.0958154555207765e-08 
-4.3890935250628989e-07 
7.1730815170268514e-09 
4.8401903198585534e-07 
4.1201735186987756e-08 
-4.4232403528983528e-07 
-1.8624334752545697e-07 
4.3592906290253134e-07 
2.9319063231876434e-07 
-3.0864501928949848e-07 
-4.4466901117509625e-07 
1.5303747532134826e-07 
4.5628814200536018e-07 
1.3189338153483059e-07 
-4.7280533370036408e-07 
-3.9684383524726542e-07 
1.6801151565828147e-07 
4.9663216926957072e-07 
1.0986970956076857e-07 
-4.0371636656207705e-07 
-3.9508678711736183e-07 
2.1838975307103458e-07 
4.3955690531374164e-07 
2.1074474932601058e-07 
-4.2045441187019432e-07 
-4.1744061541592459e-07 
-1.0981139863162255e-08 
4.6256996534392214e-07 
2.8669041077197803e-07 
-2.3438404302818255e-07 
-4.5347071591210689e-07 
-1.7269443724375247e-07 
3.4494241032943792e-07 
4.4287993079705866e-07 
2.1506880611582832e-08 
-3.7404172943240328e-07 
-3.5140265040661405e-07 
1.6116599866792041e-07 
3.7260399910048838e-07 
3.44501199471194e-07 
-2.0167483236887479e-07 
-3.6064047788282397e-07 
-2.0787550371059457e-07 
3.042495534401493e-07 
3.0335715719240136e-07 
-1.5061630761341396e-07 
3.4853825415586496e-07 
3.0627110898623948e-07 
6.2551901841634887e-08 
-3.5099681241349177e-07 
2.2996055970148915e-07 
-2.6806615496808414e-08 
-3.6101954783067625e-07 
-2.4079497224546185e-07 
-4.3938853193278046e-08 
-3.4194772364327209e-07 
-1.5587775678702151e-07 
1.1355435429056597e-07 
-3.2363736239479615e-07 
-1.7020355663927817e-07 
1.10935201513096e-07 
-3.1274446455445556e-07 
-8.6836531813476802e-08 
1.4952326992485686e-07 
-2.8287478495822596e-07 
-1.0533331447264079e-07 
1.4715767091750492e-07 
-2.820902726325617e-07 
-3.1451648752963668e-08 
1.6068764501903209e-07 
-2.5282251833685551e-07 
-5.3126837195280383e-08 
1.6376496817169048e-07 
-2.6095208271452925e-07 
5.0827078685506306e-09 
-1.5824247147272386e-07 
-2.4111077700922719e-07 
2.4442467840229884e-08 
-1.6672539546128129e-07 
2.5767974032133235e-07 
-8.7500529951619903e-09 
1.4728582403001221e-07 
2.4874736370130095e-07 
-3.6358732000817468e-08 
1.5555522811653334e-07 
-2.6712451535551444e-07 
-3.8059325696779935e-08 
-1.2142335870719767e-07 
-2.5870425202834852e-07 
1.0011511123592287e-07 
-1.0428064321781198e-07 
2.609303732533219e-07 
1.0810599640959869e-07 
4.3100334052740383e-08 
-2.503892711145105e-07 
-1.5112440317200831e-07 
2.6886107228256253e-08 
-2.2151236412355106e-07 
1.3823204958376437e-07 
1.3958664617217292e-07 
1.5444049006106507e-07 
-1.4911863593176419e-07 
-1.4433327302483308e-07 
-8.4587313736355121e-08 
1.4155300149220592e-07 
1.8187572336137237e-07 
-1.7177987621381804e-08 
-1.0715718121119919e-07 
-1.5929545666625103e-07 
7.2564316264278722e-08 
1.041386462870585e-08 
1.6639481749680163e-07 
-5.7253338778802847e-08 
1.0613353714576326e-07 
-8.2726352093307418e-08 
7.5731559618374942e-08 
-8.924036649258558e-08 
-4.9268650049257282e-09 
-8.0306526862905663e-08 
1.1146025558361792e-07 
-2.7967568015847924e-09 
-4.1739391917648221e-08 
-9.5396713412723906e-08 
1.9345260989280692e-08 
-4.2377434029746992e-08 
4.497793940418272e-08 
-7.0837240507727892e-08 
6.6942853870105319e-08 
3.7287909232797043e-08 
1.6393617009277259e-08 
-7.8076117230688846e-08 
-2.1044283203834539e-08 
-1.4792214760751661e-08 
-6.6383515678777537e-08 
6.4952744210169372e-08 
4.6709399928797563e-08 
6.8019566561342164e-08 
4.7142673912518628e-09 
8.3914397892612747e-08 
3.2008625942316235e-08 
-5.1578900817739465e-09 
-8.768683346068858e-08 
5.6250315946156927e-08 
-7.3396056898021507e-08 
-7.9301975317851528e-08 
1.9841346984998454e-08 
-9.1717773693962181e-08 
-4.0421951181080203e-08 
-3.0208481699718538e-08 
6.9917390300917708e-08 
-9.3006904559273967e-08 
7.4728985007121011e-08 
-1.0504784583105641e-07 
-6.1272818589518319e-08 
1.9659770451427882e-08 
1.5443999276399666e-07 
-4.0954871582473838e-09 
7.185055471020074e-08 
1.6929697766492444e-07 
7.5528255503241668e-09 
1.9763454574223395e-07 
6.936656013144933e-09 
1.1177112639440603e-07 
1.552757438562904e-07 
3.7266528330218363e-08 
-2.0387910992027482e-07 
-2.7794314049719423e-08 
-7.3752849763964168e-08 
-6.5402295929928916e-08 
5.3315014371305239e-08 
-7.8508645325662041e-08 
7.7717287750603304e-09 
-5.083916066734858e-09 
-4.8443015718293701e-08 
2.2973394129957366e-08 
-6.7025486772732669e-08 
-4.6703661440302166e-08 
-2.5347808613158245e-08 
-9.8722667037093822e-08 
1.0881717448947839e-08 
-7.6882327376136198e-08 
1.4894352441340225e-07 
2.0248606914996166e-08 
9.7824261707803161e-08 
-3.1249501933607578e-08 
