342
-1.4839035199082563e-09 
-6.5058329606464648e-09 
-5.9103335106268647e-09 
-8.3945587231628521e-09 
-6.2680550174390407e-09 
-8.1983738011919491e-09 
-5.0099094456967748e-09 
-6.2411204116682062e-09 
-4.0661092754572856e-09 
-4.9060996393241371e-09 
-3.4147777431578169e-09 
-4.1182225566207667e-09 
-2.9325740905171436e-09 
-3.5045789876844851e-09 
-2.6093243891887982e-09 
-3.1511363491102998e-09 
-2.3149046868635275e-09 
-2.8159973162833462e-09 
2.115058748027637e-09 
2.5654763065349243e-09 
1.9471484175472104e-09 
2.373375175521013e-09 
1.7904172408364599e-09 
2.1601082820470268e-09 
1.6341319527414842e-09 
1.953706248914186e-09 
1.5523359502770763e-09 
1.8728782383803227e-09 
1.5037552442502172e-09 
1.8258956292730229e-09 
1.4442146127867471e-09 
1.7315429616380541e-09 
1.3132276896516212e-09 
1.4198048941549326e-09 
-1.1566213238033378e-09 
-1.5517114723267337e-09 
1.3489962156877982e-09 
1.5788859629347724e-09 
1.196740379056756e-09 
-1.3601274430152618e-09 
-1.1494031036624974e-09 
1.3884565652210862e-09 
-1.1809692201588554e-09 
-1.3401581722855426e-09 
-1.0747166233610317e-09 
-1.2363042210765006e-09 
-1.0338538315945925e-09 
-1.1951079151833937e-09 
-1.0562536085635962e-09 
-1.2304822574173866e-09 
-9.5605250144207007e-10 
-1.0701014233828725e-09 
-9.9123869575719396e-10 
-1.1252820123165715e-09 
-8.7334759182392333e-10 
-1.0556621449474008e-09 
-9.931934893506384e-10 
-1.0341984731320015e-09 
-8.5826122277104983e-10 
-1.0753031506481694e-09 
-8.0103396265871889e-10 
-6.9634500246348835e-10 
-9.1437252034223189e-10 
-1.1658651114201783e-09 
6.4472042964495007e-10 
6.2724088126262812e-10 
1.3530206820911768e-09 
-1.1866096489908934e-09 
5.0103751917652136e-11 
7.7933408977140684e-10 
1.6437841126904308e-09 
6.7802151829750622e-10 
-4.6686844411603009e-10 
-1.5399768982596936e-09 
-4.649253866577374e-10 
1.2010115403063066e-10 
-3.1062524538298058e-09 
7.9703290309325956e-10 
-7.1133319720484137e-10 
-7.9801584867412814e-10 
-3.2706157528189151e-10 
1.8803643884127506e-09 
-6.2532336328764686e-10 
1.1041930293976716e-09 
5.8757901474671639e-09 
-4.1044505324523229e-10 
-4.4742984792126138e-09 
2.8680767335254611e-09 
-4.8808763001971695e-09 
-9.988925281827923e-10 
3.23235477302009e-09 
-7.2550042092246627e-10 
3.229453816861438e-09 
-2.6515769412378337e-09 
6.4388681185946917e-09 
-1.3909593151339047e-09 
-1.2200013372236819e-08 
-3.6588184687552561e-09 
7.9490654831137182e-09 
-7.0118703911897632e-09 
1.0771197324602652e-08 
9.0997338257184183e-09 
1.8283756989019603e-08 
2.084944764380969e-08 
-2.2726370302258367e-08 
-2.7951033816039208e-08 
-1.3554500354402609e-08 
-3.3175774197378806e-08 
1.0394300372159165e-08 
4.0305408496959405e-08 
2.3922062889681552e-10 
4.1557713033075146e-08 
9.3935597312911837e-09 
4.0668140733733889e-08 
-2.0789413341797366e-08 
-3.3340796833533778e-08 
3.3291342240365636e-08 
3.0209156404627116e-08 
-4.017284807862495e-08 
-1.3224547421283272e-08 
4.1700178524319694e-08 
-6.1912854352611501e-09 
-4.500451342437449e-08 
2.3546555799058433e-08 
3.301705410000445e-08 
-4.0391464578737011e-08 
-2.2691133254169792e-08 
5.0948202651665432e-08 
-8.5267472366854514e-10 
-5.6231269428275104e-08 
2.9217829154812267e-08 
4.3790516130582751e-08 
-5.4187557354722413e-08 
-1.7769063732436836e-08 
6.2402691264579235e-08 
-1.8217339554817948e-08 
-5.8696495460733103e-08 
4.8733368791243084e-08 
3.7054310195411277e-08 
-7.1651050449179448e-08 
-3.619610248611015e-09 
7.8203803367213138e-08 
-4.2331692325560838e-08 
-6.7673129627568383e-08 
7.5942222115620517e-08 
3.0783874502395311e-08 
-9.1125774268522195e-08 
8.1740198546753438e-09 
8.8831952456562216e-08 
-4.57472663126433e-08 
-8.0048271429531632e-08 
7.2582250850377273e-08 
6.0760540812676612e-08 
-9.4173502580034266e-08 
-4.7659812767486175e-08 
1.0759285244259023e-07 
4.0686825203557925e-08 
-1.1814766137754775e-07 
-5.2184233362155406e-08 
1.2041622022693748e-07 
7.3860891668488597e-08 
-1.0849035091184163e-07 
-1.0353753643537055e-07 
7.4568430652995971e-08 
1.2910195848431813e-07 
-2.2814848977727855e-08 
-1.4106006469771815e-07 
-3.9163541349948468e-08 
1.1835049746603259e-07 
8.9150225340238533e-08 
-5.6647193305857221e-08 
-1.2658543094139905e-07 
-5.5906190345817114e-08 
1.0603330825838426e-07 
1.0605007302631727e-07 
-2.9781493391496837e-08 
-1.2146050651286115e-07 
-5.5336075451871319e-08 
8.6245736692182009e-08 
9.9688039857565519e-08 
1.5786291805317617e-08 
-1.07723041625655e-07 
-9.7929588172617816e-08 
1.7502072466536056e-08 
1.0527139326926027e-07 
6.8390944248556421e-08 
-5.9123364920515957e-08 
-1.000735320223839e-07 
-5.5394995827111899e-08 
7.6417671793887586e-08 
9.9927384004492605e-08 
3.5528037904249521e-08 
-8.0851432079976248e-08 
-9.6305966527993803e-08 
-7.3628605835248135e-09 
9.5012563112943818e-08 
9.9948274388027187e-08 
9.917256641043469e-09 
-8.634741210287297e-08 
-9.6971354804348127e-08 
1.1064538678198487e-08 
1.0009437095907287e-07 
-1.0001310087627729e-07 
2.3637418258612201e-08 
9.1125178747397574e-08 
9.94679205260086e-08 
-2.2651286490435187e-08 
1.0704400730725881e-07 
9.7530652111357076e-08 
-4.688840669451998e-08 
-9.7226895059514815e-08 
1.0519459377886203e-07 
-2.7142209859289477e-08 
-1.1496546131721927e-07 
-1.0191399961601446e-07 
-5.2902023095473567e-08 
-1.0461844725440634e-07 
-1.1246498105608571e-07 
-2.4860470457553272e-08 
-1.2342819617699032e-07 
-1.1182156666004501e-07 
-4.7820349086204147e-08 
-1.1047476410508572e-07 
-1.2223268603581296e-07 
-1.3631898990887613e-08 
-1.2753726069956555e-07 
-1.2767952110240986e-07 
-2.9506078464671751e-08 
-1.0956945846776783e-07 
-1.3432198428513712e-07 
1.0406295635720318e-08 
-1.2240941911062505e-07 
1.4301465277751134e-07 
6.2056605695320128e-09 
9.5527734216494628e-08 
1.4377343736723973e-07 
-4.9879877778543118e-08 
9.8808792910782958e-08 
-1.4622490050023999e-07 
-5.3449166718865332e-08 
-5.7608627870150475e-08 
-1.4111676402878226e-07 
9.2616624112085343e-08 
-4.4496336265306592e-08 
1.2905408072754276e-07 
9.0798000969563599e-08 
-1.3346348185910162e-08 
1.1152600637551341e-07 
-1.1020357880314333e-07 
-2.6730878784586876e-08 
-7.7403941148443524e-08 
1.035479153050915e-07 
7.0891559964189567e-08 
3.0818056194350839e-08 
9.7712064075849262e-08 
-6.4579143590045323e-08 
-2.9223475177290066e-08 
-7.4159466013030906e-08 
7.8917735715162925e-08 
4.1159814285330579e-08 
3.0190406548330628e-08 
-7.1149543713476572e-08 
-5.9440286606886507e-08 
1.8624755733617166e-08 
5.2321859910870242e-08 
5.4196387448257524e-08 
-4.8245880934432999e-08 
2.8239397002038673e-09 
-4.8486625146997604e-08 
4.3020319013220937e-08 
-3.9554607983353162e-08 
9.7932895130227031e-09 
-4.3462870347149434e-08 
3.830070694014837e-08 
3.531590084773677e-08 
7.4334077798724776e-09 
-3.5384841913570404e-08 
3.3780950858712268e-08 
3.0745111749222215e-08 
1.0265349962018962e-08 
-3.1887811028440987e-08 
3.265146503122825e-08 
3.1582743799674779e-08 
1.4161777149548999e-11 
-2.5956184754288994e-08 
2.9834732311310472e-08 
-2.9446296420526417e-08 
-4.4519538002431515e-09 
-2.3753684827657784e-08 
2.925373159351974e-08 
-2.9374260966549183e-08 
2.0701592681939639e-08 
-1.6362530279547513e-08 
2.658735831893761e-08 
-2.5960950923342014e-08 
2.4946612328654882e-08 
1.003189664852582e-08 
-2.5545464454060972e-08 
-2.5105476558581735e-08 
3.4261970432902158e-08 
-1.3177631424589632e-08 
-2.1637096443771968e-08 
2.1401801338945367e-08 
-2.9480832623104204e-08 
-2.7352045503170589e-08 
-1.0589703640660229e-08 
1.9807584397753987e-08 
-2.8861747312771475e-08 
3.1571790256466785e-08 
-3.1363945526019095e-08 
-4.5444030866573057e-09 
2.4892636191009983e-08 
2.5717695056915619e-08 
-3.3850384289865559e-08 
1.9992945248761647e-08 
1.672059762438174e-08 
-2.3976629650221491e-08 
3.3096179871828773e-08 
-3.6297302212760854e-08 
2.6081826452777001e-08 
2.5145148917818048e-09 
-2.6196022373658452e-08 
-2.7627240021113256e-08 
3.0158840230168333e-08 
-2.3989555868471482e-08 
-2.1852576017939579e-09 
2.2640376051254639e-08 
-2.7713720277816536e-08 
2.7898834788064506e-08 
-2.2852680191824392e-08 
1.8350650147721121e-08 
9.549524762961946e-09 
-1.8493537860792254e-08 
2.0150419640448702e-08 
-1.924538960183372e-08 
1.9419630333092394e-08 
-1.0983231115871583e-08 
-8.9927901820361128e-09 
-1.4362462692086345e-08 
1.875031753123959e-08 
-3.0215095054189704e-08 
3.4057638078193572e-08 
