342
-3.3806331597134396e-09 
1.5296869294393358e-08 
-2.6153426586523328e-08 
2.8198843108754073e-09 
-1.6432617974863182e-08 
4.8896857734340418e-09 
-1.0980044040980353e-08 
4.8064417715670259e-09 
-7.9881466023774946e-09 
3.7477189205684684e-09 
-6.3817266539645694e-09 
2.8435607921276244e-09 
-5.3656502532629993e-09 
2.1563337080283736e-09 
-4.5765866084121662e-09 
1.7518830386736116e-09 
-3.900704639429673e-09 
1.4139307395953723e-09 
3.442291007734523e-09 
-1.1313297963868674e-09 
3.0378530424312179e-09 
-8.6158948448292506e-10 
2.6607844476289891e-09 
-6.2930997702007759e-10 
2.3213518132255048e-09 
-4.492102477297594e-10 
2.1169280299484614e-09 
-3.1206554259961817e-10 
1.9405672913285718e-09 
-1.8189030666764483e-10 
1.7671265730035183e-09 
-5.9577896468180805e-11 
1.5334572556048906e-09 
2.7677179480382124e-11 
-1.300092215069068e-09 
-1.0124897367345875e-10 
1.4396503998021165e-09 
2.1313902398894057e-10 
1.1872154933494149e-09 
-2.6553012118317834e-10 
-1.0834724881370854e-09 
3.4327305880395838e-10 
-1.0454198875868267e-09 
-4.0697095384494511e-10 
-9.0329745214639636e-10 
-4.2522611964763592e-10 
-8.185666261841273e-10 
-4.7337006687808605e-10 
-7.9211457374749902e-10 
-5.3641396548979462e-10 
-6.7668539842533385e-10 
-5.3577880812001312e-10 
-6.4314081636430654e-10 
-5.8226752843022798e-10 
-5.7103786001624914e-10 
-6.0349457920188308e-10 
-5.4369850808301449e-10 
-6.457008690868198e-10 
-4.9300801020904867e-10 
-6.7620333963945843e-10 
-4.0780185378652399e-10 
-5.1262574412122098e-10 
-4.0441726801024157e-10 
-8.1079378751266663e-10 
3.445027973896448e-10 
4.7131313617989839e-10 
4.7684035131680069e-10 
-9.9607741512796205e-10 
4.4034718660039424e-11 
4.6565281614612586e-10 
7.7882922986722404e-10 
8.5097465895482885e-10 
2.7478832122291597e-10 
-1.1624938549700849e-09 
2.6604963290031472e-10 
-2.7220079461440679e-10 
-6.9438885120368889e-10 
1.5760015069440749e-09 
-1.8757740700419438e-11 
3.6037271907463541e-10 
6.5547788340957444e-10 
4.0626994022481411e-09 
-3.3401322915989746e-10 
1.2394535785432074e-08 
8.0532373354483592e-09 
-2.0647492477711651e-08 
-1.2072101466646989e-08 
-9.6853696678983222e-09 
-1.2354339907185326e-08 
9.2923126468547848e-10 
-2.1422345220249347e-09 
-3.6026837372882475e-10 
-1.3362379085074038e-08 
-2.9009824871579562e-08 
-1.3538345209046875e-08 
-1.0652127854154491e-07 
-1.005203531599143e-08 
1.4446098507945726e-07 
2.3163622435566881e-08 
1.0826033120654159e-07 
5.0292908118998914e-08 
-1.7558572385107745e-07 
1.3588310311400442e-07 
-2.5061053775950854e-07 
-2.0551227717269357e-07 
2.08965381469959e-07 
-2.1502839213995163e-07 
1.2298986160094792e-07 
2.7823698460493436e-07 
-6.3324862395549267e-08 
2.9187681563013246e-07 
2.4157297049885914e-08 
-3.0781362269307217e-07 
1.0257923883262657e-07 
2.4808939885333099e-07 
-1.8704291787339492e-07 
-2.0312877010739756e-07 
3.0138695120534967e-07 
9.8942774342802547e-08 
-2.8226567488122325e-07 
4.3022450957216791e-08 
3.1210474446433864e-07 
-1.5205588758888251e-07 
-2.5034390636483867e-07 
2.4465486242572561e-07 
1.4600414798756838e-07 
-3.330730411413821e-07 
-2.3101330146555671e-08 
3.5153284146440229e-07 
-1.2575234006213515e-07 
-2.6969650533858762e-07 
2.6355898555365428e-07 
9.4899188222642572e-08 
-3.4747432126929039e-07 
8.5541804331131877e-08 
3.1077564836101039e-07 
-2.3675562249534313e-07 
-1.8886934209888257e-07 
3.3944905769170522e-07 
1.8278332648025408e-08 
-3.5662932383563264e-07 
1.4564180763892446e-07 
2.4621401235962655e-07 
-3.0993435786846341e-07 
-5.7782623845390998e-08 
3.7183391388402639e-07 
-1.0997893411387164e-07 
-3.3178059762549229e-07 
2.4296476950118912e-07 
2.271502513197267e-07 
-3.4213099410118858e-07 
-1.1722352682214302e-07 
3.8449709972635166e-07 
1.398825376233344e-08 
-3.9342909740566452e-07 
4.9765798053389174e-08 
3.9312253595146359e-07 
-7.8476681612317553e-08 
-3.9615910306769026e-07 
6.0023332009367226e-08 
4.1450413623092949e-07 
7.5209443788635406e-09 
-4.070471523686978e-07 
-1.154073872670761e-07 
3.833146714789379e-07 
2.4195481835584466e-07 
-2.9964901925880001e-07 
-3.5191630896598913e-07 
1.5013173766897914e-07 
4.0234501203125023e-07 
7.9445529913225377e-08 
-3.9236808481890785e-07 
-3.3725929781221956e-07 
1.7217606046658683e-07 
3.9958055695269219e-07 
8.9061876186552714e-08 
-3.5465088244953414e-07 
-3.0158931155859423e-07 
1.8088638582163775e-07 
3.7680020742637933e-07 
1.5445876776624715e-07 
-3.2942181880861997e-07 
-3.5413556079225068e-07 
6.4040351509342933e-09 
3.5731796577235148e-07 
2.4844341476172854e-07 
-1.9535934903007064e-07 
-3.4371102569561068e-07 
-1.5595969696550161e-07 
2.8633454276826477e-07 
3.3402517652683989e-07 
4.1905712925801458e-08 
-3.0617067411973748e-07 
-2.648729330151844e-07 
1.0180580898641322e-07 
3.1327528904357907e-07 
2.6076454317919228e-07 
-1.2548086640540829e-07 
-2.9929670153159024e-07 
-1.62979911964718e-07 
2.0517159426875187e-07 
2.6564218803165181e-07 
-1.2596141013350081e-07 
2.358474762173304e-07 
2.6354938935960276e-07 
6.3428485842502859e-08 
-2.3813148906300033e-07 
2.1727791551303277e-07 
3.7245477812903111e-09 
-2.4983182028809178e-07 
-2.2191851175977907e-07 
-7.0822129330751892e-09 
-2.3176967594056005e-07 
-1.7091869881117787e-07 
5.428088911146973e-08 
-2.2692337234941827e-07 
-1.7917429166136926e-07 
4.982601910627972e-08 
-2.1183660775071685e-07 
-1.2984423447374188e-07 
7.579234990802099e-08 
-1.9991820377053176e-07 
-1.4144026440278879e-07 
7.0295428932981644e-08 
-1.8904734936896163e-07 
-9.8441755797624166e-08 
7.6643982201255474e-08 
-1.7669797563380291e-07 
-1.1165045754057954e-07 
7.4799497318545278e-08 
-1.684094569488508e-07 
-7.8606758211583582e-08 
-6.5469532628495826e-08 
-1.5918261053309021e-07 
9.4200332686600959e-08 
-6.8542084939307876e-08 
1.5112360045747072e-07 
7.4776532267408558e-08 
4.9446167716014607e-08 
1.4560066894397414e-07 
-9.4565263589089353e-08 
5.2966368702835565e-08 
-1.3381590293764125e-07 
-9.1637734401924946e-08 
-2.6696479607039562e-08 
-1.3061953315255171e-07 
1.1202782443578414e-07 
-1.2874763105597925e-08 
1.1092681135985837e-07 
1.1057975817850669e-07 
-2.1978001380203097e-08 
-1.0831400321797342e-07 
-1.1383620759314141e-07 
5.8696482449227477e-08 
-7.3287968331900812e-08 
1.0841667064253322e-07 
9.8952836347654694e-08 
2.8447828490243763e-08 
-9.5230849962778645e-08 
-9.8398250553981728e-08 
1.7642878143970655e-08 
8.7660916101922091e-08 
9.8674720801157e-08 
-6.7849113480837867e-08 
-3.5850219851407535e-08 
-9.2333891019992333e-08 
8.2459035748354011e-08 
-3.6800922504006132e-08 
6.7654234809852707e-08 
-7.6286897833826814e-08 
7.7804909327356636e-08 
4.5551709040099549e-09 
6.5716146495244909e-08 
-7.1962534249473554e-08 
-5.986679579738292e-08 
-1.2201486268655624e-08 
6.7247866903876254e-08 
-5.6525295931121888e-08 
-5.5663456916730153e-08 
-2.3608509734805815e-08 
5.3101114045740914e-08 
-5.5186251149951347e-08 
-4.0122043062964317e-08 
-2.1714641582714312e-08 
5.4088850713106352e-08 
-4.0436283359320872e-08 
4.4758268782099377e-08 
-1.6659466967072948e-08 
3.7953652163123979e-08 
-4.3768883658199206e-08 
3.0161139079221022e-08 
4.7132901639612698e-09 
4.2892396977477594e-08 
-2.726644252365025e-08 
3.8109934536147484e-08 
-1.5352823430558618e-09 
-2.3215135373349514e-08 
3.5104829992643189e-08 
1.9185429612168741e-08 
-1.791495204520324e-08 
-2.6060551027946542e-08 
1.7894605306763182e-08 
-2.9326895597825496e-08 
1.1344294601578209e-08 
2.5300226311513728e-09 
2.3261570292213842e-08 
-1.4813669614724023e-08 
1.3563755261521075e-08 
-1.0195446697101925e-08 
-1.5531864586395363e-08 
1.5195240055849649e-08 
-1.8532118434815289e-08 
-1.5890825120558564e-10 
1.0635989229408218e-08 
1.7552169091763978e-08 
2.6397736614534941e-09 
1.8221014037511396e-08 
1.3825130837231189e-08 
7.0969001994180191e-09 
2.4241750758453513e-08 
4.1526976697872658e-09 
1.5812485488880198e-08 
-2.0998317908754679e-08 
-5.5854879024950206e-10 
-1.5523524187842627e-08 
7.3903847186472754e-09 
3.4940848815551027e-09 
-1.1370786529749138e-08 
9.1279284047614115e-09 
-8.7241877936469547e-09 
8.6491014956095233e-09 
-9.3460722690359683e-10 
-1.2903161419734314e-08 
6.7336812979085212e-09 
-1.1550777615373139e-08 
1.774692421309191e-09 
-6.4999494320491954e-09 
-1.6019837624369603e-08 
9.0373746170213393e-09 
1.2831131555976483e-08 
1.9091545224595529e-09 
1.1032454455307576e-08 
