342
9.4189330074026527e-09 
3.8721341501343569e-09 
-1.5687904313390528e-08 
-5.9108226765978425e-09 
-1.0277747983714462e-08 
-3.2010802307632779e-09 
-5.7960054140212088e-09 
-1.1234644875975868e-09 
-3.7435150324775423e-09 
-6.7902543059327947e-10 
-2.9048228258112354e-09 
-6.7882508544577357e-10 
-2.4833031909348206e-09 
-6.6852627252201165e-10 
-2.1286622944768942e-09 
-6.00151538085626e-10 
-1.8158821069510355e-09 
-5.3577543835521147e-10 
1.6092577169286884e-09 
4.8733381773691157e-10 
1.4416500951513031e-09 
4.8419508684439446e-10 
1.290078608855717e-09 
4.6311309018890192e-10 
1.1475787190635366e-09 
4.3085222154555144e-10 
1.0723986864219007e-09 
4.2619903105009432e-10 
1.0031161731757638e-09 
4.2999970582255098e-10 
9.3780565048160683e-10 
4.2181565623682452e-10 
8.397335588267602e-10 
3.5283354268480308e-10 
-7.2910200873156212e-10 
-3.924981882494144e-10 
8.3451756546825985e-10 
4.1540270735670285e-10 
7.1265071234799071e-10 
-3.6891131209252646e-10 
-6.7420405288615812e-10 
3.8455915180124007e-10 
-6.7713103760444245e-10 
-3.812778958673825e-10 
-6.0866993657936598e-10 
-3.4942504688231794e-10 
-5.7348727503142129e-10 
-3.4999326566466326e-10 
-5.7745602160163533e-10 
-3.6089523634399772e-10 
-5.212125872433697e-10 
-3.3544356595605493e-10 
-5.1548711863174032e-10 
-3.380516265758307e-10 
-4.7732026463460993e-10 
-3.2986824358219915e-10 
-4.9008528371426426e-10 
-3.383180228848933e-10 
-4.551210135160841e-10 
-3.4138791497321482e-10 
-4.0806854449931507e-10 
-2.1201708890065693e-10 
-4.2942154434012014e-10 
-4.3202304717919465e-10 
3.5413060714886867e-10 
5.4581227867439575e-11 
6.2629960592426266e-10 
-6.7300914941122419e-10 
1.0151629900750803e-10 
2.4668240974342857e-11 
1.023146972173877e-09 
3.0291207466092614e-10 
2.2642674717643703e-10 
-9.1680058457079873e-10 
1.9534800242752323e-10 
-8.891629454452175e-10 
-1.2987733893959603e-09 
1.1116063065364165e-09 
-2.8060101772309317e-10 
7.6855474738479577e-10 
1.6134860416468529e-10 
3.5902083194611205e-09 
5.6314448502928592e-10 
1.2123466447376819e-08 
1.181842172972999e-08 
-1.7804229952419329e-08 
-1.4196083519087148e-08 
-7.3090110940193482e-09 
-1.3964711935948833e-08 
-6.7049618549459132e-10 
3.0376637638440097e-10 
1.0418542704067364e-09 
-7.5217576913440082e-09 
-2.6986530639539575e-08 
6.3052165100995746e-09 
-9.1983237732592943e-08 
-4.4754575148415869e-08 
1.1582355910080137e-07 
4.9188295189913616e-08 
8.3245076840060238e-08 
7.4170627475280013e-08 
-1.291919950789203e-07 
1.6435838737388074e-07 
-1.7126460550743771e-07 
-2.2760898519577375e-07 
1.2186551124697973e-07 
-2.1435760259751949e-07 
4.7093787960211001e-08 
2.5501224942099503e-07 
1.6387081714514695e-08 
2.4610566540294487e-07 
8.6325392868584397e-08 
-2.3959241346202392e-07 
1.5182913475339794e-07 
1.7133600104631147e-07 
-2.0242815326952982e-07 
-1.1280464049566173e-07 
2.8841001022514089e-07 
2.1008441863056137e-08 
-2.4223649118600622e-07 
9.4121339472785215e-08 
2.4237140889019663e-07 
-1.8277822422958658e-07 
-1.672194168300522e-07 
2.3893252365988597e-07 
6.5599503099192245e-08 
-2.9114935572208712e-07 
4.6446469951818247e-08 
2.7475092684860829e-07 
-1.6371024762860422e-07 
-1.7754209795448874e-07 
2.5672367057502892e-07 
1.6608009830136021e-08 
-2.8886343386898843e-07 
1.2979988476230005e-07 
2.2593130327567206e-07 
-2.3921431569555875e-07 
-1.0100710327164069e-07 
2.9552456717270497e-07 
-4.5586895236935298e-08 
-2.7770793680539042e-07 
1.7553041161755078e-07 
1.5569748488832874e-07 
-2.8586061327626604e-07 
1.0774424987779089e-08 
3.0440164324536361e-07 
-1.4480828806974752e-07 
-2.4244314764416271e-07 
2.3965900702398772e-07 
1.416764497891497e-07 
-3.0467947883056733e-07 
-4.2576156597537249e-08 
3.1987779644431254e-07 
-4.0420253217099499e-08 
-3.1687262439228578e-07 
9.1903272338547336e-08 
3.0913615790449779e-07 
-1.104564126450101e-07 
-3.1445214665756752e-07 
9.5383237701909827e-08 
3.3115354885758656e-07 
-3.5464666923199817e-08 
-3.3394435377864388e-07 
-5.5120950465230648e-08 
3.1984328714777723e-07 
1.67134109472059e-07 
-2.6087545444321498e-07 
-2.6210906090110572e-07 
1.4225627303602255e-07 
3.1373228485634577e-07 
4.0535647077151337e-08 
-3.1133804499652307e-07 
-2.550508435953408e-07 
1.4849880479855536e-07 
3.0709046298385366e-07 
6.0075733295229124e-08 
-2.7711276632279579e-07 
-2.2597100937355949e-07 
1.397570759740866e-07 
2.8822199437279561e-07 
1.1816161010439984e-07 
-2.4635915417960782e-07 
-2.7070397684606583e-07 
-2.2929054226583479e-09 
2.6463869400731804e-07 
1.9730531721614896e-07 
-1.3487029041852291e-07 
-2.5913813061228901e-07 
-1.3506863045101673e-07 
2.0320365197113527e-07 
2.5142965006403931e-07 
5.7719436624402846e-08 
-2.1933109994124727e-07 
-2.1191020399410385e-07 
4.4591818701738323e-08 
2.366798425313929e-07 
2.1057407789948465e-07 
-5.7803922822728853e-08 
-2.2292916698109366e-07 
-1.5329589602050115e-07 
1.1985811131672091e-07 
2.142578866276057e-07 
-1.3321611999941163e-07 
1.4643449816185239e-07 
2.0783690686237781e-07 
9.5438302136115913e-08 
-1.5043446181501257e-07 
1.9193104873542795e-07 
5.8593396923802688e-08 
-1.7301408045982022e-07 
-1.8997895467209346e-07 
5.5163497522363378e-08 
-1.5388285467885935e-07 
-1.7161586327086967e-07 
-2.4228305445628638e-08 
-1.6800778822046648e-07 
-1.7291738436618802e-07 
-3.1810150064914117e-08 
-1.4609929286333163e-07 
-1.5517346680664645e-07 
-1.4592486105005259e-08 
-1.5453300940070818e-07 
-1.5825927752017803e-07 
-2.3560972402381347e-08 
-1.3155845990362736e-07 
-1.4310205334016633e-07 
-2.2640684871808945e-08 
-1.3621647209906561e-07 
-1.4576648149900496e-07 
-2.8241527366302413e-08 
-1.1067701319344361e-07 
-1.3464561663168502e-07 
4.1207271563772719e-08 
-1.1071574249502059e-07 
1.3471869340947688e-07 
4.1168394726350414e-08 
8.0183668625688043e-08 
1.2714028634676281e-07 
-6.0000584807380895e-08 
7.6844838214144864e-08 
-1.2123171248840557e-07 
-5.7624348617180808e-08 
-4.0581917750629648e-08 
-1.1466369490292012e-07 
7.5879656763159571e-08 
-4.0936452727114498e-08 
9.4552908893132289e-08 
8.1437624797813044e-08 
5.3755359905198424e-09 
8.5849907673304317e-08 
-9.2375583168444336e-08 
-7.8848431131457483e-09 
-5.2069558554141428e-08 
9.5061941051784437e-08 
2.9421315284172361e-08 
5.3772098323299252e-08 
7.952527561902135e-08 
-5.9331549975627223e-08 
-2.1230488903516326e-08 
-7.100250141060341e-08 
7.667088654349997e-08 
1.6901753113608591e-08 
4.4065729769948378e-08 
-7.879644658066863e-08 
3.7841992782138153e-08 
-4.6756963980354124e-08 
5.3747139839409313e-08 
-7.3861955548110718e-08 
1.0697028799651723e-09 
-5.5318552802798548e-08 
5.9498923018440332e-08 
5.9359314362520595e-08 
2.4073519533561326e-08 
-5.852258175092122e-08 
-6.2381152856974523e-08 
4.2075838312307017e-08 
3.5046853499497902e-08 
-5.8991208463057251e-08 
-6.4481799813268527e-08 
2.9161733388282918e-08 
3.8698648066621393e-08 
-5.8770786661547782e-08 
-6.2906882197187713e-08 
2.3067544168354894e-08 
4.0486024375751489e-08 
-5.7123955838214313e-08 
6.0417433211511366e-08 
2.9169082106140717e-08 
3.8097689515357985e-08 
-5.5992920327850764e-08 
5.5584033698840997e-08 
-3.8210882994188219e-08 
3.467246807520937e-08 
-5.3427108696207403e-08 
5.3875928494183925e-08 
-5.0113839554002752e-08 
-2.0637438876088178e-08 
5.2123722069468621e-08 
5.0095380054365852e-08 
-5.8173347879390621e-08 
4.7573622401940928e-09 
4.7623016054517245e-08 
-4.9099849121906905e-08 
5.6551390797437864e-08 
4.3376011048167208e-08 
3.0540595357252923e-08 
-4.3091606866530904e-08 
5.4256284340374589e-08 
-5.4527589493825431e-08 
2.9529789945300786e-08 
3.0472997441146948e-08 
-5.1444039449009283e-08 
-5.1491415940649892e-08 
5.2264859758412108e-08 
-1.5947734988066103e-08 
-3.9938563565782752e-08 
4.7078814431841637e-08 
-5.0542668106071439e-08 
4.7571423980301017e-08 
-1.2287615273147125e-08 
-2.9675433066396009e-08 
4.761231183917446e-08 
4.4531256166470766e-08 
-3.4031758051387152e-08 
1.9529694284375376e-08 
2.3672963257763803e-08 
-3.7465411254985856e-08 
3.1199736717662412e-08 
-2.4076509338059254e-08 
9.0822227844358703e-09 
7.4907028884057951e-09 
-2.9919894263524045e-08 
2.2421987464166296e-08 
-9.9207498641436706e-09 
6.1692609248110452e-09 
6.921358488202203e-09 
-1.9856926432278004e-08 
1.6947797441592506e-08 
6.6453996228862662e-09 
6.2531060435031337e-09 
-1.9053383104922403e-08 
3.1464270616533415e-08 
