342
-1.490608977396794e-09 
-6.8847400205899663e-09 
-6.5418609413079384e-09 
-9.2385402784270965e-09 
-6.863984512115321e-09 
-8.6569318306867422e-09 
-5.1742554596544179e-09 
-6.2886294270539356e-09 
-4.0086898922647248e-09 
-4.8031474150906711e-09 
-3.2951847921815547e-09 
-3.9913775828358927e-09 
-2.814814212057293e-09 
-3.3833548156879106e-09 
-2.4932805339678497e-09 
-3.0257432769526266e-09 
-2.1987614257266914e-09 
-2.6900722203240649e-09 
1.9989976136200213e-09 
2.4388550269068673e-09 
1.8331528407264962e-09 
2.2500259942084059e-09 
1.6805709208936219e-09 
2.0430775781092073e-09 
1.5300588462507286e-09 
1.8440698965056454e-09 
1.4499136496979777e-09 
1.7636358286579393e-09 
1.4005912221069846e-09 
1.71505783281587e-09 
1.3418655193038844e-09 
1.623556973668245e-09 
1.218188208923155e-09 
1.3297145720628384e-09 
-1.0715452402985971e-09 
-1.451588602455347e-09 
1.2478827697055917e-09 
1.474667224654083e-09 
1.1046833972667798e-09 
-1.2684052219916362e-09 
-1.0597193915570818e-09 
1.2933789533034808e-09 
-1.0873159601135737e-09 
-1.24690016952055e-09 
-9.8850033521663777e-10 
-1.1486240603172515e-09 
-9.4973501245306136e-10 
-1.109698597831874e-09 
-9.6960713904411608e-10 
-1.1413481566035743e-09 
-8.7845247671252512e-10 
-9.9212247236884915e-10 
-9.0797706203114379e-10 
-1.0429709823092058e-09 
-8.0235163340663845e-10 
-9.7609075151063603e-10 
-9.0895650019398063e-10 
-9.5805978142954176e-10 
-7.8713802369501239e-10 
-9.9578373116378741e-10 
-7.3425872866849733e-10 
-6.3500145736850693e-10 
-8.3783899943404578e-10 
-1.0914668968935236e-09 
5.8091364820556663e-10 
5.3630044055353189e-10 
1.2782754519828972e-09 
-1.1665481472139946e-09 
1.2639676456283513e-10 
6.663584592315784e-10 
1.6098585530950594e-09 
6.1294864116041692e-10 
-3.3144938187791062e-10 
-1.5523191115969241e-09 
-4.8307847362808423e-10 
-1.1105376711795423e-10 
-3.0706877346577993e-09 
8.5408127398648104e-10 
-8.4543517923865755e-10 
-6.7759629618724939e-10 
-3.4712256302125254e-10 
1.9683506575589939e-09 
-1.8971729414807303e-10 
1.8300039601064494e-09 
7.5055940787239212e-09 
-1.1553840772339918e-09 
-6.1215001238594421e-09 
2.881672135539101e-09 
-6.1270196033180924e-09 
-1.542358926810983e-09 
3.6046619873636482e-09 
-5.7883640046406872e-10 
3.3023534431688978e-09 
-3.7112560466260674e-09 
9.5629034559655066e-09 
-3.5023398750001742e-09 
-1.958838764126245e-08 
-2.6168086068492244e-09 
1.4492692535971035e-08 
-6.738495541786327e-09 
1.7941860125295646e-08 
9.2243688953989093e-09 
3.1395504475804472e-08 
2.34359583646368e-08 
-3.8762436724050162e-08 
-3.4410567057631156e-08 
-2.6151740812775935e-08 
-4.2330854319696244e-08 
2.2015226947707834e-08 
5.3883405987261925e-08 
8.4276943720049685e-09 
5.6833877590891926e-08 
4.8341841731556718e-09 
5.8260641508750298e-08 
-2.1153536612884053e-08 
-4.9371121070516639e-08 
3.953222893992523e-08 
4.8122977856220213e-08 
-5.0484158070575481e-08 
-2.4322062046741565e-08 
5.6492814293176078e-08 
7.2316787439651802e-10 
-6.2973565630512839e-08 
2.3707926574388751e-08 
5.0073999020813961e-08 
-4.7481175145818025e-08 
-3.8214981367235329e-08 
6.4697939197861555e-08 
9.0998289571170269e-09 
-7.4487948675600316e-08 
2.8910153217539605e-08 
6.304807712186947e-08 
-6.4061865103678813e-08 
-3.2698503114877544e-08 
7.9597608649253563e-08 
-1.1790599049038861e-08 
-7.88767459621481e-08 
5.2571648794420266e-08 
5.6189054984255883e-08 
-8.4302123226296359e-08 
-1.6620356617063271e-08 
9.7134138837954831e-08 
-4.0358281702697875e-08 
-8.9192007530147381e-08 
8.5304356357064597e-08 
4.8750676683034862e-08 
-1.0730018801465605e-07 
-2.5216318584759753e-09 
1.0910101265089648e-07 
-4.2801029385568961e-08 
-1.0204423855350515e-07 
7.6261706859334397e-08 
8.2021638883318663e-08 
-1.0215318244343733e-07 
-6.7841504967102641e-08 
1.1781572945683311e-07 
6.0573830938595941e-08 
-1.2776262940995649e-07 
-7.2494978863321855e-08 
1.275518867402152e-07 
9.5100770307564716e-08 
-1.0987220119651348e-07 
-1.2393092204316216e-07 
6.9149058489294489e-08 
1.4725064668813461e-07 
-1.002835998332915e-08 
-1.5339747891558104e-07 
-5.6368393164731287e-08 
1.2190893992457071e-07 
1.0738032017446934e-07 
-4.8737928810245016e-08 
-1.41345052160389e-07 
-7.2596735220154202e-08 
1.0791273403851588e-07 
1.2206872223165748e-07 
-1.977277667161647e-08 
-1.3193518295016513e-07 
-7.0910108141927027e-08 
8.6093960837979135e-08 
1.1478992547546589e-07 
2.8720651167844178e-08 
-1.1487487591541274e-07 
-1.1221647432220624e-07 
9.3291692873998255e-09 
1.1494749311359346e-07 
8.3042485446027138e-08 
-5.7834976432472981e-08 
-1.1316054925080374e-07 
-6.8400462326680066e-08 
8.035673524453967e-08 
1.1205328218054083e-07 
4.6150297566316605e-08 
-8.6823510394657379e-08 
-1.0958684794183808e-07 
-1.3067495289913882e-08 
1.0522966688494577e-07 
1.1267955112635681e-07 
1.4836927651458642e-08 
-9.5134460010683492e-08 
-1.0929189070931126e-07 
1.0605422661246683e-08 
1.1120241736453389e-07 
-1.1166713919097248e-07 
2.5555776879590659e-08 
1.0090063636128617e-07 
1.096807915024022e-07 
-2.5852760609018075e-08 
1.1819288311626647e-07 
1.0607514751059855e-07 
-5.28720556604471e-08 
-1.0732099518463147e-07 
1.131576452252189e-07 
-3.2222722020680337e-08 
-1.2580795908390597e-07 
-1.0814900294710688e-07 
-6.0267616925685651e-08 
-1.1486959310734083e-07 
-1.1865169558325434e-07 
-3.0835277679217691e-08 
-1.3404348351085622e-07 
-1.1678519109711466e-07 
-5.5576242629710047e-08 
-1.2091980513110845e-07 
-1.2739293226827196e-07 
-1.9948169006987928e-08 
-1.3807611440781829e-07 
-1.3253090448484439e-07 
-3.701599849445695e-08 
-1.2016393733741894e-07 
-1.3949869094486683e-07 
4.5995862845976045e-09 
-1.3317838257701286e-07 
1.4901732093873378e-07 
-3.0124718900549322e-10 
1.0635557789633988e-07 
1.5006698296622724e-07 
-4.5894811587706827e-08 
1.0992104629459092e-07 
-1.5418804457895875e-07 
-4.9326593993866567e-08 
-6.8321451917927013e-08 
-1.4952419911791023e-07 
9.2219596914086251e-08 
-5.4997569906724218e-08 
1.3941755651115017e-07 
9.0278025181057906e-08 
-5.3470300586321073e-09 
1.2310868803763402e-07 
-1.1413370987554533e-07 
-1.9724934096614131e-08 
-8.9814208640615412e-08 
1.0758112066549378e-07 
6.8936049094735654e-08 
4.2969839851299663e-08 
1.0679909018494255e-07 
-6.2490954278817033e-08 
-2.1892389536452822e-08 
-8.6314714047348093e-08 
8.2145315149071939e-08 
3.5187602994412507e-08 
4.3714169785870023e-08 
-7.5629389778909916e-08 
-5.9426677599005136e-08 
9.1106206662181518e-09 
6.4065941975875814e-08 
5.343562968708143e-08 
-4.5836421404549817e-08 
-1.0196234563533539e-08 
-5.6665044351965542e-08 
4.0279798427244963e-08 
-3.5665227698332679e-08 
2.3457162675612082e-08 
-4.7717260469908481e-08 
3.4346082611212359e-08 
2.9385173597021293e-08 
2.1508686478584971e-08 
-3.7838626750237799e-08 
2.8952430674368548e-08 
2.350911959989797e-08 
2.2972885673828477e-08 
-3.301034999929881e-08 
2.7450627977929259e-08 
2.3515697440361173e-08 
1.3183201119329167e-08 
-2.7180986818521096e-08 
2.4517744951049138e-08 
-2.2713188175561839e-08 
8.7442872554643205e-09 
-2.481527125384302e-08 
2.4217615868863923e-08 
-2.3625143600777078e-08 
5.8685577423212575e-09 
-1.9063677839581702e-08 
2.1914562347516092e-08 
-2.15298078538649e-08 
1.081940152546503e-08 
1.5350230997262455e-08 
-2.1458465381067112e-08 
-2.0973729107997742e-08 
2.2061333799790242e-08 
-1.3328765081283223e-09 
-1.8645574098871407e-08 
1.8382558930053129e-08 
-2.0450016338775472e-08 
-1.2893035067858898e-08 
-1.3492393783425907e-08 
1.7659291177982606e-08 
-2.1410646530836407e-08 
2.2340299547370107e-08 
-1.620299497406279e-08 
-8.1471530543550415e-09 
1.8803215991651593e-08 
1.9014929818986494e-08 
-2.0510727071355607e-08 
7.3692329737426539e-09 
1.5289663555450466e-08 
-1.8685815778708742e-08 
2.2381382750461046e-08 
-2.3014169133591834e-08 
1.3091407583183855e-08 
5.611905314253114e-09 
-1.8091859456444776e-08 
-1.8256341223964069e-08 
1.7039127367503884e-08 
-1.1750653474246983e-08 
-6.5426532661640172e-09 
1.6999620451228538e-08 
-1.7150716389254085e-08 
1.6281409340175473e-08 
-1.1481350844575057e-08 
7.4755239854583078e-09 
8.1121386222953113e-09 
-1.1006799995536806e-08 
1.0564737142033439e-08 
-9.0957762782497216e-09 
7.8722925140140525e-09 
-3.1554630759324438e-09 
-5.3400529266787425e-09 
-6.6068883262622036e-09 
6.3839578409796493e-09 
-8.099318768606088e-09 
7.4378789831893106e-09 
