0.00021465189258899553
7.6833901787645142e-05
5.9664021586647031e-05
4.9405688816906853e-05
4.4225984468956379e-05
3.9261177301482858e-05
3.5582864292704821e-05
3.2972392245068859e-05
3.0530634969395268e-05
2.8813159773276281e-05
2.7067318145139465e-05
2.5801504055612095e-05
2.4470423693941241e-05
2.3519067460855871e-05
2.2480520388578767e-05
2.1710507245218973e-05
2.0864887949797998e-05
2.0250302195397308e-05
1.9536147658467468e-05
 1.902457031428559e-05
1.8425543006693738e-05
1.7994146100614606e-05
1.7483265086751671e-05
1.7129117813254837e-05
 1.670150279467357e-05
1.6412446640566638e-05
1.6046991674556235e-05
1.5785359576601871e-05
1.5448460376887588e-05
1.5204175750022266e-05
1.4888350070303455e-05
1.4669431107113483e-05
1.4392480588794482e-05
1.4230774893682577e-05
1.4044244157472053e-05
1.3890038335093603e-05
1.3635055866804004e-05
1.3453163046121902e-05
1.3226522707974105e-05
1.3091416588509476e-05
1.2907663279360569e-05
1.2775107569127844e-05
1.2579541324224979e-05
1.2449399749343804e-05
1.2281263567429649e-05
 1.217339105393958e-05
1.2023011781290544e-05
1.1923779222761713e-05
1.1777965642498476e-05
1.1673754648946819e-05
1.1535747764957796e-05
1.1456361313799436e-05
1.1334282160947073e-05
1.1245710729893533e-05
1.1133930346196695e-05
1.1064246930928527e-05
1.0941418057866122e-05
1.0861219626549843e-05
1.0763613670899721e-05
 1.069655500351782e-05
1.0592167979644928e-05
1.0543425909404918e-05
1.0472360036824317e-05
1.0405883900255727e-05
1.0304514109415543e-05
1.0248162343095444e-05
1.0172540026243255e-05
1.0125291036280093e-05
1.0051932917574038e-05
9.9988969890661872e-06
9.9127909786631907e-06
9.8549234164799345e-06
9.7758321258039029e-06
 9.731393706599244e-06
9.6626683069165801e-06
9.6204288760838719e-06
 9.564163205693023e-06
9.5204840108905882e-06
9.4518626495575353e-06
9.4161056008616014e-06
9.3583966842882253e-06
9.3167088446217802e-06
9.2552920636614623e-06
9.2170195170987831e-06
9.1809399163378628e-06
9.1618006229074527e-06
9.1083392553236389e-06
9.0763548290239858e-06
9.0342328579431838e-06
9.0058424977438911e-06
8.9781304234299882e-06
8.9553770193050509e-06
8.8984869615856081e-06
8.8633938285716538e-06
8.8183799129817071e-06
8.7953185422712513e-06
8.7615442756616307e-06
8.7400598611822997e-06
8.6991816143204886e-06
8.6643037763942357e-06
 8.605878506303595e-06
8.5734127784517112e-06
8.5289883328179776e-06
  8.49842005161969e-06
8.4596734072501198e-06
8.4269641526254427e-06
8.3760972409553603e-06
8.3361264947457637e-06
8.2855920245605476e-06
8.2497915607589441e-06
8.1990856437912267e-06
8.1603955925006413e-06
8.1053196526153693e-06
8.0738171970582463e-06
8.0167078636670004e-06
7.9796306590832694e-06
7.9162975224041491e-06
 7.891793925454912e-06
7.8342646842669186e-06
7.7979535548216749e-06
7.7317141037371406e-06
  7.69643959769815e-06
 7.644289981345646e-06
7.6046132764912743e-06
7.5482636219126258e-06
7.5054301959786319e-06
7.4542762821330469e-06
 7.414160728505765e-06
7.3590603262708488e-06
7.3244436232105394e-06
7.2645386781972092e-06
 7.234845041948964e-06
7.1709775506274148e-06
7.1399620050416846e-06
7.0810762418291389e-06
7.0439993384893908e-06
6.9908144846987629e-06
6.9486194179846346e-06
 6.898271166825162e-06
6.8569777242368963e-06
6.8019674570063395e-06
6.7686665151502288e-06
6.7051502911006656e-06
6.6773556710346865e-06
6.6129961965190688e-06
6.5820338538775047e-06
6.5221414101337929e-06
6.4829184411409349e-06
6.4299169973728171e-06
6.3839876338006339e-06
6.3343514404799762e-06
6.2880394094009226e-06
6.2335314495685071e-06
6.1893572480175144e-06
6.1292561124941827e-06
6.0876062492300796e-06
6.0216422282822063e-06
5.9808637645247166e-06
5.9097973134450104e-06
5.8671008312757324e-06
5.7982380920492799e-06
5.7504837999299579e-06
5.6837195565257844e-06
 5.627967817082007e-06
5.5673069121720058e-06
5.5049218559890988e-06
5.4462262080902597e-06
5.3848137342027057e-06
5.3169988414842526e-06
5.2678493934174124e-06
5.1829821074559999e-06
5.1524498830217702e-06
5.0574535077851626e-06
5.0237584820679219e-06
4.9427830153355786e-06
  4.88609802746334e-06
 4.825633629985682e-06
4.7582610481827304e-06
 4.695021917178733e-06
4.6449620018881387e-06
4.5564564257055515e-06
4.5316628314542863e-06
 4.440581311311764e-06
 4.393556599101663e-06
4.3304465034462855e-06
4.2636351013931608e-06
4.2057504727805844e-06
4.1545902519714421e-06
4.0676189135539842e-06
4.0450616477123885e-06
3.9598544340713639e-06
3.9089054152099742e-06
3.8538282618122048e-06
3.7900280032584257e-06
3.7257952921103898e-06
3.6895888915360675e-06
3.6036706631880077e-06
3.5736774763866593e-06
3.5065920000919867e-06
3.4471217217610078e-06
3.3969170420679446e-06
3.3480254368639447e-06
3.2701819919804784e-06
 3.249618725476873e-06
3.1755741388467133e-06
3.1259373540137412e-06
3.0789047477422315e-06
 3.026433012969903e-06
2.9602535898461435e-06
2.9376762621021597e-06
2.8647281215362152e-06
2.8242111562160326e-06
2.7770412401967466e-06
2.7263165740135354e-06
2.6687078541843667e-06
2.6435715349923947e-06
2.5755458996829253e-06
2.5410597295070882e-06
2.4938810808641095e-06
2.4475906598490749e-06
2.3953180488531549e-06
 2.369057859884615e-06
 2.307141724433116e-06
2.2761339424916181e-06
2.2300104691195841e-06
2.1890092710097227e-06
2.1402480034039898e-06
2.1144806272847877e-06
2.0588868882432003e-06
2.0295470765932749e-06
1.9853781971779431e-06
1.9500871160030468e-06
 1.904015222227172e-06
1.8787170371382654e-06
1.8295118023064108e-06
1.8017784228710719e-06
 1.759194356169164e-06
1.7292858198956389e-06
1.6867484849248018e-06
1.6608935607269258e-06
1.6170889270546464e-06
1.5928224728288766e-06
1.5518468524475989e-06
1.5243733867563468e-06
 1.487334341358244e-06
1.4623025091852301e-06
 1.420631744745952e-06
1.4004739644782602e-06
1.3642825856951786e-06
1.3355993954754567e-06
1.3013966742401753e-06
1.2830984733329154e-06
 1.243669802935427e-06
1.2197325327008569e-06
1.1928733382209035e-06
1.1672016958642065e-06
1.1298660732405273e-06
1.1165422253614868e-06
1.0861767865365741e-06
1.0582664970952319e-06
1.0283590097337965e-06
1.0174526707842719e-06
9.8364108478273314e-07
9.5831382587374526e-07
 9.377453180994098e-07
 9.199613911286623e-07
8.8790227567051604e-07
8.6805236536957286e-07
8.5102257509593488e-07
8.2911309357958567e-07
7.9960324538173494e-07
7.8614623831635568e-07
7.6800614542285192e-07
7.4558922415986274e-07
7.1859769473143179e-07
7.1014249211682137e-07
6.9046326789354347e-07
6.6915430477020052e-07
6.4462153780328076e-07
6.3900685066128488e-07
6.1917014232936753e-07
5.9941895776486364e-07
5.7711768725833938e-07
5.7244596578885925e-07
 5.540340688904143e-07
5.3598465896559455e-07
5.1566635513780646e-07
5.1037188802747447e-07
4.9473566343892473e-07
 4.784197070084777e-07
4.5998041500228486e-07
4.5273006988326572e-07
4.4078068604959617e-07
4.2635002605540341e-07
4.0969890072827618e-07
3.9987836359559021e-07
3.9131739443393573e-07
3.7935029713945311e-07
3.6434775549109759e-07
3.5300316124179215e-07
3.4482262574055861e-07
3.3696838187806298e-07
3.2346512469313507e-07
3.1237368936894344e-07
3.0122253180922327e-07
 2.983336532717563e-07
2.8650988667057883e-07
2.7652878606440414e-07
2.6529793750665038e-07
2.6002179775118532e-07
 2.525857717393816e-07
2.4455910339556745e-07
 2.344877377128876e-07
2.2698346575820339e-07
2.1964599945828633e-07
2.1562392704201466e-07
2.0680326882876453e-07
1.9979346124109213e-07
1.9162821862249179e-07
1.8713373547581737e-07
1.8096208965052602e-07
1.7587726393900271e-07
1.6858095224724387e-07
1.6302312156145897e-07
1.5639739393367403e-07
1.5304595734228428e-07
1.4757576145648803e-07
 1.430369968286153e-07
1.3693932526361258e-07
1.3213288189907029e-07
1.2659769801249339e-07
1.2444402774442927e-07
1.1973317845313519e-07
1.1545527172005969e-07
1.1032747559257505e-07
1.0615798463791844e-07
1.0178548105967031e-07
1.0055397676422471e-07
9.6232184809303403e-08
9.2412065265609327e-08
8.8196065926762572e-08
8.4673540490358841e-08
8.1278409166786289e-08
8.0385009985797823e-08
7.6715188963471618e-08
7.3498436989702009e-08
7.0076627769926608e-08
6.7123710633989304e-08
6.4139826846658183e-08
6.3704046066684555e-08
6.0762698761240675e-08
5.8139141060250364e-08
5.5383939280366045e-08
5.2939081245489509e-08
5.0389416160254831e-08
4.9556142196531505e-08
4.7824110932992267e-08
 4.576498281932257e-08
4.3556654832606652e-08
4.1570073373731518e-08
3.9544020530860178e-08
3.7958537801683641e-08
3.7058696430684692e-08
3.5853836192630107e-08
3.4083929742374347e-08
3.2501379091964087e-08
3.0896242637767732e-08
2.9463800409850207e-08
2.7983436450818314e-08
2.7510412344944508e-08
2.6494056501646323e-08
2.5302109489168451e-08
2.4027909510336655e-08
2.2881440194035617e-08
2.1722809174212698e-08
2.0711324746236728e-08
1.9678491075642531e-08
1.9514997255369216e-08
1.8569156482588739e-08
1.7706127300316713e-08
1.6794772430185302e-08
1.5983989900991364e-08
1.5158615959398922e-08
1.4450243945703109e-08
1.3710510534640804e-08
1.3455348629201218e-08
1.2877295784472923e-08
1.2313274200357864e-08
1.1669659115417641e-08
 1.111663374064549e-08
  1.05397012081329e-08
1.0048279652826852e-08
9.5265101208141018e-09
9.1321468819214557e-09
8.7100244152008924e-09
8.5077300299065884e-09
8.0822583986641816e-09
7.7207020258093779e-09
7.3118194380049976e-09
6.9531907211924797e-09
6.5803235036379318e-09
6.2500062291627315e-09
5.9089870431792045e-09
 5.623863474241795e-09
 5.344146326518446e-09
5.2757481656364684e-09
4.9900167766868143e-09
 4.738001092871108e-09
4.4756534466227227e-09
 4.238324238201791e-09
4.0027725725869134e-09
3.7878895677075771e-09
3.5753333919511258e-09
3.3847548128103801e-09
3.1910002050392835e-09
3.1056855039872054e-09
2.9962458905084629e-09
2.8442165447433272e-09
 2.681581750750208e-09
2.5339762840109731e-09
2.3890766065999367e-09
 2.255856818783391e-09
  2.12618444845437e-09
2.0071026704934984e-09
1.8906272642249887e-09
1.7860787746964497e-09
1.6801417261993448e-09
1.6530875918831817e-09
 1.576965358610734e-09
1.4913019154726853e-09
1.4032769840516819e-09
1.3232361659069732e-09
1.2451371592182004e-09
1.1734089817174383e-09
1.1038808970301559e-09
1.0400982645605791e-09
 9.780896295908292e-10
9.2192402524476067e-10
8.6636575759833963e-10
8.2059745711483238e-10
 7.862755452542379e-10
7.6610384622473937e-10
7.1923717900788696e-10
6.7885197174694225e-10
6.3787416401104492e-10
6.0135043711182899e-10
5.6536342189292914e-10
5.3313448431996119e-10
5.0147927620963583e-10
4.7319538184956104e-10
4.4516772827009603e-10
4.2023819438166725e-10
3.9508618686829106e-10
3.7310453502231095e-10
3.5022699702744795e-10
3.3321848396256386e-10
3.1935867420196563e-10
3.0862082252711509e-10
2.8948164244118021e-10
2.7268463955240758e-10
2.5570742176115135e-10
2.4027280070222118e-10
2.2525148489049534e-10
2.1143831413875646e-10
1.9814255777780785e-10
1.8587251696248351e-10
1.7411412970166715e-10
  1.63266751059743e-10
1.5287677900012734e-10
1.4332676860233912e-10
1.3413670038141525e-10
1.2580627201126808e-10
1.1761889035836995e-10
1.1272847843306985e-10
1.0934633099524215e-10
1.0306865795774929e-10
9.6362400430016918e-11
9.0284465765613401e-11
8.4435556896219228e-11
7.9059827591215032e-11
7.3942304336192778e-11
6.9222699937854324e-11
6.4750784694098351e-11
 6.062868963649638e-11
5.6737028008652483e-11
5.3166493645444845e-11
4.9821559221371256e-11
4.6809590431856148e-11
4.4091079291416585e-11
4.1769179301184648e-11
3.9640481393799827e-11
3.7498306618294894e-11
3.5575834099263083e-11
3.4242055489622667e-11
3.2820965660330267e-11
3.1269233540210787e-11
3.0198502230868995e-11
2.9371304248046128e-11
 2.840618247094273e-11
2.7560928588838952e-11
2.6301591912113269e-11
2.5228890373915223e-11
2.4714204126586956e-11
2.4057257047328417e-11
2.3277146368029059e-11
2.2268835125627093e-11
2.1835822248614023e-11
2.1347592346582859e-11
2.0781144684368186e-11
2.0249148974430856e-11
  1.97548353149194e-11
1.9340699588547553e-11
 1.866206214275582e-11
1.8468961420490282e-11
1.8019463813476243e-11
1.7646727323367025e-11
1.7349545274004404e-11
1.7005430041003569e-11
 1.683461616672456e-11
1.6413252426222939e-11
1.6317071211933787e-11
 1.603974881597439e-11
1.5934398247747362e-11
1.5357668785942483e-11
1.5257746570406507e-11
1.4715840685517397e-11
1.4580355389324444e-11
1.4292424265069187e-11
1.3972928637816808e-11
1.3785324321408755e-11
1.3489440387776802e-11
1.3352779014331513e-11
1.3063270994708507e-11
1.2851637914257437e-11
1.2654627337683341e-11
1.2520695021680027e-11
1.2298173218218707e-11
1.2205127274649797e-11
1.1963263328947108e-11
 1.179498596179071e-11
1.1705711465139667e-11
1.1473741174930209e-11
1.1330907655192122e-11
1.1244872830044694e-11
1.1052882561978091e-11
1.0920794675805789e-11
 1.077009731482465e-11
1.0703232821833467e-11
1.0521704530019845e-11
1.0356264003775828e-11
1.0284412366673872e-11
 1.015385390231149e-11
9.9630658774534649e-12
9.9323428864784648e-12
9.8479213010164344e-12
 9.603775832615875e-12
9.5917163748117556e-12
9.4378453050386014e-12
9.2993854260482263e-12
9.2529017920634994e-12
 9.127173792302264e-12
9.0453522988449175e-12
8.9868156334663024e-12
8.8959371208571638e-12
8.8515939793567689e-12
8.7780356178160401e-12
8.6199731420601767e-12
8.5586920809468722e-12
8.4722318760067782e-12
8.3685937748375827e-12
8.3406384322604985e-12
8.3043958929600703e-12
8.1398591743714598e-12
8.1267734871585934e-12
8.0346317032363363e-12
 7.938409498896016e-12
7.9290381479453537e-12
7.8497451934098882e-12
7.7608201700512112e-12
7.7234699380453612e-12
7.6910097804548945e-12
 7.608476891944839e-12
7.5098066844025418e-12
7.5045212799849409e-12
7.4179660971996292e-12
7.3644430344139707e-12
7.3091195002766717e-12
7.2783220133703459e-12
7.1954285167983767e-12
7.1552234189161704e-12
7.1258158829493952e-12
7.1158364603984084e-12
6.9973441716599288e-12
6.9674316406358333e-12
6.9162762426715969e-12
6.8851735029440827e-12
6.8265682395926731e-12
6.7764213253231726e-12
6.7404124935953794e-12
6.6702287294905325e-12
6.6244777963894742e-12
6.5858181508338833e-12
6.5399640339797704e-12
 6.513674667251037e-12
6.4452170352689475e-12
6.4129035267379819e-12
 6.363134942720955e-12
6.3509253421078985e-12
6.2941130773490301e-12
6.2791341706813055e-12
6.2318909571976961e-12
6.2211285218048866e-12
6.1867093102320129e-12
 6.136927577678261e-12
6.0856223492756925e-12
6.0627800801673692e-12
6.0161984696869754e-12
6.0056492347519597e-12
5.9670506479965177e-12
5.9611153048406558e-12
5.9440981480728306e-12
5.9000477533550708e-12
5.8538913147842994e-12
5.8202674189355059e-12
5.8036125248853385e-12
5.7551308183879447e-12
 5.715311579596374e-12
5.7135987096457534e-12
5.7041984709695089e-12
5.6560843759632538e-12
5.6367980991720165e-12
5.6282231581245553e-12
5.5872999585688009e-12
 5.585838999068201e-12
5.5414182823313347e-12
5.5084546844071627e-12
5.5063434260576196e-12
5.4832813442234601e-12
5.4524296277197309e-12
5.4082095337186696e-12
5.3904475860479488e-12
5.3844030356120815e-12
5.3574244953419377e-12
5.3163338695891435e-12
5.2926580384618304e-12
5.2865940492154752e-12
5.2644499562215451e-12
5.2539207614052878e-12
5.2058152320380002e-12
5.1913531751629864e-12
5.1725406190863974e-12
5.1692875283420882e-12
5.1290322133874179e-12
5.1273062242637415e-12
5.0751714395556134e-12
5.0639043582365556e-12
5.0247748355353828e-12
5.0171988846853272e-12
5.0048943163582908e-12
4.9657113370762612e-12
4.9636528806151381e-12
4.9446607718633894e-12
 4.905640351772721e-12
4.8974805736786042e-12
4.8858759527308765e-12
 4.875828123424767e-12
 4.836485565013585e-12
4.8167019109200848e-12
4.8080409153544915e-12
4.7641810127777495e-12
4.7560542890101916e-12
4.7544361467646114e-12
4.7340159689037396e-12
4.7327399301697926e-12
 4.710410426050156e-12
4.6812085103530983e-12
4.6731272292468017e-12
4.6610968490926634e-12
4.6544059004671707e-12
4.6346966055317821e-12
4.6316088331119357e-12
4.6069533418276306e-12
4.5788825436110652e-12
4.5640626621626256e-12
4.5413751002142812e-12
4.5296375326744269e-12
4.5230552243784008e-12
4.5134865760009286e-12
 4.493448227855588e-12
 4.489396280286181e-12
 4.483175298963653e-12
4.4579411437925246e-12
4.4502225949857037e-12
4.4242606503088622e-12
4.4209682197919062e-12
 4.372843262465914e-12
4.3558173796130724e-12
4.3541294176268947e-12
4.3457425039582566e-12
4.3424594209697629e-12
4.3310276843374303e-12
4.3135624788582384e-12
4.2975437003302345e-12
4.2910504333828352e-12
4.2849560159247237e-12
4.2646858377016334e-12
4.2469371573211535e-12
4.2438515211315865e-12
4.2194892982823508e-12
4.2108929297703564e-12
4.2004299372881598e-12
4.1966193940538509e-12
 4.179913377524924e-12
4.1787890829802057e-12
4.1416826163232995e-12
4.1349256147281272e-12
4.1250171979082926e-12
 4.111807023209786e-12
4.1007333305353432e-12
4.0949295609494725e-12
4.0782991450237962e-12
4.0725129315986436e-12
4.0665906866310956e-12
4.0491543605436072e-12
4.0379863225426941e-12
4.0259342876256035e-12
 4.007957795092157e-12
4.0071263346428043e-12
3.9770875384071043e-12
3.9726351385546229e-12
3.9646195007186376e-12
3.9587648797153935e-12
3.9547769474084202e-12
3.9443645110798603e-12
3.9350156289463339e-12
 3.922847430137942e-12
3.9158419443946509e-12
3.9118047667022894e-12
3.8964390549334112e-12
3.8698394917105853e-12
3.8640758296973736e-12
3.8602964082996047e-12
3.8534426587559468e-12
3.8336908297137058e-12
3.8273254766336755e-12
3.8236096071963032e-12
3.8191969307902752e-12
3.8062060872935736e-12
3.8022311746450405e-12
3.7906876628272345e-12
3.7763926899593915e-12
3.7747189432206261e-12
3.7661629453411599e-12
3.7599829813514546e-12
 3.745299186673011e-12
3.7409116422649261e-12
3.7344166681091831e-12
3.7298213170082178e-12
3.7224017132659379e-12
3.7140984454893098e-12
3.6969788450985914e-12
3.6874663578926934e-12
3.6766070474331971e-12
3.6703459289833533e-12
3.6582297434460381e-12
3.6544451683225139e-12
3.6477980961617305e-12
3.6453841576367612e-12
3.6254854810412558e-12
 3.614005253948051e-12
3.6054681043288018e-12
3.5973580870127951e-12
3.5929246503134561e-12
3.5866961447437744e-12
3.5816678171164081e-12
3.5780385212972754e-12
3.5635682301401546e-12
3.5595580728841406e-12
3.5492850646660388e-12
3.5471901040166731e-12
3.5395992513016054e-12
3.5307407812379645e-12
3.5236502390852718e-12
3.5221803571187689e-12
3.5180592530268304e-12
3.5031382977943679e-12
 3.494341803857777e-12
3.4931905129881192e-12
3.4725301066075353e-12
3.4641325271816864e-12
 3.462079817437137e-12
3.4538704647843602e-12
3.4534282462433233e-12
3.4451865437831773e-12
3.4318400607464959e-12
3.4283274960259747e-12
 3.419083677178026e-12
3.4102691148649737e-12
3.4082998776458275e-12
3.4074108174456167e-12
3.3945816757137179e-12
3.3905064850474324e-12
3.3745782416997605e-12
3.3667574853723043e-12
3.3624494360633555e-12
3.3608306767893859e-12
 3.357316253268859e-12
3.3465694249226308e-12
 3.337774318617709e-12
3.3300154228887081e-12
3.3255081333628931e-12
3.3168366288003027e-12
3.3136676166646446e-12
3.3059864835837365e-12
3.2923644921057046e-12
3.2863001321388885e-12
3.2839480327266719e-12
3.2806462873840154e-12
3.2758926303361369e-12
3.2679566521397456e-12
3.2634504622988679e-12
3.2559347829640523e-12
3.2513170971930396e-12
3.2479455747183967e-12
3.2376725686288923e-12
3.2328502304515036e-12
3.2240558034758835e-12
3.2200092906334067e-12
3.2132221864603737e-12
3.2090086912588447e-12
3.2030045603485697e-12
3.1991611918756398e-12
3.1935001363082163e-12
3.1870595490336181e-12
3.1827200401958733e-12
3.1789530769732039e-12
3.1767634085775267e-12
3.1619886561879422e-12
3.1612298861085309e-12
 3.148049746271506e-12
3.1404450679951817e-12
3.1363821093746742e-12
3.1357370136485419e-12
3.1307093760339884e-12
3.1243148437111102e-12
3.1141640816599086e-12
3.1127336282789673e-12
3.1080083499178406e-12
3.1057974495104635e-12
 3.100707379152261e-12
 3.092348890433819e-12
3.0854328645164888e-12
3.0702327480699848e-12
3.0634835611502588e-12
3.0612545268441268e-12
3.0519286490983605e-12
3.0507395302805442e-12
3.0359317758193206e-12
3.0337386374084871e-12
3.0315081425688542e-12
3.0285026231196979e-12
3.0251851118930101e-12
3.0100695420872202e-12
3.0052637975504535e-12
3.0033346929636218e-12
2.9989104258555213e-12
2.9958014395411403e-12
2.9938940629547419e-12
2.9852941890757113e-12
2.9742018934694736e-12
2.9699660686369393e-12
2.9686288868280181e-12
2.9575698833731941e-12
2.9475820274734928e-12
2.9444850934607504e-12
2.9399302578599325e-12
2.9366588733687787e-12
2.9337680167630162e-12
2.9257659163802308e-12
 2.920065710193253e-12
2.9132694786830147e-12
 2.906431231139976e-12
2.8987145276478395e-12
2.8935007083272209e-12
2.8915692167243552e-12
2.8775179703291592e-12
2.8754064861485946e-12
2.8647131046309395e-12
2.8559269842324001e-12
2.8546104934567416e-12
 2.848166889218852e-12
2.8341366611802701e-12
2.8336677381077357e-12
2.8274396531791593e-12
 2.812018603841791e-12
2.8105686595177318e-12
2.8071720347241026e-12
2.8010949101940399e-12
2.7889221394873182e-12
2.7863431556498405e-12
2.7815082765613439e-12
2.7694265803532503e-12
2.7613011646658798e-12
2.7538922677666406e-12
2.7524644367912644e-12
2.7485140911160361e-12
2.7426809520886431e-12
2.7289108895814248e-12
 2.726057821982747e-12
2.7239903747730538e-12
2.7228451588998005e-12
2.7075438388774752e-12
2.6873412791657446e-12
2.6840150897259944e-12
2.6826752994132488e-12
2.6738459342572868e-12
2.6670971503518815e-12
2.6626749843878049e-12
2.6498516139771638e-12
2.6440776611285972e-12
2.6408537599456741e-12
2.6353303909390184e-12
2.6341526862836652e-12
2.6289596444807617e-12
2.6229049168267827e-12
2.6160274815887115e-12
2.6083639844202893e-12
2.5968389986216504e-12
2.5870393591269977e-12
2.5827157714694834e-12
2.5590508497676315e-12
2.5511115337025371e-12
2.5445497584867575e-12
2.5289592906903081e-12
2.5209215670246842e-12
2.5196527102890977e-12
 2.510274255904916e-12
2.5084658573746057e-12
2.4995231617529198e-12
2.4864610155176482e-12
 2.475652253099911e-12
2.4698948570210877e-12
  2.45608319984021e-12
2.4460700801073378e-12
2.4346537445478131e-12
2.4282359258990721e-12
2.4245520803168668e-12
2.4118705212212001e-12
2.4025902199323889e-12
2.3962326365699413e-12
2.3783492304647924e-12
2.3760653584072555e-12
2.3652585323704348e-12
2.3523725962069357e-12
2.3364809865440873e-12
 2.328633952111428e-12
2.3144632836771231e-12
2.3044264419651291e-12
2.2979520230093465e-12
 2.290470879253259e-12
2.2852141825731742e-12
2.2761492685849164e-12
2.2640987069777205e-12
2.2542901662342404e-12
2.2435193885022979e-12
2.2353815061730378e-12
2.2313191797732087e-12
2.2143105490239386e-12
2.1951312359657965e-12
 2.191367581064055e-12
2.1770129088901251e-12
2.1725719594308302e-12
2.1589176307427746e-12
2.1449314010869895e-12
2.1403546166868471e-12
2.1252867381221568e-12
2.1216976862633808e-12
2.1104762378737753e-12
2.0812873681198033e-12
 2.077955357956277e-12
2.0490664034575901e-12
2.0364348386284836e-12
2.0298243115565423e-12
2.0177569528474202e-12
2.0042138004219095e-12
1.9977228463322098e-12
1.9552319797395618e-12
1.9343061304942474e-12
1.8694248909829667e-12
1.8198129880455497e-12
 1.524411703178088e-12
1.4905099966508239e-12
1.1376388455956762e-12
1.1161747762154979e-12
1.0220334884260101e-12
7.1048860777353899e-13
5.9542774787660488e-13
5.2817757981032243e-13
6.3983678615413127e-14
2.6265621802308905e-14
7.5777820320742098e-15
3.9559005826723524e-16
2.4322913873093735e-17
6.4525670980497404e-18
3.8095529802526976e-18
3.8095529785861635e-18
3.4237033410974629e-18
1.4787792818737185e-18
1.4365170021290239e-18
1.3891760954279753e-18
1.2990066481412224e-18
1.2653808194816775e-18
1.1248460980602162e-18
8.4266926739252929e-19
8.3313094891507493e-19
8.0761928706535088e-19
 7.685164490158449e-19
7.4653392331784433e-19
7.1451807493809216e-19
7.0625342880171503e-19
6.8009020687646717e-19
 6.590047012439179e-19
6.4685350114384241e-19
6.3412322088664742e-19
6.2182049966265078e-19
6.0194491903842475e-19
5.9569376803203218e-19
5.6750018683522394e-19
5.6245972651499003e-19
 5.434609294072712e-19
 5.330525991034614e-19
5.2494756958224383e-19
5.0986980124148143e-19
5.0258582766523934e-19
4.8038851704822227e-19
4.7258058776857753e-19
4.4582122862571478e-19
  4.29071149560701e-19
4.1799606067594973e-19
4.1033274821077193e-19
3.9935153191437293e-19
3.9715717360872192e-19
3.8742306474677992e-19
2.7647852628489397e-19
                     0
                     0
                     0
                     0
                     0
                     0
                     0
                     0
                     0
                     0
                     0
                     0
                     0
                     0
                     0
                     0
                     0
                     0
                     0
                     0
                     0
                     0
                     0
                     0
                     0
                     0
                     0
                     0
                     0
                     0
                     0
                     0
                     0
                     0
                     0
                     0
                     0
                     0
                     0
                     0
                     0
                     0
                     0
                     0
                     0
                     0
                     0
                     0
                     0
                     0
                     0
                     0
                     0
                     0
                     0
                     0
                     0
                     0
                     0
                     0
                     0
                     0
                     0
                     0
                     0
                     0
                     0
                     0
                     0
                     0
                     0
                     0
                     0
                     0
                     0
                     0
                     0
                     0
                     0
                     0
                     0
                     0
                     0
                     0
                     0
                     0
                     0
                     0
                     0
                     0
                     0
                     0
                     0
                     0
                     0
                     0
                     0
                     0
                     0
                     0
                     0
                     0
                     0
                     0
                     0
                     0
                     0
                     0
                     0
                     0
                     0
                     0
                     0
                     0
                     0
                     0
                     0
                     0
                     0
                     0
                     0
                     0
                     0
                     0
                     0
                     0
                     0
                     0
                     0
                     0
                     0
                     0
                     0
                     0
                     0
                     0
                     0
                     0
                     0
                     0
                     0
                     0
                     0
                     0
                     0
                     0
                     0
                     0
                     0
                     0
                     0
                     0
                     0
                     0
                     0
                     0
                     0
                     0
                     0
                     0
                     0
                     0
                     0
                     0
                     0
                     0
                     0
                     0
                     0
                     0
                     0
                     0
                     0
                     0
                     0
                     0
                     0
                     0
                     0
                     0
                     0
                     0
                     0
                     0
                     0
                     0
                     0
                     0
                     0
                     0
                     0
                     0
                     0
                     0
                     0
                     0
                     0
                     0
                     0
                     0
                     0
                     0
                     0
                     0
                     0
                     0
                     0
                     0
                     0
                     0
                     0
                     0
                     0
                     0
                     0
                     0
                     0
                     0
                     0
                     0
                     0
                     0
                     0
                     0
                     0
                     0
                     0
                     0
                     0
                     0
                     0
                     0
                     0
                     0
                     0
                     0
                     0
                     0
                     0
                     0
                     0
                     0
                     0
                     0
                     0
                     0
                     0
                     0
                     0
                     0
                     0
                     0
                     0
                     0
                     0
                     0
                     0
                     0
                     0
                     0
                     0
                     0
                     0
                     0
                     0
                     0
                     0
                     0
                     0
                     0
                     0
                     0
                     0
                     0
                     0
                     0
                     0
                     0
                     0
                     0
                     0
                     0
                     0
                     0
                     0
                     0
                     0
                     0
                     0
                     0
                     0
                     0
                     0
                     0
                     0
                     0
                     0
                     0
                     0
                     0
                     0
                     0
                     0
                     0
                     0
                     0
                     0
                     0
                     0
                     0
                     0
                     0
                     0
                     0
                     0
                     0
                     0
                     0
                     0
                     0
                     0
                     0
                     0
                     0
                     0
                     0
                     0
                     0
                     0
                     0
                     0
                     0
                     0
                     0
                     0
                     0
                     0
                     0
                     0
                     0
                     0
                     0
                     0
                     0
                     0
                     0
                     0
                     0
                     0
                     0
                     0
                     0
                     0
                     0
                     0
                     0
                     0
                     0
                     0
                     0
                     0
                     0
                     0
                     0
                     0
                     0
                     0
                     0
                     0
                     0
                     0
                     0
                     0
                     0
                     0
                     0
                     0
                     0
                     0
                     0
                     0
                     0
                     0
                     0
                     0
                     0
                     0
                     0
                     0
                     0
                     0
                     0
                     0
                     0
                     0
                     0
                     0
                     0
                     0
                     0
                     0
                     0
                     0
                     0
                     0
                     0
                     0
                     0
                     0
                     0
                     0
                     0
                     0
                     0
                     0
                     0
                     0
                     0
                     0
                     0
                     0
                     0
                     0
                     0
                     0
                     0
                     0
                     0
                     0
                     0
                     0
                     0
                     0
                     0
                     0
                     0
                     0
                     0
                     0
                     0
                     0
                     0
                     0
                     0
                     0
                     0
                     0
                     0
                     0
                     0
                     0
                     0
                     0
                     0
                     0
                     0
                     0
                     0
                     0
                     0
                     0
                     0
                     0
                     0
                     0
                     0
                     0
                     0
                     0
                     0
                     0
                     0
                     0
                     0
                     0
                     0
                     0
                     0
                     0
                     0
                     0
                     0
                     0
                     0
                     0
                     0
                     0
                     0
                     0
                     0
                     0
                     0
                     0
                     0
                     0
                     0
                     0
                     0
                     0
                     0
                     0
                     0
                     0
                     0
                     0
                     0
                     0
                     0
                     0
                     0
                     0
                     0
                     0
                     0
                     0
                     0
                     0
                     0
                     0
                     0
                     0
                     0
                     0
                     0
                     0
                     0
                     0
                     0
                     0
                     0
                     0
                     0
                     0
                     0
                     0
                     0
                     0
                     0
                     0
                     0
                     0
                     0
                     0
                     0
                     0
                     0
                     0
                     0
                     0
                     0
                     0
                     0
                     0
                     0
                     0
                     0
                     0
                     0
                     0
                     0
                     0
                     0
                     0
                     0
                     0
                     0
                     0
                     0
                     0
                     0
                     0
                     0
                     0
                     0
                     0
                     0
                     0
                     0
                     0
                     0
                     0
                     0
                     0
                     0
                     0
                     0
                     0
                     0
                     0
                     0
                     0
                     0
                     0
                     0
                     0
                     0
                     0
                     0
                     0
                     0
                     0
                     0
                     0
                     0
                     0
                     0
                     0
                     0
                     0
                     0
                     0
                     0
                     0
                     0
                     0
                     0
                     0
                     0
                     0
                     0
                     0
                     0
                     0
                     0
                     0
                     0
                     0
                     0
                     0
                     0
                     0
                     0
                     0
                     0
                     0
                     0
                     0
                     0
                     0
                     0
                     0
                     0
                     0
                     0
                     0
                     0
                     0
                     0
                     0
                     0
                     0
                     0
                     0
                     0
                     0
                     0
                     0
                     0
                     0
                     0
                     0
                     0
                     0
                     0
                     0
                     0
                     0
                     0
                     0
                     0
                     0
                     0
                     0
                     0
                     0
                     0
                     0
                     0
                     0
                     0
                     0
                     0
                     0
                     0
                     0
                     0
                     0
                     0
                     0
                     0
                     0
                     0
                     0
                     0
                     0
                     0
                     0
                     0
                     0
                     0
                     0
                     0
                     0
                     0
                     0
                     0
                     0
                     0
                     0
                     0
                     0
                     0
                     0
                     0
                     0
                     0
                     0
                     0
                     0
                     0
                     0
                     0
                     0
                     0
                     0
                     0
                     0
                     0
                     0
                     0
                     0
                     0
                     0
                     0
                     0
                     0
                     0
                     0
                     0
                     0
                     0
                     0
                     0
                     0
                     0
                     0
                     0
                     0
                     0
                     0
                     0
                     0
                     0
                     0
                     0
                     0
                     0
                     0
                     0
                     0
                     0
                     0
                     0
                     0
                     0
                     0
                     0
                     0
                     0
                     0
                     0
                     0
                     0
                     0
                     0
                     0
                     0
                     0
                     0
                     0
                     0
                     0
                     0
                     0
                     0
                     0
                     0
                     0
                     0
                     0
                     0
                     0
                     0
                     0
                     0
                     0
                     0
                     0
                     0
                     0
                     0
                     0
                     0
                     0
                     0
                     0
                     0
                     0
                     0
                     0
                     0
                     0
                     0
                     0
                     0
                     0
                     0
                     0
                     0
                     0
                     0
                     0
                     0
                     0
                     0
                     0
                     0
                     0
                     0
                     0
                     0
                     0
                     0
                     0
                     0
                     0
                     0
                     0
                     0
                     0
                     0
                     0
                     0
                     0
                     0
                     0
                     0
                     0
                     0
                     0
                     0
                     0
                     0
                     0
                     0
                     0
                     0
                     0
                     0
                     0
                     0
                     0
                     0
                     0
                     0
                     0
                     0
                     0
                     0
                     0
                     0
                     0
                     0
                     0
                     0
                     0
                     0
                     0
                     0
                     0
                     0
                     0
                     0
                     0
                     0
                     0
                     0
                     0
                     0
                     0
                     0
                     0
                     0
                     0
                     0
                     0
                     0
                     0
                     0
                     0
                     0
                     0
                     0
                     0
                     0
                     0
                     0
                     0
                     0
                     0
                     0
                     0
                     0
                     0
                     0
                     0
                     0
                     0
                     0
                     0
                     0
                     0
                     0
                     0
                     0
                     0
                     0
                     0
                     0
                     0
                     0
                     0
                     0
                     0
                     0
                     0
                     0
                     0
                     0
                     0
                     0
                     0
                     0
                     0
                     0
                     0
                     0
                     0
                     0
                     0
                     0
                     0
                     0
                     0
                     0
                     0
