    14230.223401442103
    1029.9352068618848
    972.47494112706295
    693.88337571167028
    664.73709234894591
    569.66955435762907
    549.84536904594484
    498.22258322293931
    480.87350707209595
    450.94997992252257
    437.67515350834822
    415.92861760726839
    404.97878037859471
    388.23038024223803
    379.35194717389601
    365.05639567683158
    356.82662615216293
    344.32393841079386
     336.9985269023793
    325.96919115747647
    319.39887341881649
    309.74306606946334
    303.77023145374676
    295.30516645385342
    289.90874208243815
     282.3774246854835
    277.50466874685065
    270.85730640124206
     266.4400097388442
     260.5361391191239
    256.47456123455197
    251.06228194168392
    247.39113920311888
    242.78006119777319
     239.5659319513488
    235.31248326799235
    232.16487830534552
    228.27399583865346
    225.67637868511028
    222.61709539010647
     220.3388265460782
    217.38109728361175
     215.3019113916292
    213.08743461615705
    211.46966068437004
    209.25140946705315
    207.47335296796899
     205.2147183286115
    203.43888569610613
    201.22456980401864
    199.34320552897694
    196.91757754272376
    195.03729155337007
    192.67591018730965
    190.62936600959756
     188.1507058601488
    186.24857173969806
    183.93891016811665
    181.95285640892061
    179.59509512404179
    177.77032795022575
    175.70461499417021
    173.97180415773977
    171.91441615178434
    170.20857088060444
    168.27971420628566
    166.70518872443898
    164.94803564921082
    163.47082175732922
    162.14880850565368
     162.1306990346331
    161.78970036573028
    160.49518327848008
     159.1396921104415
    158.13156284557866
     157.9432230686761
    157.79435968952899
    156.82211539858113
    156.26267477289335
    155.89387521352208
    155.37282180910492
    154.56364163867866
    153.83609956863785
    153.10202773729512
    152.45116468105923
    151.63081186126615
     150.8676309043785
    150.08960240399549
    149.98814964944302
    149.93120637711752
    149.27641974659335
    148.65375120957918
    148.04733484978959
    147.31400759578634
    146.81024373774048
    146.29887193702504
    145.80147319891501
    145.16116312300446
    144.61837474781788
    143.99075844235185
    143.34312919312154
    142.77916874941488
    142.18400319452957
    141.56218356689399
    140.92926662023152
    140.39370324651065
    140.25476945804127
    139.96974830285168
    139.47037070925012
    138.78923231545255
    138.19139592182742
    137.46903329816499
    136.73931107184771
    135.96342374337709
    135.09560573262257
    134.33470103490555
    133.41023049171878
    132.66450979343784
    131.70618552683092
    130.88957881459578
    129.86481459850538
    129.06044291529835
    128.08004232405071
    127.28431347199576
     126.2535129921152
    125.37694911945893
      124.383776050625
    123.58802614986989
    122.65679829249524
    121.80723181643744
    120.91991300111243
    120.04141389434348
     119.2905879258808
     118.3855694824766
    117.72872196434379
    116.81524472498248
    116.15617464614492
    115.38500764797101
    114.60971015187117
    113.99192961721117
    113.17438667318416
    112.47486293725098
    111.81513500176445
       110.97124011308
    110.35909479165865
    109.55818325982437
    108.73929781209456
    108.06738191629626
     107.1549656394009
    106.45361531630347
     105.6595388356165
    104.80758576174605
    104.15674680029355
    103.25298528534459
    102.51731495731238
    101.74600529029203
    100.84861552294171
    100.26276086874819
     99.40443794116797
    98.692277493428719
    97.977524506085032
    96.992288125398701
    96.307776037691525
    95.206575662354211
    94.542591154456161
    93.406304196510746
    92.729844486361358
    91.556204624292988
    90.835983888696376
    89.662673896470082
    88.779331047011823
    87.760008328135797
    86.523237118474853
    85.804269251629322
    84.396645442756309
    83.523135050941349
    82.473682154667742
     81.12496272949744
    80.359462839232478
    79.158724472635939
    77.823537577703235
    77.170637666017655
    75.824683105219549
     74.63538812270248
    73.889788398046562
    72.591646582708364
    71.354104114432786
    70.710721013980617
    69.329986004622896
    68.204617865263415
    67.459259640985621
    66.194679505955733
    64.986803357430631
    64.378592405676955
    63.053460092394175
    61.941643557777709
    61.231066909579781
    60.065729705407712
    58.831050846630831
    58.268755932003664
    57.080482187113894
    55.949487035398697
     55.23774445815755
    54.273176359594473
    53.039942259325379
    52.420970156997839
    51.461587166326211
    50.367687298208331
    49.549064164406595
    48.844752939940513
     47.68777467638396
    46.925568834935156
    46.192531887939452
    45.217974242352817
    44.267432646458481
     43.74636525310472
    42.747200592686887
     41.89083028796022
     41.22897748681558
    40.476206789223227
    39.513139505336419
    38.951555106315027
    38.180359582775417
    37.376750657697208
    36.638307519841199
    36.079624027864803
    35.212950701916057
    34.582036448346557
    33.922762411711183
    33.246911017493161
    32.494607372451085
    31.978550280317645
    31.238042679428233
    30.641501240025018
    30.000556503589866
    29.427185257831983
    28.748405211529462
    28.251695047260487
    27.580548601306166
    27.060482183139762
    26.477081317365901
    25.938592013032309
    25.315981597192149
    24.905063869827107
    24.279523472459481
     23.76196619286495
    23.277456618542672
    22.805873142605709
    22.172854176115564
    21.816637255974246
    21.312587386138549
    20.777652829021477
    20.281824045270753
    19.975865872664695
    19.380936051846945
    18.927285825501286
    18.587544353968084
      18.1374862800104
    17.571131345140824
    17.324295811561409
    16.896810364726214
    16.410813013005598
    15.988409340642084
    15.780763670297977
    15.267286925540468
    14.843208419593736
    14.594254862155257
    14.241175768511809
    13.752900543001855
    13.480390505345936
    13.214737604238982
     12.80945303248477
    12.375433022025639
    12.252780430396513
    11.886818699468671
    11.502679889523376
    11.175082835826942
     11.05076556714873
    10.661906428946546
    10.316911908388718
    10.095510836282834
     9.906127601705851
    9.5452878740189302
    9.2436255056823491
    9.0823399678815218
     8.860011573731807
    8.5317308892202846
    8.2692099748074845
    8.1336992874253706
    7.9120389565355493
    7.6152571678589407
    7.3795250907242451
      7.25473580247386
    7.0554993373283104
    6.7877277790768655
    6.5681041247348402
    6.4429105079178415
    6.2818598367597813
    6.0404635079166464
    5.8346448130370918
    5.6913150025998176
     5.582455075320012
    5.3666000516033279
    5.1774420492223427
     5.004348727014106
    4.9440706715869833
    4.7586377218829483
    4.5889609054088112
    4.4117351706567121
    4.3348328649371295
    4.2053479973229546
    4.0604457317889713
    3.8985487241160759
    3.7834007125627651
    3.6858939749011732
    3.5836976186978293
    3.4402881397751313
     3.322059303211653
    3.2023093550237474
     3.138614590010584
    3.0249027668588133
    2.9225127687160328
    2.8048767425306638
     2.717893348225215
    2.6297039067870931
    2.5635489714019015
    2.4606381410553904
    2.3714089142988932
    2.2723392010992027
    2.2121668200004265
    2.1456135975929338
    2.0739048481417788
    1.9838086280317699
    1.9062276787418793
    1.8274785382107885
    1.7999790257186632
     1.729611654511239
    1.6600822461293916
    1.5851222204126916
    1.5216147150452037
    1.4722192142936941
    1.4441020854028788
     1.378798363815865
    1.3197271503326635
    1.2588471258797409
    1.2083229030755365
     1.177800529004718
    1.1461052863209609
    1.0928602135530572
    1.0446451073281826
   0.99572962196243753
   0.95422421490291187
   0.92953373713667398
   0.90538704746113086
   0.86259219071441096
   0.82373508599501155
   0.78459937845496752
   0.74980000596561458
   0.72032088311354214
   0.71193753753494493
   0.67790631700230986
   0.64701229340587718
   0.61580771609778617
   0.58740341704517973
   0.55877858726679386
   0.54557532660743624
   0.52960500872614946
   0.50612162197031973
    0.4812627100014753
   0.45854453243496612
   0.43586721329941724
   0.41593207962260603
   0.40025570763106855
   0.39378491480454036
   0.37406560661418825
   0.35627343885138063
   0.33827677076391682
   0.32192783317734314
   0.30552196256204722
   0.29262911534507252
   0.28468974375381306
   0.27519459207181701
   0.26101043089458964
   0.24837512451913513
   0.23556362583681106
   0.22415336477390113
   0.21258636543126899
   0.20363133883713552
   0.19607229078257246
   0.19054493792772081
   0.18078470064619553
    0.1723333776547811
   0.16340191041067625
   0.15556889012663669
     0.147476989325869
   0.14047286031455791
   0.13309684891810653
   0.12825558399766354
   0.12371449659140955
     0.119044284978248
   0.11271403408585978
   0.10705604029145045
   0.10127680850173697
  0.096026201722772209
  0.090790617978324023
  0.086071866319262724
  0.081314841568796106
  0.078223979378701722
  0.076121433760175911
  0.072647438442033543
   0.06861605745351583
  0.064949932151834242
  0.061347379513675325
  0.058025788744575903
  0.054794468468986904
  0.051819071070827831
  0.048908294732526274
  0.046337857807003766
  0.044454140667161274
  0.043596042254027141
  0.041115001531882578
  0.038872445172080869
  0.036664950153236363
  0.034624538495492914
  0.032651295248996945
  0.030820214552621201
  0.029052348967855759
  0.027419002283106737
  0.025830853739831901
  0.024414373850683103
  0.023238634968225817
  0.022926421239918272
  0.021579065184542341
  0.020366446632411425
  0.019168580536373322
  0.018065890006983849
  0.016999432633166809
  0.016013356171864168
  0.015062916964737461
  0.014186571854482528
  0.013339742349456599
  0.012568429834802861
  0.011813592992272939
   0.01117102828689325
   0.01060767459023001
  0.010396292059378519
 0.0097870734763459803
 0.0092479616612638725
 0.0086936987651949002
 0.0082004990785079831
 0.0077134402917894297
 0.0072727462040556553
 0.0068397012271562705
 0.0064432132838392392
 0.0060544863477221076
 0.0056971944114107302
 0.0053481216908669313
 0.0050286877198816885
 0.0047163115646687908
 0.0044357614325144859
 0.0041559047350044611
 0.0040155276444356547
 0.0038707595475203412
 0.0036522955791609478
 0.0034214826368884465
 0.0032111347583911325
 0.0030082523326768465
 0.0028209169317497816
 0.0026422391080090134
 0.0024765597788508269
 0.0023191529948365696
 0.0021729634386566006
 0.0020342315725960969
 0.0019053998640953386
 0.0017831271031418818
 0.0016697802126343763
 0.0015619927941527506
 0.0014626128874089797
 0.0013674722321348608
 0.0012818392406685128
 0.0012014597192431841
 0.0011954224513501227
 0.0011168513501402285
 0.0010463863285117233
0.00097778804899284109
0.00091491400183067566
0.00085508814540936591
0.00079994879904451434
0.00074779300594376194
 0.0006996945875604101
0.00065439877853934751
 0.0006131377330604224
0.00058860601598802631
0.00057124455414082496
0.00053600523396135429
0.00050223052535043275
 0.0004713898658034211
0.00046258299400724127
 0.0004424029781044793
0.00041659723633552905
0.00040043187580727498
0.00039261325111466334
0.00037461054445878371
0.00036389795060770525
0.00035173202981622956
0.00034985014092585304
0.00033666038572668065
0.00032448798666181127
0.00031839849422274829
0.00031129433319651356
0.00030555227917199065
0.00030045309182211182
0.00029261751162899899
0.00028355841991742353
 0.0002775905923650597
0.00027399766313499321
0.00026793367132619254
0.00026241558907160877
0.00025816187989564704
 0.0002532090640238882
0.00024900442380800696
0.00024384530310636221
0.00023902956616485865
0.00023710379039761976
 0.0002340523404375049
0.00023234160355324967
0.00022937430101407135
0.00022664051744373943
0.00022467493620197433
0.00022076453632657051
0.00021832926897547746
0.00021751928368542766
0.00021709249101457091
0.00021482480232077318
0.00021372725434632957
0.00021062808005634057
0.00020934399705912419
 0.0002081896727826369
0.00020636502798011136
0.00020416623435580509
0.00020275863411051866
0.00020101549300810174
 0.0002001356925173234
0.00019717662830155713
 0.0001969094938707959
0.00019541118226771328
0.00019446689921179063
0.00019381445513700596
0.00019306819909764206
0.00019149287496154091
 0.0001894987845058335
0.00018793673907972316
0.00018688089096294052
0.00018609785452419707
0.00018467848154705334
0.00018348499842512787
0.00018189538766235375
0.00018110648252305897
0.00017968164158780936
0.00017879331099997006
0.00017716961439643311
0.00017679816207997808
0.00017557691447790509
0.00017486090573255421
0.00017330227170449358
0.00017171242052168605
0.00017142112359859002
0.00017100873830194538
0.00016938760301311412
0.00016834858988532716
0.00016688026295311908
0.00016555846326894491
0.00016542555574770962
0.00016442262087267739
0.00016353922707508658
0.00016173895608332875
0.00016058415985023317
0.00015994765184671584
0.00015980772259126141
0.00015906040110051975
0.00015794421405247069
0.00015697970900970792
0.00015592186011670206
0.00015475327502750632
0.00015468885547239065
0.00015343928860673097
0.00015264889486380325
0.00015137853268816829
0.00015098910000605262
0.00015009049387802449
0.00014952277409434239
0.00014902481551027922
0.00014809396733452294
0.00014736485702851975
0.00014669070705276084
0.00014580240987945703
0.00014535819672765814
0.00014486818776104465
0.00014379692383173582
0.00014357569100995272
0.00014222578332352977
0.00014147139813044235
0.00014079095442466377
0.00014049680904211988
0.00013938632551282101
0.00013869847347741402
0.00013764590828901097
0.00013720240109025574
0.00013657702091955215
0.00013564746333436919
0.00013554801678879853
 0.0001348510413679228
0.00013418141998840544
 0.0001334626628465112
0.00013217539681352727
0.00013198789521857689
0.00013141407157211217
0.00013078631158144278
0.00012939948223308369
0.00012888041969188866
0.00012852811548771814
 0.0001281064140158714
0.00012763308265909034
0.00012704092534058378
0.00012635223244185359
0.00012593446759069321
0.00012449553519522223
0.00012431182291303366
0.00012318176569528022
0.00012297441374630892
0.00012243027839943334
0.00012161330240518128
0.00012081045208954752
0.00012047930409344576
0.00012004467533718462
0.00011912709062953078
0.00011899716662580078
0.00011798968842146516
0.00011778374741467475
0.00011704771530301844
0.00011636234221520734
0.00011530556301007481
0.00011457176411101076
0.00011432698864719452
0.00011404704447240117
0.00011343166391223304
0.00011241264820606607
0.00011196360901365328
0.00011126497837092256
 0.0001111906835808319
0.00011060397187666469
0.00010957700879309503
  0.000109225144536384
0.00010808448668829259
 0.0001077975143194265
 0.0001070542423961689
0.00010637568244409228
0.00010589689589889223
0.00010530035776652607
0.00010503220708702101
0.00010445109893529346
0.00010409493186042569
0.00010286866879802578
0.00010268604910293496
0.00010244641893993349
0.00010172966776793885
0.00010136419991115068
0.00010005234204781445
9.9989720788627888e-05
9.9743976175002645e-05
 9.865389619378973e-05
9.8298452616937351e-05
9.7832033131042053e-05
9.7350490720822343e-05
9.6948904657738052e-05
 9.610502383192778e-05
9.5939160636633922e-05
9.5169128266210583e-05
9.4809256383767711e-05
9.4212162821216957e-05
9.3836723418000458e-05
9.3509190957889491e-05
9.3314180461638927e-05
9.2574317602882157e-05
9.2295485972216133e-05
9.2026816253231499e-05
9.1445006362117311e-05
9.1090372567859048e-05
9.0313713782809335e-05
9.0243308715458833e-05
8.9864346941380104e-05
8.9605848141103322e-05
8.8769578339003617e-05
8.8494863797977777e-05
8.8207528015693293e-05
8.7505612448744656e-05
8.6960370558860961e-05
 8.686941484915073e-05
8.6754632051196811e-05
8.6310285208170671e-05
8.6044170324086993e-05
8.5529516157859022e-05
8.5103098104547694e-05
8.4807349446260736e-05
8.4695260582665107e-05
8.4165643121861922e-05
8.3744512249167986e-05
8.3599534648947927e-05
8.3189797375823402e-05
8.2978676071587118e-05
8.2286430163366615e-05
 8.226937695310013e-05
8.2242685771563454e-05
8.1772834127982359e-05
8.1692654072532155e-05
8.1555740844267227e-05
8.1113296032287328e-05
8.0821859924206377e-05
8.0528009104047078e-05
8.0475437012962172e-05
8.0285367038348887e-05
 7.973713597434295e-05
7.9673135015400926e-05
7.9650456347740383e-05
 7.919600463874313e-05
7.8971137096349708e-05
7.8719391470636062e-05
7.8641735319770291e-05
7.8196792197585588e-05
7.8112607456123258e-05
7.7986137014374437e-05
7.7855538937252674e-05
7.7805078354655736e-05
7.7611693218770472e-05
7.7364842914563154e-05
7.7161016559852883e-05
7.7086553420423177e-05
7.6753899951666942e-05
7.6687904414186913e-05
7.6436488911042969e-05
7.6329441538081481e-05
 7.612699720091056e-05
7.6079018036646708e-05
7.5752908666988538e-05
7.5662408973416651e-05
7.5398507523136621e-05
7.5205886157650022e-05
7.5180829574469769e-05
7.5144864566363323e-05
7.5071723224888262e-05
7.4931280240928138e-05
7.4899343874835876e-05
7.4625436783145268e-05
7.4476812547944209e-05
7.4421444021278903e-05
7.4354488727712109e-05
7.4100595177992149e-05
7.4035728127746904e-05
7.3910478299348291e-05
7.3814854038955951e-05
 7.364087856402411e-05
7.3486023050966349e-05
7.3238206131661645e-05
7.3148965366783309e-05
7.3044722358068693e-05
7.2987476349002938e-05
7.2836288659175114e-05
7.2731326319372272e-05
7.2613048163987031e-05
7.2359773100918816e-05
7.2073821567689367e-05
7.2062273569069974e-05
7.2035459982956805e-05
7.1925354124617949e-05
7.1791395282593323e-05
7.1580250626960756e-05
 7.147215366832158e-05
7.1407749161398392e-05
7.1192622027033036e-05
7.1142001065695578e-05
7.1084019357520889e-05
7.0916095450415309e-05
7.0624553731019716e-05
7.0610201099051111e-05
7.0516901675171621e-05
7.0372093106041523e-05
7.0321449037459525e-05
7.0040875626109869e-05
6.9966652881314415e-05
6.9912451232986215e-05
6.9905485166677438e-05
 6.971828150824617e-05
6.9593889467449465e-05
6.9523997155916654e-05
 6.937463569874476e-05
6.9244696738027708e-05
 6.922381525268136e-05
6.9063559408656685e-05
6.8958723995551783e-05
6.8811105956611461e-05
6.8747514671833551e-05
6.8625572088588905e-05
6.8479412983579984e-05
  6.84458190871026e-05
6.8420450320196604e-05
6.8381822706563365e-05
6.7985641549279352e-05
6.7921421726198277e-05
6.7661565545366914e-05
6.7487716429721998e-05
6.7444167984059822e-05
6.7264022724738891e-05
6.7137323747469321e-05
6.7110065079064858e-05
6.7083068359630695e-05
6.7020235403138082e-05
6.6873973823090141e-05
 6.681875713589342e-05
6.6614568855349716e-05
6.6506372541685722e-05
6.6473128940119797e-05
6.6089839374911167e-05
6.6025864062973805e-05
6.5959316217530144e-05
6.5819131651561941e-05
6.5645018926089346e-05
6.5128828938871677e-05
6.5002265244485296e-05
6.4912077441069255e-05
6.4887306230273972e-05
 6.487761748847128e-05
6.4782254276645845e-05
6.4318452988958169e-05
6.4025994729515471e-05
6.3757219038013875e-05
6.3720024562665453e-05
6.3611539612901615e-05
6.3367667582719456e-05
6.3232151768228756e-05
6.2768397630829501e-05
6.2700660003612275e-05
6.2461929826530601e-05
6.2263334167202261e-05
   6.1833202921026e-05
6.1570015215582397e-05
6.1458682168063296e-05
6.1351101775473306e-05
6.0917489421872556e-05
6.0774801844519478e-05
6.0591216692007914e-05
 6.024912303881898e-05
6.0151103891455864e-05
5.9738622176523222e-05
5.9416215224629936e-05
5.9260038715793814e-05
5.9003702330398921e-05
5.8785199590951033e-05
5.8597409219798789e-05
5.8286343324272621e-05
 5.805996746567661e-05
 5.798983025301587e-05
5.7917745151081031e-05
5.7651173556905529e-05
 5.756215722781365e-05
5.7346224808951439e-05
5.7013717024059638e-05
5.6841331812050377e-05
5.6522564180819249e-05
5.6351222231850994e-05
5.6081147715229629e-05
5.6016514460646603e-05
5.5813327352822376e-05
 5.572436019079561e-05
5.5434881790897195e-05
5.5401626228346814e-05
5.5274130714789232e-05
5.4972730343442206e-05
5.4910213831926071e-05
5.4631524794520387e-05
5.4614321965690927e-05
5.4536586056530007e-05
5.4394346435938118e-05
5.4327131735242198e-05
5.4098576363780978e-05
5.3823375493808975e-05
5.3698075392700587e-05
5.3649311370207193e-05
5.3462637710442677e-05
5.3448403124258124e-05
5.3233131415356899e-05
 5.316554355597086e-05
5.3000289469581579e-05
5.2831727972933483e-05
5.2711200201064884e-05
5.2308642198626954e-05
5.2193772917858785e-05
5.2054797669263019e-05
5.2033202557307869e-05
5.1757507261837657e-05
5.1564093611303675e-05
5.1374543666750169e-05
  5.13234174806499e-05
5.1186007459065505e-05
5.1120091674535928e-05
5.0903491915013223e-05
5.0789464009079502e-05
5.0579864467279266e-05
5.0498873277561128e-05
5.0314743020587751e-05
5.0297555272149831e-05
5.0071997384809436e-05
4.9987887419553946e-05
 4.993229643552576e-05
4.9792178734108575e-05
4.9616849060401923e-05
4.9471962197084461e-05
4.9449308271562357e-05
4.9426956941327758e-05
4.9320467264644995e-05
4.9107257014781998e-05
4.8849086659689962e-05
4.8732709459634073e-05
4.8584611648906627e-05
4.8506548870522104e-05
4.8351759151914886e-05
4.8311420179951927e-05
4.8182456812602306e-05
4.8073312076708522e-05
4.7858146018329306e-05
4.7849474523952428e-05
4.7808606518767231e-05
4.7696190551064774e-05
4.7590940558051504e-05
4.7547447465626479e-05
4.7489181655740721e-05
4.7300542445298523e-05
4.7263753908074456e-05
 4.710328123557797e-05
4.7029389056258245e-05
4.6946111967799304e-05
4.6771070781895227e-05
4.6618165936046519e-05
4.6383621223846764e-05
4.6319622622870465e-05
4.6184768548821667e-05
4.6053032048132988e-05
4.5883601001851951e-05
4.5821145222842243e-05
4.5748763145012356e-05
4.5678791178109476e-05
4.5546867266902486e-05
 4.546059554877251e-05
 4.541343715022917e-05
4.5352637181302196e-05
4.5136036852491432e-05
4.5042026020588563e-05
4.5004926303173534e-05
4.4970148759434314e-05
4.4811558531956791e-05
4.4750672199068411e-05
4.4676060423727725e-05
4.4581881869515582e-05
4.4411986340675455e-05
4.4278041608055358e-05
 4.412536376085169e-05
 4.406940824449954e-05
4.3968375395202448e-05
4.3810961537263848e-05
4.3355235441496825e-05
 4.321870038742812e-05
4.2833731819731145e-05
4.2736991532427146e-05
4.2656013317509685e-05
4.2556143067473393e-05
4.2439356316965494e-05
4.2338596399824336e-05
4.2081618308519435e-05
4.1979304759058056e-05
4.1614756587416454e-05
 4.149235233829419e-05
4.1367664691542162e-05
4.1122170535947922e-05
4.0425574997906812e-05
4.0183005118717785e-05
3.9903812381468147e-05
3.9585338224602041e-05
3.7470041204322749e-05
3.6191121580602356e-05
3.1587836036547813e-05
3.0819515169880141e-05
 2.608366938159884e-05
2.5473910562287959e-05
 1.991932220293783e-05
 1.985550050599402e-05
1.9123067268609631e-05
1.0468486764906784e-05
9.2306174521455664e-06
5.6346070473875481e-06
 4.580753738798896e-07
1.3404474261362478e-07
1.0191889525546367e-07
7.3391693611329223e-10
4.2502055059144615e-10
1.3485445476770705e-10
9.4288625182782597e-11
 8.618840848569966e-11
7.6113158971646346e-11
7.1929419360878724e-11
6.8004903331653146e-11
5.0614956026190042e-11
4.4021529470097176e-11
4.1439521567122294e-11
3.6264385799479921e-11
 3.621218342757573e-11
3.5200880770399487e-11
3.4843700235469333e-11
3.4253109013878142e-11
3.3875083776248164e-11
3.0976553121401983e-11
3.0304803388540597e-11
 2.913729792935853e-11
2.8020741820193148e-11
2.7957422820703744e-11
2.6627612540885241e-11
2.6091069784968439e-11
2.5362797978296554e-11
2.0626700186491064e-11
                     0
                     0
                     0
                     0
                     0
                     0
                     0
                     0
                     0
                     0
                     0
                     0
                     0
                     0
                     0
                     0
                     0
                     0
                     0
                     0
                     0
                     0
                     0
                     0
                     0
                     0
                     0
                     0
                     0
                     0
                     0
                     0
                     0
                     0
                     0
                     0
                     0
                     0
                     0
                     0
                     0
                     0
                     0
                     0
                     0
                     0
                     0
                     0
                     0
                     0
                     0
                     0
                     0
                     0
                     0
                     0
                     0
                     0
                     0
                     0
                     0
                     0
                     0
                     0
                     0
                     0
                     0
                     0
                     0
                     0
                     0
                     0
                     0
                     0
                     0
                     0
                     0
                     0
                     0
                     0
                     0
                     0
                     0
                     0
                     0
                     0
                     0
                     0
                     0
                     0
                     0
                     0
                     0
                     0
                     0
                     0
                     0
                     0
                     0
                     0
                     0
                     0
                     0
                     0
                     0
                     0
                     0
                     0
                     0
                     0
                     0
                     0
                     0
                     0
                     0
                     0
                     0
                     0
                     0
                     0
                     0
                     0
                     0
                     0
                     0
                     0
                     0
                     0
                     0
                     0
                     0
                     0
                     0
                     0
                     0
                     0
                     0
                     0
                     0
                     0
                     0
                     0
                     0
                     0
                     0
                     0
                     0
                     0
                     0
                     0
                     0
                     0
                     0
                     0
                     0
                     0
                     0
                     0
                     0
                     0
                     0
                     0
                     0
                     0
                     0
                     0
                     0
                     0
                     0
                     0
                     0
                     0
                     0
                     0
                     0
                     0
                     0
                     0
                     0
                     0
                     0
                     0
                     0
                     0
                     0
                     0
                     0
                     0
                     0
                     0
                     0
                     0
                     0
                     0
                     0
                     0
                     0
                     0
                     0
                     0
                     0
                     0
                     0
                     0
                     0
                     0
                     0
                     0
                     0
                     0
                     0
                     0
                     0
                     0
                     0
                     0
                     0
                     0
                     0
                     0
                     0
                     0
                     0
                     0
                     0
                     0
                     0
                     0
                     0
                     0
                     0
                     0
                     0
                     0
                     0
                     0
                     0
                     0
                     0
                     0
                     0
                     0
                     0
                     0
                     0
                     0
                     0
                     0
                     0
                     0
                     0
                     0
                     0
                     0
                     0
                     0
                     0
                     0
                     0
                     0
                     0
                     0
                     0
                     0
                     0
                     0
                     0
                     0
                     0
                     0
                     0
                     0
                     0
                     0
                     0
                     0
                     0
                     0
                     0
                     0
                     0
                     0
                     0
                     0
                     0
                     0
                     0
                     0
                     0
                     0
                     0
                     0
                     0
                     0
                     0
                     0
                     0
                     0
                     0
                     0
                     0
                     0
                     0
                     0
                     0
                     0
                     0
                     0
                     0
                     0
                     0
                     0
                     0
                     0
                     0
                     0
                     0
                     0
                     0
                     0
                     0
                     0
                     0
                     0
                     0
                     0
                     0
                     0
                     0
                     0
                     0
                     0
                     0
                     0
                     0
                     0
                     0
                     0
                     0
                     0
                     0
                     0
                     0
                     0
                     0
                     0
                     0
                     0
                     0
                     0
                     0
                     0
                     0
                     0
                     0
                     0
                     0
                     0
                     0
                     0
                     0
                     0
                     0
                     0
                     0
                     0
                     0
                     0
                     0
                     0
                     0
                     0
                     0
                     0
                     0
                     0
                     0
                     0
                     0
                     0
                     0
                     0
                     0
                     0
                     0
                     0
                     0
                     0
                     0
                     0
                     0
                     0
                     0
                     0
                     0
                     0
                     0
                     0
                     0
                     0
                     0
                     0
                     0
                     0
                     0
                     0
                     0
                     0
                     0
                     0
                     0
                     0
                     0
                     0
                     0
                     0
                     0
                     0
                     0
                     0
                     0
                     0
                     0
                     0
                     0
                     0
                     0
                     0
                     0
                     0
                     0
                     0
                     0
                     0
                     0
                     0
                     0
                     0
                     0
                     0
                     0
                     0
                     0
                     0
                     0
                     0
                     0
                     0
                     0
                     0
                     0
                     0
                     0
                     0
                     0
                     0
                     0
                     0
                     0
                     0
                     0
                     0
                     0
                     0
                     0
                     0
                     0
                     0
                     0
                     0
                     0
                     0
                     0
                     0
                     0
                     0
                     0
                     0
                     0
                     0
                     0
                     0
                     0
                     0
                     0
                     0
                     0
                     0
                     0
                     0
                     0
                     0
                     0
                     0
                     0
                     0
                     0
                     0
                     0
                     0
                     0
                     0
                     0
                     0
                     0
                     0
                     0
                     0
                     0
                     0
                     0
                     0
                     0
                     0
                     0
                     0
                     0
                     0
                     0
                     0
                     0
                     0
                     0
                     0
                     0
                     0
                     0
                     0
                     0
                     0
                     0
                     0
                     0
                     0
                     0
                     0
                     0
                     0
                     0
                     0
                     0
                     0
                     0
                     0
                     0
                     0
                     0
                     0
                     0
                     0
                     0
                     0
                     0
                     0
                     0
                     0
                     0
                     0
                     0
                     0
                     0
                     0
                     0
                     0
                     0
                     0
                     0
                     0
                     0
                     0
                     0
                     0
                     0
                     0
                     0
                     0
                     0
                     0
                     0
                     0
                     0
                     0
                     0
                     0
                     0
                     0
                     0
                     0
                     0
                     0
                     0
                     0
                     0
                     0
                     0
                     0
                     0
                     0
                     0
                     0
                     0
                     0
                     0
                     0
                     0
                     0
                     0
                     0
                     0
                     0
                     0
                     0
                     0
                     0
                     0
                     0
                     0
                     0
                     0
                     0
                     0
                     0
                     0
                     0
                     0
                     0
                     0
                     0
                     0
                     0
                     0
                     0
                     0
                     0
                     0
                     0
                     0
                     0
                     0
                     0
                     0
                     0
                     0
                     0
                     0
                     0
                     0
                     0
                     0
                     0
                     0
                     0
                     0
                     0
                     0
                     0
                     0
                     0
                     0
                     0
                     0
                     0
                     0
                     0
                     0
                     0
                     0
                     0
                     0
                     0
                     0
                     0
                     0
                     0
                     0
                     0
                     0
                     0
                     0
                     0
                     0
                     0
                     0
                     0
                     0
                     0
                     0
                     0
                     0
                     0
                     0
                     0
                     0
                     0
                     0
                     0
                     0
                     0
                     0
                     0
                     0
                     0
                     0
                     0
                     0
                     0
                     0
                     0
                     0
                     0
                     0
                     0
                     0
                     0
                     0
                     0
                     0
                     0
                     0
                     0
                     0
                     0
                     0
                     0
                     0
                     0
                     0
                     0
                     0
                     0
                     0
                     0
                     0
                     0
                     0
                     0
                     0
                     0
                     0
                     0
                     0
                     0
                     0
                     0
                     0
                     0
                     0
                     0
                     0
                     0
                     0
                     0
                     0
                     0
                     0
                     0
                     0
                     0
                     0
                     0
                     0
                     0
                     0
                     0
                     0
                     0
                     0
                     0
                     0
                     0
                     0
                     0
                     0
                     0
                     0
                     0
                     0
                     0
                     0
                     0
                     0
                     0
                     0
                     0
                     0
                     0
                     0
                     0
                     0
                     0
                     0
                     0
                     0
                     0
                     0
                     0
                     0
                     0
                     0
                     0
                     0
                     0
                     0
                     0
                     0
                     0
                     0
                     0
                     0
                     0
                     0
                     0
                     0
                     0
                     0
                     0
                     0
                     0
                     0
                     0
                     0
                     0
                     0
                     0
                     0
                     0
                     0
                     0
                     0
                     0
                     0
                     0
                     0
                     0
                     0
                     0
                     0
                     0
                     0
                     0
                     0
                     0
                     0
                     0
                     0
                     0
                     0
                     0
                     0
                     0
                     0
                     0
                     0
                     0
                     0
                     0
                     0
                     0
                     0
                     0
                     0
                     0
                     0
                     0
                     0
                     0
                     0
                     0
                     0
                     0
                     0
                     0
                     0
                     0
                     0
                     0
                     0
                     0
                     0
                     0
                     0
                     0
                     0
                     0
                     0
                     0
                     0
                     0
                     0
                     0
                     0
                     0
                     0
                     0
                     0
                     0
                     0
                     0
                     0
                     0
                     0
                     0
                     0
                     0
                     0
                     0
                     0
                     0
                     0
                     0
                     0
                     0
                     0
                     0
                     0
                     0
                     0
                     0
                     0
                     0
                     0
                     0
                     0
                     0
                     0
                     0
                     0
                     0
                     0
                     0
                     0
                     0
                     0
                     0
                     0
                     0
                     0
                     0
                     0
                     0
                     0
                     0
                     0
                     0
                     0
                     0
                     0
                     0
                     0
                     0
                     0
                     0
                     0
                     0
                     0
                     0
                     0
                     0
                     0
                     0
                     0
                     0
                     0
                     0
                     0
                     0
                     0
                     0
                     0
                     0
                     0
                     0
                     0
