311
-2.6347311790663061e-08 
-6.958189540156589e-08 
-2.8023274449088458e-08 
-1.9263143664989838e-08 
3.0614452392707219e-09 
1.1204129506005458e-08 
1.8836583007803577e-08 
2.2398815900920083e-08 
2.2977043099120092e-08 
2.2929086902071624e-08 
2.130288332026394e-08 
2.0437002867332496e-08 
1.8354374900938144e-08 
1.7565685547328761e-08 
1.6231474667648476e-08 
1.6506481956896231e-08 
1.5065302208059545e-08 
1.5931173439992357e-08 
-1.4662987919639094e-08 
-1.5517419086729286e-08 
-1.4147969805883085e-08 
-1.5076028037927943e-08 
-1.3463913373099952e-08 
-1.4234234897630118e-08 
-1.26209960789456e-08 
-1.3239369483733997e-08 
-1.2181289977422376e-08 
-1.2949973459823062e-08 
-1.1977928151544043e-08 
-1.2914218912616249e-08 
-1.1707526626737228e-08 
-1.2540817254914912e-08 
-1.0834530198366589e-08 
-1.0503436959180574e-08 
9.678392436128326e-09 
1.1666710313124006e-08 
-1.1455420917560944e-08 
-1.2110023352600349e-08 
-1.0321248099908547e-08 
1.0615247060358051e-08 
1.0035859084071077e-08 
-1.1000790543027641e-08 
1.0434329500812622e-08 
1.0775771867627938e-08 
9.6095600766782383e-09 
1.0080424138374875e-08 
9.3418460111946181e-09 
9.8571322082997592e-09 
9.6429108383400997e-09 
1.0252779055879164e-08 
8.793926494573264e-09 
8.9854955335853641e-09 
9.1670320669188625e-09 
9.5029159994829563e-09 
8.1357001921547192e-09 
8.9414524747708349e-09 
9.2330131621896039e-09 
8.9301336324552924e-09 
7.9981537622809356e-09 
8.8474432885351018e-09 
7.7920723532285772e-09 
6.9530959563732457e-09 
7.8024983973396029e-09 
8.7527602602639808e-09 
-8.253748336411827e-09 
-8.0242940649237245e-09 
-6.6605865920880512e-09 
6.868900257759681e-09 
8.3522112797280916e-09 
-8.1316437212447479e-09 
-7.1206751808021417e-09 
-8.2996555562807345e-09 
7.7303562838612842e-09 
6.2008689640663163e-09 
-8.19690464882576e-09 
-7.7240560933476463e-09 
4.2943654944049306e-09 
-7.1733321743014869e-09 
-8.2997184370513431e-09 
6.493325641931578e-09 
7.1062377744773593e-09 
-5.2300017881458724e-09 
7.8648400489297167e-09 
1.079628227334718e-08 
5.283708414820088e-09 
2.1689556868582811e-09 
-1.6217489349195943e-08 
-4.2966934463032887e-09 
-2.3152770169118501e-09 
-7.774428195445823e-09 
9.3406909226543873e-09 
6.304250491614269e-09 
-4.1178487704619832e-09 
2.7142986191556704e-10 
2.1496764316098619e-08 
-1.7097045833524322e-08 
-2.929695162704547e-08 
-2.4681354526225945e-10 
3.5573736750382021e-08 
5.2826017770747858e-09 
2.7344443647230169e-08 
9.4687861505516029e-09 
6.9629344859493343e-08 
1.3405088351462512e-08 
-7.1383924196740079e-08 
-4.5075767961175906e-08 
-6.6144929168279289e-08 
-4.7028770758239188e-08 
4.835956353217975e-08 
8.3226464486499762e-08 
4.2457172352006871e-08 
7.7618535767316078e-08 
-9.5447249953689951e-09 
1.00911601104055e-07 
-4.6337946178991059e-09 
-7.6557236056426725e-08 
4.9223568410722186e-08 
9.6663933936711535e-08 
-5.5943969879427088e-08 
-4.6473505952626153e-08 
9.0645307898927722e-08 
3.0812908909404996e-08 
-9.0279803782527218e-08 
2.0828424618754265e-08 
9.4984844371281318e-08 
-4.559492000601899e-08 
-6.9034587036440833e-08 
9.3183355818899276e-08 
4.5332221308506512e-08 
-9.9819597837382089e-08 
2.4444568840085053e-08 
1.1008784705041749e-07 
-6.6443962291387583e-08 
-6.2769164285358899e-08 
1.1582965875748837e-07 
1.7394727297081368e-08 
-1.09187331487613e-07 
5.5918606716234529e-08 
1.0438903416138773e-07 
-9.1632476954957706e-08 
-4.3672673912060668e-08 
1.350602852525165e-07 
-1.7914399903772424e-08 
-1.2273749682902619e-07 
1.0047052760035942e-07 
9.4041796006827989e-08 
-1.2101390798534997e-07 
-2.5661371204192558e-08 
1.5032891137033092e-07 
-1.9316766326101542e-08 
-1.3392954505227874e-07 
7.9169342302559648e-08 
1.2973556902875083e-07 
-9.7194488952056986e-08 
-1.0096930891509058e-07 
1.3384989951843586e-07 
1.0682444075183789e-07 
-1.2548337661113713e-07 
-1.0439962915500121e-07 
1.3883073530119457e-07 
1.4046871099144086e-07 
-9.3262315674378446e-08 
-1.5128779795951863e-07 
6.0203434067157178e-08 
1.8330752444184678e-07 
2.6240842458705768e-08 
-1.5985913296764989e-07 
-8.3582778935151853e-08 
1.3250591351147855e-07 
1.4432302333436604e-07 
-1.8591450774570862e-08 
-1.5855418931747068e-07 
-9.6196586272446763e-08 
1.161788381304918e-07 
1.5576507894223472e-07 
1.0838892676809868e-08 
-1.3946364115937381e-07 
-9.3492682852830067e-08 
9.3874715627291898e-08 
1.4478582949272949e-07 
6.3205483460949964e-08 
-1.1854130466866051e-07 
-1.3094652242520003e-07 
3.2714764289696514e-09 
1.3829351823905089e-07 
1.1503083693153185e-07 
-4.3887768208882561e-08 
-1.3256577693249699e-07 
-8.1911795100317047e-08 
9.4073831301208431e-08 
1.3888268227967995e-07 
7.3487989704929951e-08 
-8.9683221262719952e-08 
-1.2873543288466032e-07 
-1.1583018916679523e-08 
1.2656740181083486e-07 
1.4129795731921511e-07 
3.1169368601219358e-08 
-1.0537071507388612e-07 
-1.2476564649623497e-07 
2.0892290483178324e-08 
1.3370072507532979e-07 
-1.39816139998056e-07 
2.439030779020744e-08 
1.1390114106527293e-07 
1.2021207267694541e-07 
-4.1411367457000315e-08 
1.4101031205171759e-07 
1.2895542934492232e-07 
-6.1697952736750646e-08 
-1.2141348136762024e-07 
1.1964858012210247e-07 
-5.0259955012857666e-08 
-1.4858710664845096e-07 
-1.2622303017794636e-07 
-7.2944881917238705e-08 
-1.2951466929094446e-07 
-1.2279990488073672e-07 
-5.004830709481137e-08 
-1.5660102233060507e-07 
-1.3203025722577441e-07 
-6.9676737560559676e-08 
-1.362349576264675e-07 
-1.3111919858638225e-07 
-3.9194920388354338e-08 
-1.6069828397725973e-07 
-1.4732283310735571e-07 
-5.0979874569643246e-08 
-1.3644271592365441e-07 
-1.4539167042672697e-07 
-1.3240010699454942e-08 
-1.5648753657561768e-07 
1.660800437133921e-07 
-1.2508958173221539e-08 
1.2409397092836775e-07 
1.6049584484502768e-07 
-3.2545943441788752e-08 
1.3425632653363703e-07 
-1.7510532247820284e-07 
-4.1575843970630401e-08 
-8.6367870444978754e-08 
-1.6616191489972695e-07 
8.7803369667968049e-08 
-7.7634275432352824e-08 
1.6521979930537338e-07 
8.9605104814287402e-08 
7.5037711808032643e-09 
1.4735865737607619e-07 
-1.2022398365187189e-07 
-6.2728629173353998e-09 
-1.1904957304828222e-07 
1.1619261324326832e-07 
6.8539726926126689e-08 
6.8707066756703761e-08 
1.2491045766334346e-07 
-6.1167628634704892e-08 
-5.6751885529421938e-09 
-1.1133597638530247e-07 
9.2170955575705683e-08 
2.1715956304442289e-08 
7.1797382759521514e-08 
-8.9110270858467623e-08 
-5.958780814538301e-08 
-6.6773944855560542e-09 
8.8593121392796859e-08 
5.1177048122909547e-08 
-4.362789992092964e-08 
-4.1124932633759234e-08 
-7.65224047332488e-08 
3.9223992283590672e-08 
-2.8839476166722498e-08 
4.6519403192191849e-08 
-5.7449496853695662e-08 
2.4763673602125101e-08 
1.8603299180302991e-08 
5.8149272027018757e-08 
-4.6095420368515049e-08 
2.4248870818094231e-08 
1.1625438278580953e-08 
4.1953006804870764e-08 
-3.6147701670237446e-08 
1.5138563450723794e-08 
5.2184469387643116e-09 
5.3103171440391085e-08 
-3.4815466706131969e-08 
1.9587028688291678e-08 
-1.3888718655250095e-08 
2.5466783799722126e-08 
-2.6028285885914467e-08 
1.2913460312657118e-08 
-1.1446763981499948e-08 
-4.0753671216243812e-08 
-3.4537474978042579e-08 
1.7013600050055056e-08 
-1.7739883823094411e-08 
-9.1613391425555133e-09 
2.3008998384264335e-08 
-1.4851173028053858e-08 
-1.3126198460214369e-08 
-9.4838621514839064e-09 
4.067963577453687e-08 
-1.6441841475083983e-08 
1.7610527248115428e-08 
-1.5734503975327017e-09 
3.6192748998155216e-08 
-4.0163499050601408e-08 
3.0679901621627467e-08 
-1.0865422810844471e-08 
1.1970525793438032e-08 
4.8814785800986375e-08 
-7.4147279020260606e-08 
