311
-1.3780698187064936e-07 
-3.015866960552658e-07 
5.408695650572955e-08 
-8.0990812040465351e-08 
5.4928553142047394e-08 
-3.2833559565042997e-08 
4.8113447248819524e-08 
-8.5363561887691278e-09 
3.5788961960840434e-08 
-1.9058606446607908e-09 
2.4324204248567439e-08 
1.0697260040840158e-09 
1.6857354986088394e-08 
2.7420245103667326e-09 
1.2030907387892528e-08 
4.7565766164989485e-09 
9.3845165357310764e-09 
6.7050883400140783e-09 
-7.8837839318703428e-09 
-7.8621098430494865e-09 
-6.3338637132021262e-09 
-8.6243116270507864e-09 
-5.1748771304349953e-09 
-8.7882426301054487e-09 
-4.144637219181106e-09 
-8.8146304837038086e-09 
-3.3284736234257786e-09 
-8.9186395357569892e-09 
-2.8065134613114102e-09 
-9.243547962614988e-09 
-2.3055266515587629e-09 
-9.3176146946854761e-09 
-1.7753356025422296e-09 
-8.0331529746076255e-09 
1.4268644940102503e-09 
9.0685417099493759e-09 
-1.4230122631910188e-09 
-9.5590347208808602e-09 
-1.0798823105795527e-09 
8.5043810462340149e-09 
9.0175529617274403e-10 
-8.9368338877580868e-09 
7.6456987605183422e-10 
8.845092046001291e-09 
5.6062003031320905e-10 
8.3702087073493924e-09 
4.4027839023331443e-10 
8.2210460568850976e-09 
4.0059859376831374e-10 
8.6261552949642688e-09 
2.818906855280294e-10 
7.5949444439981983e-09 
2.1814898202805074e-10 
8.0940623887197971e-09 
7.5133866867118442e-11 
7.6501936626531986e-09 
7.3469454828137261e-11 
7.6841669419137576e-09 
-5.4034429599970704e-11 
7.6777991904456055e-09 
-7.1215503340395352e-11 
5.9680504154696345e-09 
-1.3497800888971117e-10 
7.6451829674500893e-09 
1.3526860052832983e-10 
-7.0204114496396435e-09 
4.5845701651484887e-10 
5.9864592462885256e-09 
2.2729468178978482e-10 
-7.2659041084981091e-09 
9.5120210044290955e-10 
-7.087967196399295e-09 
2.4790652149711743e-10 
5.6276536229088229e-09 
2.2301788520887537e-10 
-7.0879394422336939e-09 
-1.3419615895466494e-09 
-5.7168927417879764e-09 
-2.1063302586975082e-10 
6.7039026188410861e-09 
9.1476846857963472e-11 
-2.8649714195249911e-09 
3.0323717741609568e-10 
1.7917425233537559e-08 
1.1693031267402176e-08 
-1.2673153054922805e-08 
-1.3886564930333754e-08 
-1.2704936368317025e-08 
-1.3870053716586492e-08 
-5.4110474222851629e-09 
3.1082151043952699e-11 
6.758941974130335e-09 
-7.2184818307959733e-09 
-2.1152922303607369e-08 
6.2180546610087365e-09 
-9.6498337437692748e-08 
-4.4794276173964943e-08 
1.1075248829917897e-07 
4.9172392828450564e-08 
8.9434258117170929e-08 
7.4448359830610194e-08 
-1.2363015767254365e-07 
1.6434845919396081e-07 
-1.7691841971240668e-07 
-2.2717230712213314e-07 
1.1657186564402702e-07 
-2.1370450812202426e-07 
5.3889278406100606e-08 
2.5526295517315079e-07 
2.1172838172112898e-08 
2.4528016541666027e-07 
7.9009078376715794e-08 
-2.4068144366099879e-07 
1.5631489948078327e-07 
1.7077344254676679e-07 
-1.9507408146530452e-07 
-1.1393933039644341e-07 
2.9309047009436455e-07 
2.173213021445707e-08 
-2.349883831165458e-07 
9.2965045771903431e-08 
2.4826678609037315e-07 
-1.8147336442139243e-07 
-1.6137122927272524e-07 
2.3763569944058511e-07 
7.2543868475119364e-08 
-2.9143281705360486e-07 
5.1021247108011722e-08 
2.7345997590804492e-07 
-1.5637272743705601e-07 
-1.7930540509592099e-07 
2.6143028924071715e-07 
1.7932662197053755e-08 
-2.82144538350469e-07 
1.2805328740085564e-07 
2.3241560641264672e-07 
-2.3759870390662962e-07 
-9.6543331192365447e-08 
2.932206338921394e-07 
-3.7737552053155506e-08 
-2.788975086701163e-07 
1.7854250269504507e-07 
1.5605731126800146e-07 
-2.7775626643183114e-07 
8.5323204609463196e-09 
3.0896423245895351e-07 
-1.4165226398576543e-07 
-2.3654087024224261e-07 
2.3670274554812656e-07 
1.4851772172200083e-07 
-3.0267936250881769e-07 
-3.8936379723482535e-08 
3.1623746710363178e-07 
-3.2441081579292141e-08 
-3.1651042818767734e-07 
9.4867883025628542e-08 
3.0586225196858803e-07 
-1.0253239988245143e-07 
-3.1422326664014828e-07 
9.9041770967680953e-08 
3.276426874853458e-07 
-2.8170556607082336e-08 
-3.3326027667740703e-07 
-5.0595744677414292e-08 
3.1664573102586769e-07 
1.7313762860387459e-07 
-2.5814756537792628e-07 
-2.5620625301232613e-07 
1.4080732186578173e-07 
3.1729068969830181e-07 
4.3203591970436813e-08 
-3.0353133013986089e-07 
-2.5522304667659246e-07 
1.5085234706442058e-07 
3.0352952798202744e-07 
6.6596532866261661e-08 
-2.7447310553235505e-07 
-2.2093128365129584e-07 
1.3845575847595711e-07 
2.9027695641532678e-07 
1.1983011339484115e-07 
-2.3916390487140421e-07 
-2.6963131507218305e-07 
3.6264115593327829e-10 
2.6174248231374277e-07 
2.0031338292808776e-07 
-1.3071856158147649e-07 
-2.5422409279786801e-07 
-1.3384442414093844e-07 
2.0379386766198936e-07 
2.4908039639052032e-07 
6.1795267525312715e-08 
-2.1551668551182334e-07 
-2.0821186443375869e-07 
4.4973070937939307e-08 
2.3586170271406998e-07 
2.0985251656632838e-07 
-5.314534726225157e-08 
-2.1927605115240956e-07 
-1.5075387963566981e-07 
1.1952166485698469e-07 
2.1294028644157866e-07 
-1.3491884660905109e-07 
1.4209702492921313e-07 
2.0401600271343761e-07 
9.414027994900612e-08 
-1.4970619204719994e-07 
1.9015798648523712e-07 
6.2040912216651842e-08 
-1.6958640905078004e-07 
-1.8562748570824979e-07 
5.5050824590402675e-08 
-1.532414321921766e-07 
-1.6916809455803464e-07 
-2.8538172996876671e-08 
-1.652992255773861e-07 
-1.680652208109627e-07 
-3.2718642071547584e-08 
-1.4558371078954209e-07 
-1.5240249699363099e-07 
-1.9308514494716238e-08 
-1.523457014831301e-07 
-1.5307581975130342e-07 
-2.5368732241870593e-08 
-1.3152826385190679e-07 
-1.3989622949502745e-07 
-2.7204461962619998e-08 
-1.3442724458152467e-07 
-1.4042896350715218e-07 
-3.0060238518635702e-08 
-1.1071574741631647e-07 
-1.3087066672161639e-07 
4.4889229034144635e-08 
-1.0907973500252265e-07 
1.2866555659741459e-07 
4.2809931260859286e-08 
8.0235245227504307e-08 
1.2232525016701839e-07 
-6.2731721345563055e-08 
7.5479227560624135e-08 
-1.1493338856509317e-07 
-5.8467955382279277e-08 
-4.1224027908061987e-08 
-1.0934298728828393e-07 
7.6707812906648166e-08 
-4.0645970559947471e-08 
8.8607397328974658e-08 
8.0164005092005335e-08 
6.8827096588788132e-09 
8.0631092616974754e-08 
-9.0608499903869106e-08 
-9.2861219345045112e-09 
-4.8005705591043486e-08 
9.2253991287324872e-08 
2.6157563596559519e-08 
4.9670453793900492e-08 
7.7264344034877362e-08 
-5.43934370009679e-08 
-1.9476306533044177e-08 
-6.9224271951324887e-08 
7.1776797251405413e-08 
1.5329490667888667e-08 
4.3278824714896665e-08 
-7.2627643654795904e-08 
3.3850520644976291e-08 
-4.6671855925070555e-08 
5.0997008494285467e-08 
-7.0582011535666736e-08 
2.2745482052022121e-09 
-5.1799462841973998e-08 
5.6751423689065533e-08 
5.1332296879017799e-08 
2.5444041185932172e-08 
-5.621419146045179e-08 
-5.9639650768791241e-08 
3.969870688703594e-08 
3.3642492376471227e-08 
-5.518465375240674e-08 
-5.8260943347295889e-08 
2.0833955489574597e-08 
3.9800000736324569e-08 
-5.641756141828153e-08 
-6.1609283246083638e-08 
2.2252439728822519e-08 
3.7497278933422146e-08 
-5.3950145135565267e-08 
5.4056719596390212e-08 
1.6952854011612159e-08 
4.0600845877963243e-08 
-5.412507654212047e-08 
5.3523575084507362e-08 
-3.8708881332738303e-08 
3.4442210145236536e-08 
-4.7847964298123471e-08 
5.1938193753698218e-08 
-3.5014248587822804e-08 
-2.6970507652948876e-08 
5.3023115805448074e-08 
4.7418352033175668e-08 
-5.9330198281189203e-08 
-3.7999847036077083e-10 
4.2228244390038851e-08 
-4.5821463926293959e-08 
5.5417261764550526e-08 
3.5891711731045588e-08 
4.0386421772736935e-08 
-5.2170643883474276e-08 
5.6070408704554332e-08 
-6.3841297734389147e-08 
3.0333074777264658e-08 
7.6610388474482724e-08 
