2 1 785152 0.04745968   28.3400   13.1000   31.0800    1.4444    0.6678    1.5838  3.440  3.138  7.441   13.7851    0.0061  200.0000 4000.0000
2 2 785152 0.05858053   24.1800   14.7400   26.7200    1.5208    0.9274    1.6806  6.535  5.914 10.716   26.1654    0.0068  200.0000 4000.0000
2 4 785152 0.06635471   27.0300   19.4100   31.0200    1.9260    1.3829    2.2098 10.320  8.995 14.374   41.3081    0.0066  200.0000 4000.0000
2 8 785152 0.07107058   28.5800   22.7500   33.4900    2.1809    1.7362    2.5556 18.228 15.556 22.897   72.9372    0.0069  200.0000 4000.0000
2 16 785152 0.07368914   29.5200   27.7100   35.0700    2.3361    2.1922    2.7750 34.035 28.651 36.269  136.1712    0.0077  200.0000 4000.0000
2 32 785152 0.07507214   30.0600   28.5500   35.3000    2.4230    2.3018    2.8454 65.627 55.884 69.084  262.5422    0.0077  200.0000 4000.0000
2 48 785152 0.07554475   30.4400   28.8900   35.7800    2.4688    2.3430    2.9026 96.616 82.175 101.801  386.4973    0.0075  200.0000 4000.0000
4 1 785152 0.04745968   60.1900   17.9800   68.1700    3.0670    0.9162    3.4740  1.620  1.430  5.424    6.5056    0.0063  200.0000 4000.0000
4 2 785152 0.05858053   47.2700   23.0400   52.2500    2.9735    1.4492    3.2867  3.342  3.024  6.858   13.3952    0.0062  200.0000 4000.0000
4 4 785152 0.06635471   53.8400   33.2200   61.9400    3.8357    2.3671    4.4134  5.182  4.504  8.397   20.7537    0.0064  200.0000 4000.0000
4 8 785152 0.07107058   56.4900   40.4800   66.2900    4.3108    3.0891    5.0589  9.222  7.858 12.869   36.9136    0.0066  200.0000 4000.0000
4 16 785152 0.07368914   58.8900   48.6100   68.9100    4.6597    3.8464    5.4524 17.063 14.582 20.671   68.2884    0.0076  200.0000 4000.0000
4 32 785152 0.07507214   58.7900   54.9100   69.2000    4.7390    4.4264    5.5782 33.555 28.506 35.924  134.2569    0.0083  200.0000 4000.0000
4 48 785152 0.07554475   59.8100   55.5300   70.8400    4.8514    4.5047    5.7460 49.166 41.511 52.950  196.6988    0.0072  200.0000 4000.0000
8 1 785152 0.04745968  114.0300   34.6300  130.2400    5.8111    1.7646    6.6370  0.855  0.749  2.816    3.4443    0.0060  200.0000 4000.0000
8 2 785152 0.05858053   91.5700   40.1800  101.7200    5.7601    2.5272    6.3985  1.725  1.553  3.933    6.9257    0.0061  200.0000 4000.0000
8 4 785152 0.06635471  102.8700   49.6000  119.2400    7.3295    3.5338    8.4956  2.712  2.340  5.625   10.8732    0.0062  200.0000 4000.0000
8 8 785152 0.07107058  107.1200   69.9500  124.6500    8.1748    5.3380    9.5125  4.863  4.179  7.447   19.4796    0.0065  200.0000 4000.0000
8 16 785152 0.07368914  104.4300   88.0300  116.4300    8.2626    6.9652    9.2123  9.623  8.631 11.415   38.5233    0.0072  200.0000 4000.0000
8 32 785152 0.07507214  103.9400   94.5400  117.0900    8.3785    7.6206    9.4382 18.979 16.848 20.866   75.9495    0.0076  200.0000 4000.0000
8 48 785152 0.07554475  105.7100   99.0000  119.6700    8.5749    8.0303    9.7069 27.816 24.573 29.703  111.2995    0.0075  200.0000 4000.0000
12 1 785152 0.04745968  158.1300   38.8400  174.9900    8.0582    1.9793    8.9172  0.617  0.557  2.511    2.4908    0.0061  200.0000 4000.0000
12 2 785152 0.05858053  133.1800   55.9900  148.5000    8.3772    3.5216    9.3407  1.186  1.064  2.822    4.7697    0.0062  200.0000 4000.0000
12 4 785152 0.06635471  141.2100   58.4500  166.1700   10.0607    4.1641   11.8392  1.976  1.679  4.773    7.9272    0.0061  200.0000 4000.0000
12 8 785152 0.07107058  149.6300   79.9000  171.6800   11.4185    6.0974   13.1008  3.482  3.034  6.520   13.9546    0.0065  200.0000 4000.0000
12 16 785152 0.07368914  132.3500   91.5900  143.2200   10.4721    7.2467   11.3319  7.592  7.016 10.972   30.4069    0.0076  200.0000 4000.0000
12 32 785152 0.07507214  129.3700  119.6500  139.0000   10.4286    9.6445   11.2043 15.248 14.192 16.488   61.0266    0.0079  200.0000 4000.0000
12 48 785152 0.07554475  128.2400  118.6300  137.9700   10.4021    9.6226   11.1917 22.930 21.312 24.788   91.7547    0.0072  200.0000 4000.0000
18 1 785152 0.04745968  214.0500   32.8600  244.3500   10.9077    1.6743   12.4517  0.456  0.399  2.968    1.8458    0.0060  200.0000 4000.0000
18 2 785152 0.05858053  196.2700   47.1200  217.6900   12.3452    2.9636   13.6928  0.805  0.726  3.353    3.2438    0.0060  200.0000 4000.0000
18 4 785152 0.06635471  203.2500   73.7600  240.8100   14.4808    5.2552   17.1570  1.373  1.159  3.782    5.5151    0.0060  200.0000 4000.0000
18 8 785152 0.07107058  202.0900  100.5700  222.9900   15.4220    7.6746   17.0171  2.578  2.336  5.180   10.3381    0.0065  200.0000 4000.0000
18 16 785152 0.07368914  128.4000  101.5200  149.2800   10.1595    8.0325   11.8115  7.826  6.731  9.898   31.3362    0.0074  200.0000 4000.0000
18 32 785152 0.07507214  132.3100  124.3700  142.5400   10.6652   10.0251   11.4902 14.910 13.839 15.862   59.6706    0.0071  200.0000 4000.0000
18 48 785152 0.07554475  130.3500  122.5400  136.0800   10.5738    9.9398   11.0379 22.558 21.610 23.997   90.2657    0.0080  200.0000 4000.0000
36 1 785152 0.04745968  329.4500   20.9400  361.5700   16.7885    1.0671   18.4253  0.296  0.270  4.657    1.2092    0.0060  200.0000 4000.0000
36 2 785152 0.05858053  332.1400   43.0900  371.6400   20.8915    2.7102   23.3761  0.476  0.425  3.667    1.9276    0.0059  200.0000 4000.0000
36 4 785152 0.06635471  361.8100   71.7900  390.0700   25.7782    5.1151   27.7919  0.771  0.715  3.886    3.1094    0.0063  200.0000 4000.0000
36 8 785152 0.07107058  264.7300   94.5200  275.3400   20.2018    7.2133   21.0115  1.968  1.892  5.511    7.8977    0.0068  200.0000 4000.0000
36 16 785152 0.07368914  147.0600   89.7900  158.4100   11.6356    7.1044   12.5340  6.833  6.343 11.191   27.3651    0.0074  200.0000 4000.0000
36 32 785152 0.07507214  145.4000  131.1900  148.9400   11.7200   10.5746   12.0055 13.568 13.245 15.037   54.3041    0.0079  200.0000 4000.0000
36 48 785152 0.07554475  139.6900  122.2000  147.5500   11.3308    9.9119   11.9689 21.051 19.928 24.064   84.2362    0.0076  200.0000 4000.0000
72 1 785152 0.04745968  487.9600   12.3300  539.4700   24.8663    0.6281   27.4912  0.200  0.181  7.911    0.8234    0.0064  200.0000 4000.0000
72 2 785152 0.05858053  523.9600   29.6400  591.5200   32.9572    1.8641   37.2067  0.302  0.267  5.332    1.2323    0.0070  200.0000 4000.0000
72 4 785152 0.06635471  515.7000   96.0100  574.2500   36.7427    6.8406   40.9144  0.541  0.486  2.906    2.1889    0.0061  200.0000 4000.0000
72 8 785152 0.07107058  261.8300   88.1800  289.3900   19.9807    6.7290   22.0834  1.990  1.800  5.908    7.9863    0.0066  200.0000 4000.0000
72 16 785152 0.07368914  158.2900   49.0000  169.4300   12.5242    3.8768   13.4062  6.348  5.931 20.509   25.4248    0.0069  200.0000 4000.0000
72 32 785152 0.07507214  114.2800   49.5200  128.4000    9.2117    3.9914   10.3503 17.262 15.363 39.840   69.0837    0.0073  200.0000 4000.0000
72 48 785152 0.07554475  126.2100   69.7800  137.5300   10.2372    5.6606   11.1560 23.300 21.381 42.137   93.2315    0.0070  200.0000 4000.0000
2 1 3143168 0.06248795   18.9700   15.6600   19.3500    1.2730    1.0508    1.2982 15.632 15.329 18.938   62.5542    0.0064  200.0000 4000.0000
2 2 3143168 0.08331191   16.7600   14.9700   17.7500    1.4992    1.3394    1.5879 26.548 25.065 29.714  106.2189    0.0071  200.0000 4000.0000
2 4 3143168 0.09996915   17.0700   15.7800   18.5200    1.8325    1.6939    1.9877 43.438 40.045 46.991  173.7867    0.0079  200.0000 4000.0000
2 8 3143168 0.11107302   17.8800   17.0800   19.4500    2.1321    2.0368    2.3192 74.666 68.644 78.161  298.7025    0.0078  200.0000 4000.0000
2 16 3143168 0.11760435   19.5400   18.6800   21.3000    2.4673    2.3585    2.6901 129.050 118.358 135.001  516.2350    0.0077  200.0000 4000.0000
2 32 3143168 0.12116679   19.8700   18.8600   21.6500    2.5851    2.4543    2.8162 246.336 226.122 259.459  985.3790    0.0079  200.0000 4000.0000
2 48 3143168 0.12240272   19.9200   18.9100   21.7000    2.6176    2.4854    2.8514 364.913 334.990 384.323 1459.6882    0.0074  200.0000 4000.0000
4 1 3143168 0.06248795   38.8100   24.3000   40.7100    2.6037    1.6306    2.7317  7.643  7.285 12.204   30.5976    0.0060  200.0000 4000.0000
4 2 3143168 0.08331191   33.4900   25.6500   35.5400    2.9956    2.2949    3.1790 13.286 12.520 17.343   53.1695    0.0063  200.0000 4000.0000
4 4 3143168 0.09996915   33.9000   29.1200   36.6500    3.6384    3.1255    3.9338 21.877 20.235 25.468   87.5413    0.0074  200.0000 4000.0000
4 8 3143168 0.11107302   35.2400   32.0200   38.5200    4.2028    3.8190    4.5941 37.879 34.653 41.686  151.5571    0.0079  200.0000 4000.0000
4 16 3143168 0.11760435   38.3400   36.0600   41.9400    4.8420    4.5538    5.2958 65.757 60.123 69.919  263.0675    0.0077  200.0000 4000.0000
4 32 3143168 0.12116679   38.8400   36.9000   42.9600    5.0537    4.8002    5.5898 126.006 113.922 132.661  504.0627    0.0075  200.0000 4000.0000
4 48 3143168 0.12240272   39.1500   37.0000   43.1500    5.1459    4.8632    5.6716 185.624 168.417 196.415  742.5318    0.0073  200.0000 4000.0000
8 1 3143168 0.06248795   67.9700   39.3400   71.7700    4.5607    2.6397    4.8152  4.363  4.133  7.539   17.4824    0.0066  200.0000 4000.0000
8 2 3143168 0.08331191   62.2700   28.0000   65.8100    5.5701    2.5045    5.8873  7.145  6.760 15.891   28.6122    0.0079  200.0000 4000.0000
8 4 3143168 0.09996915   62.3700   49.6300   65.6300    6.6951    5.3275    7.0452 11.889 11.298 14.941   47.5942    0.0074  200.0000 4000.0000
8 8 3143168 0.11107302   63.5500   52.6800   67.7300    7.5797    6.2830    8.0782 21.003 19.707 25.338   84.0551    0.0075  200.0000 4000.0000
8 16 3143168 0.11760435   67.7600   62.6900   72.7700    8.5565    7.9166    9.1896 37.212 34.648 40.219  148.8858    0.0075  200.0000 4000.0000
8 32 3143168 0.12116679   67.4700   64.4200   72.4700    8.7786    8.3816    9.4291 72.540 67.535 75.975  290.1968    0.0078  200.0000 4000.0000
8 48 3143168 0.12240272   67.7200   64.0200   73.0500    8.8997    8.4143    9.6003 107.329 99.497 113.520  429.3537    0.0073  200.0000 4000.0000
12 1 3143168 0.06248795   88.1000   50.6100   90.5600    5.9110    3.3954    6.0760  3.367  3.275  5.861   13.4963    0.0069  200.0000 4000.0000
12 2 3143168 0.08331191   85.3800   50.3800   89.7000    7.6378    4.5069    8.0238  5.211  4.960  8.831   20.8740    0.0073  200.0000 4000.0000
12 4 3143168 0.09996915   80.6000   61.9700   85.6300    8.6522    6.6524    9.1917  9.200  8.660 11.966   36.8366    0.0076  200.0000 4000.0000
12 8 3143168 0.11107302   79.9800   73.9500   82.3800    9.5392    8.8193    9.8248 16.689 16.204 18.051   66.7960    0.0071  200.0000 4000.0000
12 16 3143168 0.11760435   81.6600   77.4500   85.1700   10.3113    9.7797   10.7546 30.879 29.606 32.557  123.5526    0.0074  200.0000 4000.0000
12 32 3143168 0.12116679   80.6000   76.7800   84.1300   10.4857    9.9895   10.9453 60.730 58.180 63.746  242.9600    0.0079  200.0000 4000.0000
12 48 3143168 0.12240272   78.7800   75.9800   82.4500   10.3536    9.9865   10.8361 92.257 88.150 95.648  369.0662    0.0075  200.0000 4000.0000
18 1 3143168 0.06248795   91.9100   44.5500   97.6300    6.1671    2.9891    6.5508  3.227  3.038  6.657   12.9353    0.0065  200.0000 4000.0000
18 2 3143168 0.08331191   88.0700   55.2400   95.6100    7.8784    4.9411    8.5527  5.052  4.654  8.055   20.2374    0.0068  200.0000 4000.0000
18 4 3143168 0.09996915   81.2000   62.7700   89.5900    8.7159    6.7373    9.6171  9.133  8.277 11.815   36.5672    0.0076  200.0000 4000.0000
18 8 3143168 0.11107302   81.4800   71.7500   87.4700    9.7170    8.5566   10.4319 16.384 15.261 18.605   65.5712    0.0074  200.0000 4000.0000
18 16 3143168 0.11760435   82.3700   78.0100   86.7500   10.4015    9.8513   10.9547 30.611 29.065 32.320  122.4817    0.0079  200.0000 4000.0000
18 32 3143168 0.12116679   77.9700   75.9700   81.5700   10.1442    9.8835   10.6128 62.775 60.002 64.430  251.1360    0.0081  200.0000 4000.0000
18 48 3143168 0.12240272   75.9000   74.2600   77.9800    9.9756    9.7604   10.2489 95.754 93.199 97.864  383.0522    0.0080  200.0000 4000.0000
36 1 3143168 0.06248795  106.1200   63.9600  109.3500    7.1200    4.2914    7.3368  2.795  2.712  4.637   11.2054    0.0060  200.0000 4000.0000
36 2 3143168 0.08331191  106.7500   70.6700  109.6900    9.5494    6.3215    9.8127  4.168  4.056  6.296   16.6997    0.0068  200.0000 4000.0000
36 4 3143168 0.09996915   96.2900   82.5900   98.3800   10.3362    8.8654   10.5600  7.701  7.538  8.979   30.8365    0.0070  200.0000 4000.0000
36 8 3143168 0.11107302   92.6100   80.2000   94.5700   11.0455    9.5647   11.2792 14.413 14.114 16.644   57.6874    0.0069  200.0000 4000.0000
36 16 3143168 0.11760435   91.3200   87.5200   93.5000   11.5317   11.0512   11.8071 27.611 26.967 28.811  110.4775    0.0075  200.0000 4000.0000
36 32 3143168 0.12116679   87.3700   83.9600   90.0400   11.3669   10.9237   11.7143 56.022 54.361 58.295  224.1245    0.0075  200.0000 4000.0000
36 48 3143168 0.12240272   86.0700   84.3800   88.0500   11.3126   11.0895   11.5719 84.436 82.544 86.135  337.7824    0.0075  200.0000 4000.0000
72 1 3143168 0.06248795  101.1600   18.5800  106.4900    6.7874    1.2467    7.1448  2.932  2.785 15.962   11.7535    0.0061  200.0000 4000.0000
72 2 3143168 0.08331191  110.4400   26.7600  114.5100    9.8794    2.3935   10.2431  4.029  3.885 16.629   16.1433    0.0066  200.0000 4000.0000
72 4 3143168 0.09996915   97.9200   34.8500   99.3400   10.5111    3.7412   10.6630  7.573  7.465 21.276   30.3236    0.0069  200.0000 4000.0000
72 8 3143168 0.11107302   91.0600   34.2500   94.6100   10.8598    4.0849   11.2832 14.660 14.109 38.973   58.6726    0.0072  200.0000 4000.0000
72 16 3143168 0.11760435   87.0500   49.3500   91.8000   10.9924    6.2315   11.5922 28.965 27.467 51.095  115.8965    0.0071  200.0000 4000.0000
72 32 3143168 0.12116679   86.8000   65.3600   88.2300   11.2922    8.5028   11.4782 56.393 55.479 74.892  225.6067    0.0073  200.0000 4000.0000
72 48 3143168 0.12240272   86.2200   71.0100   87.4700   11.3313    9.3329   11.4957 84.297 83.091 102.347  337.2239    0.0072  200.0000 4000.0000
2 1 12577792 0.06785341   15.9400   15.2900   16.1500    1.1614    1.1139    1.1769 68.578 67.674 71.504  274.3434    0.0069  200.0000 4000.0000
2 2 12577792 0.09313021   12.7800    9.1700   13.0000    1.2776    0.9173    1.3000 124.682 122.536 173.644  498.7671    0.0080  200.0000 4000.0000
2 4 12577792 0.11444720   14.3800   13.8400   14.7400    1.7673    1.7008    1.8114 180.261 175.878 187.317  721.0795    0.0077  200.0000 4000.0000
2 8 12577792 0.12923814   15.7800   15.3600   16.3300    2.1900    2.1314    2.2662 290.945 281.155 298.942 1163.8152    0.0086  200.0000 4000.0000
2 16 12577792 0.13816632   17.2800   16.5700   17.9500    2.5643    2.4581    2.6636 496.960 478.422 518.421 1987.8751    0.0083  200.0000 4000.0000
2 32 12577792 0.14310955   17.2400   16.4500   17.9500    2.6488    2.5280    2.7578 962.209 924.179 1008.163 3848.8703    0.0083  200.0000 4000.0000
2 48 12577792 0.14483684   17.4000   16.6400   18.1000    2.7061    2.5881    2.8144 1412.734 1358.345 1477.164 5650.9678    0.0081  200.0000 4000.0000
4 1 12577792 0.06785341   32.4200   28.8300   33.1300    2.3620    2.1003    2.4138 33.720 32.996 37.922  134.9096    0.0076  200.0000 4000.0000
4 2 12577792 0.09313021   25.3600   23.5000   25.9500    2.5362    2.3503    2.5949 62.808 61.385 67.774  251.2712    0.0077  200.0000 4000.0000
4 4 12577792 0.11444720   27.7600   27.0000   28.6700    3.4117    3.3184    3.5233 93.380 90.422 96.005  373.5593    0.0075  200.0000 4000.0000
4 8 12577792 0.12923814   30.9500   30.4300   32.3200    4.2954    4.2234    4.4848 148.338 142.074 150.867  593.3950    0.0076  200.0000 4000.0000
4 16 12577792 0.13816632   33.8600   32.5500   35.5300    5.0232    4.8296    5.2705 253.689 241.786 263.860 1014.7964    0.0084  200.0000 4000.0000
4 32 12577792 0.14310955   33.7700   32.4600   35.3300    5.1886    4.9880    5.4284 491.200 469.505 510.955 1964.8376    0.0086  200.0000 4000.0000
4 48 12577792 0.14483684   34.0300   32.5100   35.5900    5.2918    5.0557    5.5346 722.432 690.740 756.178 2889.7668    0.0079  200.0000 4000.0000
8 1 12577792 0.06785341   57.1900   41.5300   58.8900    4.1670    3.0258    4.2904 19.113 18.564 26.323   76.4886    0.0069  200.0000 4000.0000
8 2 12577792 0.09313021   46.9200   38.6300   48.0800    4.6917    3.8626    4.8083 33.952 33.128 41.239  135.8500    0.0078  200.0000 4000.0000
8 4 12577792 0.11444720   50.7200   46.9800   52.5500    6.2330    5.7732    6.4576 51.112 49.334 55.183  204.4920    0.0073  200.0000 4000.0000
8 8 12577792 0.12923814   56.4300   54.9900   58.7100    7.8313    7.6315    8.1474 81.362 78.204 83.492  325.4889    0.0081  200.0000 4000.0000
8 16 12577792 0.13816632   59.2700   57.3700   61.6900    8.7931    8.5112    9.1523 144.924 139.236 149.724  579.7339    0.0072  200.0000 4000.0000
8 32 12577792 0.14310955   57.1400   55.6900   59.6000    8.7807    8.5567    9.1584 290.258 278.285 297.854 1161.0729    0.0089  200.0000 4000.0000
8 48 12577792 0.14483684   57.5500   56.1500   59.7400    8.9499    8.7326    9.2903 427.155 411.502 437.783 1708.6551    0.0075  200.0000 4000.0000
12 1 12577792 0.06785341   70.3100   52.2500   72.1300    5.1227    3.8068    5.2552 15.547 15.156 20.922   62.2267    0.0079  200.0000 4000.0000
12 2 12577792 0.09313021   63.0000   48.8200   64.0900    6.2998    4.8815    6.4088 25.285 24.855 32.631  101.1802    0.0075  200.0000 4000.0000
12 4 12577792 0.11444720   65.9500   61.7100   67.8200    8.1050    7.5832    8.3338 39.307 38.228 42.011  157.2692    0.0078  200.0000 4000.0000
12 8 12577792 0.12923814   68.8800   67.0500   70.6500    9.5590    9.3038    9.8036 66.656 64.993 68.484  266.6645    0.0071  200.0000 4000.0000
12 16 12577792 0.13816632   68.3100   67.3700   69.7600   10.1335    9.9948   10.3499 125.755 123.126 127.500  503.0613    0.0071  200.0000 4000.0000
12 32 12577792 0.14310955   65.1100   64.3500   66.7600   10.0055    9.8887   10.2578 254.726 248.462 257.736 1018.9411    0.0076  200.0000 4000.0000
12 48 12577792 0.14483684   65.0900   64.3400   66.7400   10.1228   10.0060   10.3791 377.662 368.334 382.070 1510.6900    0.0079  200.0000 4000.0000
18 1 12577792 0.06785341   69.6400   65.5900   72.6300    5.0738    4.7784    5.2918 15.697 15.051 16.668   62.8249    0.0074  200.0000 4000.0000
18 2 12577792 0.09313021   62.3600   58.5300   64.8600    6.2361    5.8533    6.4858 25.544 24.560 27.214  102.2122    0.0071  200.0000 4000.0000
18 4 12577792 0.11444720   64.6300   63.5400   67.2500    7.9427    7.8082    8.2643 40.110 38.549 40.801  160.4790    0.0074  200.0000 4000.0000
18 8 12577792 0.12923814   67.0100   66.1500   68.8800    9.2993    9.1793    9.5580 68.518 66.663 69.413  274.1139    0.0072  200.0000 4000.0000
18 16 12577792 0.13816632   66.1100   62.1900   67.6000    9.8075    9.2260   10.0289 129.934 127.066 138.123  519.7804    0.0088  200.0000 4000.0000
18 32 12577792 0.14310955   63.4900   62.5500   64.7100    9.7561    9.6115    9.9440 261.237 256.302 265.168 1044.9860    0.0086  200.0000 4000.0000
18 48 12577792 0.14483684   62.4400   61.8100   63.4400    9.7106    9.6120    9.8660 393.695 387.492 397.731 1574.8238    0.0098  200.0000 4000.0000
36 1 12577792 0.06785341   70.1600   57.9100   74.7500    5.1114    4.2190    5.4459 15.582 14.625 18.878   62.3617    0.0071  200.0000 4000.0000
36 2 12577792 0.09313021   73.6700   69.8500   76.0200    7.3666    6.9850    7.6021 21.623 20.954 22.805   86.5325    0.0072  200.0000 4000.0000
36 4 12577792 0.11444720   75.8300   73.4700   77.5800    9.3181    9.0291    9.5338 34.190 33.416 35.284  136.7970    0.0071  200.0000 4000.0000
36 8 12577792 0.12923814   76.7600   75.1000   77.7200   10.6523   10.4219   10.7855 59.815 59.076 61.137  239.2990    0.0075  200.0000 4000.0000
36 16 12577792 0.13816632   73.8900   73.0600   74.9200   10.9627   10.8383   11.1153 116.243 114.646 117.577  465.0161    0.0076  200.0000 4000.0000
36 32 12577792 0.14310955   71.3000   70.5000   72.5100   10.9565   10.8329   11.1422 232.616 228.740 235.269  930.5043    0.0087  200.0000 4000.0000
36 48 12577792 0.14483684   71.3100   70.5300   72.2500   11.0893   10.9683   11.2358 344.748 340.252 348.550 1379.0392    0.0117  200.0000 4000.0000
72 1 12577792 0.06785341   20.7000   12.9600   25.4100    1.5082    0.9445    1.8510 52.808 43.028 84.323  211.2666    0.0073  200.0000 4000.0000
72 2 12577792 0.09313021   75.6000   53.1600   78.2000    7.5595    5.3154    7.8203 21.072 20.369 29.968   84.3259    0.0072  200.0000 4000.0000
72 4 12577792 0.11444720   77.5400   48.7200   79.1200    9.5281    5.9867    9.7224 33.436 32.768 53.215  133.7822    0.0070  200.0000 4000.0000
72 8 12577792 0.12923814   74.2400   63.8600   75.7800   10.3023    8.8622   10.5164 61.847 60.588 71.897  247.4283    0.0071  200.0000 4000.0000
72 16 12577792 0.13816632   73.8700   62.6000   74.9000   10.9583    9.2875   11.1115 116.289 114.686 137.210  465.1952    0.0075  200.0000 4000.0000
72 32 12577792 0.14310955   71.9500   67.8900   72.6200   11.0568   10.4324   11.1583 230.507 228.410 244.302  922.0650    0.0097  200.0000 4000.0000
72 48 12577792 0.14483684   72.8900   70.4700   73.8700   11.3354   10.9600   11.4885 337.262 332.768 348.814 1349.0911    0.0109  200.0000 4000.0000
2 1 50321408 0.06934155   14.8500   14.3500   14.9300    1.1058    1.0681    1.1118 288.176 286.622 298.353 1152.7375    0.0076  200.0000 4000.0000
2 2 50321408 0.09595670   13.1500   11.4000   13.4600    1.3553    1.1748    1.3864 470.279 459.729 542.530 1881.1533    0.0085  200.0000 4000.0000
2 4 50321408 0.11874557   14.5000   13.9700   14.7400    1.8483    1.7812    1.8797 689.669 678.148 715.660 2758.7104    0.0086  200.0000 4000.0000
2 8 50321408 0.13474606   15.4500   15.2400   15.5900    2.2353    2.2043    2.2558 1140.498 1130.175 1156.572 4562.0276    0.0085  200.0000 4000.0000
2 16 50321408 0.14448013   16.6500   16.1600   16.9000    2.5826    2.5076    2.6222 1974.280 1944.509 2033.345 7897.1532    0.0088  200.0000 4000.0000
2 32 50321408 0.14989431   16.3000   15.8700   16.5800    2.6235    2.5547    2.6680 3887.031 3822.257 3991.698 15548.1599    0.0093  200.0000 4000.0000
2 48 50321408 0.15179036   16.3500   15.8900   16.5900    2.6644    2.5896    2.7044 5741.003 5656.142 5906.901 22964.0453    0.0086  200.0000 4000.0000
4 1 50321408 0.06934155   29.5500   29.1400   29.8700    2.2001    2.1698    2.2239 144.847 143.294 146.869  579.4235    0.0076  200.0000 4000.0000
4 2 50321408 0.09595670   25.6100   25.0300   26.1300    2.6389    2.5785    2.6921 241.522 236.749 247.182  966.1247    0.0075  200.0000 4000.0000
4 4 50321408 0.11874557   27.9400   27.1300   28.5100    3.5625    3.4589    3.6356 357.812 350.619 368.530 1431.2867    0.0083  200.0000 4000.0000
4 8 50321408 0.13474606   30.4300   29.9200   30.9700    4.4028    4.3290    4.4806 579.042 568.980 588.906 2316.2046    0.0087  200.0000 4000.0000
4 16 50321408 0.14448013   32.7600   31.6500   33.4600    5.0815    4.9096    5.1901 1003.405 982.402 1038.547 4013.6574    0.0092  200.0000 4000.0000
4 32 50321408 0.14989431   32.0700   31.2300   32.8000    5.1616    5.0264    5.2787 1975.677 1931.843 2028.800 7902.7522    0.0115  200.0000 4000.0000
4 48 50321408 0.15179036   32.3000   31.3000   33.0700    5.2638    5.1020    5.3907 2905.986 2837.567 2998.104 11623.9948    0.0122  200.0000 4000.0000
8 1 50321408 0.06934155   55.2900   53.5400   56.1700    4.1165    3.9865    4.1822 77.414 76.198 79.938  309.6927    0.0071  200.0000 4000.0000
8 2 50321408 0.09595670   47.6600   46.9800   48.2300    4.9105    4.8401    4.9694 129.794 128.254 131.680  519.2146    0.0074  200.0000 4000.0000
8 4 50321408 0.11874557   50.3100   49.5200   50.8000    6.4150    6.3138    6.4765 198.707 196.818 201.890  794.8655    0.0080  200.0000 4000.0000
8 8 50321408 0.13474606   54.9900   53.8700   55.9400    7.9554    7.7947    8.0935 320.461 314.993 327.068 1281.8812    0.0077  200.0000 4000.0000
8 16 50321408 0.14448013   55.5300   54.4200   56.5700    8.6140    8.4425    8.7763 591.920 580.975 603.944 2367.7194    0.0077  200.0000 4000.0000
8 32 50321408 0.14989431   53.1900   52.2700   54.2600    8.5610    8.4120    8.7330 1191.168 1167.714 1212.269 4764.7142    0.0100  200.0000 4000.0000
8 48 50321408 0.15179036   53.9200   52.8300   54.9200    8.7881    8.6101    8.9514 1740.579 1708.819 1776.575 6962.3567    0.0086  200.0000 4000.0000
12 1 50321408 0.06934155   67.0300   62.4100   68.4000    4.9908    4.6465    5.0930 63.852 62.571 68.584  255.4445    0.0076  200.0000 4000.0000
12 2 50321408 0.09595670   62.3400   61.4600   63.1400    6.4231    6.3323    6.5055 99.227 97.971 100.650  396.9501    0.0080  200.0000 4000.0000
12 4 50321408 0.11874557   63.4600   62.9500   64.6100    8.0911    8.0265    8.2384 157.544 154.727 158.811  630.2151    0.0079  200.0000 4000.0000
12 8 50321408 0.13474606   64.0000   63.4000   65.1600    9.2594    9.1724    9.4281 275.332 270.406 277.942 1101.3652    0.0078  200.0000 4000.0000
12 16 50321408 0.14448013   62.0000   59.9300   62.9800    9.6180    9.2965    9.7706 530.131 521.849 548.466 2120.5671    0.0085  200.0000 4000.0000
12 32 50321408 0.14989431   60.1000   59.6400   61.0700    9.6722    9.5996    9.8286 1054.324 1037.544 1062.298 4217.3415    0.0105  200.0000 4000.0000
12 48 50321408 0.15179036   60.7100   59.8500   61.7300    9.8943    9.7549   10.0604 1545.978 1520.459 1568.080 6183.9585    0.0105  200.0000 4000.0000
18 1 50321408 0.06934155   70.6400   58.2900   72.4600    5.2595    4.3397    5.3952 60.591 59.067 73.433  242.3984    0.0076  200.0000 4000.0000
18 2 50321408 0.09595670   59.9800   58.7800   61.4800    6.1802    6.0564    6.3348 103.129 100.610 105.235  412.5556    0.0080  200.0000 4000.0000
18 4 50321408 0.11874557   61.3200   59.9400   62.3400    7.8186    7.6421    7.9482 163.033 160.376 166.800  652.1713    0.0084  200.0000 4000.0000
18 8 50321408 0.13474606   60.8800   60.4300   61.9200    8.8085    8.7425    8.9585 289.425 284.580 291.610 1157.7373    0.0089  200.0000 4000.0000
18 16 50321408 0.14448013   59.8500   59.3000   61.0600    9.2853    9.2001    9.4723 549.126 538.286 554.214 2196.5527    0.0123  200.0000 4000.0000
18 32 50321408 0.14989431   59.1200   57.9400   60.3100    9.5146    9.3248    9.7062 1071.780 1050.627 1093.594 4287.1862    0.0182  200.0000 4000.0000
18 48 50321408 0.15179036   58.9100   58.5900   59.7000    9.6017    9.5485    9.7303 1593.095 1572.034 1601.973 6372.4459    0.0178  200.0000 4000.0000
36 1 50321408 0.06934155   71.7000   67.4200   72.8200    5.3381    5.0198    5.4215 59.698 58.779 63.483  238.8267    0.0071  200.0000 4000.0000
36 2 50321408 0.09595670   71.4800   69.5800   72.4800    7.3650    7.1686    7.4675 86.537 85.350 88.908  346.1852    0.0070  200.0000 4000.0000
36 4 50321408 0.11874557   70.9500   66.5600   72.0100    9.0462    8.4862    9.1816 140.909 138.832 150.208  563.6762    0.0071  200.0000 4000.0000
36 8 50321408 0.13474606   68.8700   68.4000   69.9600    9.9649    9.8959   10.1219 255.839 251.870 257.622 1023.3960    0.0080  200.0000 4000.0000
36 16 50321408 0.14448013   67.5500   67.0100   68.6600   10.4797   10.3954   10.6522 486.542 478.662 490.486 1946.2188    0.0132  200.0000 4000.0000
36 32 50321408 0.14989431   67.5600   67.1200   68.3800   10.8743   10.8025   11.0057 937.770 926.573 944.004 3751.1403    0.0165  200.0000 4000.0000
36 48 50321408 0.15179036   67.6000   67.1600   68.6000   11.0182   10.9464   11.1811 1388.287 1368.055 1397.386 5553.2187    0.0176  200.0000 4000.0000
72 1 50321408 0.06934155   53.3500   43.8800   58.5200    3.9720    3.2671    4.3569 80.230 73.142 97.541  320.9554    0.0075  200.0000 4000.0000
72 2 50321408 0.09595670   70.0500   57.1900   71.8200    7.2179    5.8922    7.3996 88.301 86.133 108.169  353.2429    0.0072  200.0000 4000.0000
72 4 50321408 0.11874557   70.6000   64.7500   71.7500    9.0014    8.2558    9.1482 141.612 139.339 154.400  566.4819    0.0078  200.0000 4000.0000
72 8 50321408 0.13474606   68.7800   62.4900   69.8200    9.9515    9.0408   10.1023 256.184 252.357 281.989 1024.7757    0.0094  200.0000 4000.0000
72 16 50321408 0.14448013   65.3400   63.6900   66.3800   10.1362    9.8798   10.2979 503.026 495.129 516.082 2012.1595    0.0129  200.0000 4000.0000
72 32 50321408 0.14989431   65.4000   64.5500   66.2100   10.5258   10.3892   10.6565 968.816 956.936 981.556 3875.3374    0.0185  200.0000 4000.0000
72 48 50321408 0.15179036   67.1600   66.2600   68.1400   10.9458   10.7999   11.1049 1397.467 1377.442 1416.343 5589.9559    0.0237  200.0000 4000.0000