2 1 785152 0.04745968   28.770   15.630   31.010    1.466    0.797    1.580  3.389  3.145  6.238   16.977    0.008
4 1 785152 0.04745968   60.400   19.690   68.100    3.078    1.003    3.470  1.614  1.432  4.953    8.102    0.007
8 1 785152 0.04745968  116.050   33.140  131.320    5.914    1.689    6.692  0.840  0.743  2.942    4.231    0.008
18 1 785152 0.04745968  205.190   28.400  230.500   10.457    1.447   11.746  0.475  0.423  3.433    2.409    0.008
36 1 785152 0.04745968  353.880   20.500  411.250   18.033    1.045   20.957  0.276  0.237  4.757    1.408    0.008
72 1 785152 0.04745968  488.500   18.370  546.130   24.894    0.936   27.830  0.200  0.179  5.310    1.027    0.007
2 1 3143168 0.06248795   19.590   16.250   19.880    1.314    1.090    1.334 15.144 14.920 18.256   75.753    0.008
4 1 3143168 0.06248795   39.140   26.410   41.640    2.626    1.772    2.794  7.578  7.123 11.229   37.927    0.008
8 1 3143168 0.06248795   68.990   35.030   71.840    4.629    2.350    4.820  4.299  4.129  8.468   21.532    0.008
18 1 3143168 0.06248795   86.590   46.580   95.310    5.810    3.125    6.395  3.425  3.112  6.368   17.163    0.008
36 1 3143168 0.06248795  105.260   51.940  111.460    7.062    3.485    7.478  2.818  2.661  5.710   14.123    0.007
72 1 3143168 0.06248795  101.190   25.990  104.070    6.790    1.744    6.983  2.931  2.850 11.410   14.691    0.009
2 1 12577792 0.06785341   16.030   15.740   16.210    1.168    1.147    1.181 68.185 67.448 69.459  340.971    0.009
4 1 12577792 0.06785341   32.190   27.990   33.020    2.345    2.039    2.406 33.962 33.109 39.060  169.849    0.009
8 1 12577792 0.06785341   57.010   41.080   59.160    4.154    2.993    4.310 19.174 18.478 26.609   95.918    0.009
18 1 12577792 0.06785341   69.030   63.090   71.940    5.030    4.597    5.242 15.835 15.195 17.326   79.226    0.010
36 1 12577792 0.06785341   71.280   60.770   75.550    5.193    4.428    5.504 15.337 14.469 17.988   76.730    0.009
72 1 12577792 0.06785341   20.040   13.210   23.070    1.460    0.962    1.681 54.552 47.385 82.778  272.808    0.009
2 1 50321408 0.06934155   14.950   14.760   15.030    1.113    1.099    1.119 286.220 284.814 289.963 1431.147    0.010
4 1 50321408 0.06934155   29.620   29.280   29.990    2.205    2.180    2.233 144.500 142.695 146.196  722.547    0.009
8 1 50321408 0.06934155   55.500   53.790   56.090    4.132    4.005    4.176 77.126 76.309 79.563  385.678    0.009
18 1 50321408 0.06934155   69.430   57.680   72.090    5.169    4.295    5.367 61.646 59.375 74.200  308.280    0.009
36 1 50321408 0.06934155   71.440   66.480   72.890    5.319    4.950    5.427 59.910 58.722 64.379  299.604    0.011
72 1 50321408 0.06934155   52.500   42.900   56.370    3.909    3.194    4.197 81.532 75.933 99.760  407.707    0.010