2 1 785152 0.04745968   28.770   15.630   31.010    1.466    0.797    1.580  3.389  3.145  6.238   16.977    0.008
2 2 785152 0.06006551   23.820   12.950   26.060    1.536    0.835    1.681  6.470  5.914 11.895   32.386    0.008
2 4 785152 0.06826642   26.390   19.490   30.070    1.934    1.429    2.204 10.277  9.017 13.913   51.419    0.008
2 8 785152 0.07326818   27.700   24.210   32.150    2.179    1.904    2.529 18.241 15.719 20.875   91.237    0.008
2 18 785152 0.07637707   28.140   26.670   32.730    2.308    2.187    2.684 38.755 33.322 40.900  193.813    0.009
2 36 785152 0.07769577   28.910   27.080   33.300    2.411    2.259    2.778 74.183 64.400 79.179  370.961    0.010
4 1 785152 0.04745968   60.400   19.690   68.100    3.078    1.003    3.470  1.614  1.432  4.953    8.102    0.007
4 2 785152 0.06006551   47.530   21.730   52.330    3.066    1.402    3.375  3.242  2.945  7.091   16.242    0.008
4 4 785152 0.06826642   52.220   29.840   59.900    3.827    2.188    4.391  5.193  4.527  9.086   26.000    0.008
4 8 785152 0.07326818   55.060   42.580   64.050    4.331    3.350    5.039  9.178  7.889 11.869   45.924    0.008
4 18 785152 0.07637707   54.980   47.160   64.780    4.508    3.867    5.312 19.839 16.838 23.129   99.244    0.010
4 36 785152 0.07769577   56.710   52.280   65.780    4.731    4.362    5.488 37.811 32.598 41.015  189.104    0.010
8 1 785152 0.04745968  116.050   33.140  131.320    5.914    1.689    6.692  0.840  0.743  2.942    4.231    0.008
8 2 785152 0.06006551   91.760   35.010  100.940    5.918    2.258    6.510  1.679  1.527  4.401    8.428    0.008
8 4 785152 0.06826642  101.080   48.830  114.340    7.409    3.580    8.381  2.683  2.372  5.553   13.448    0.008
8 8 785152 0.07326818  103.190   63.690  122.070    8.118    5.011    9.603  4.897  4.140  7.934   24.521    0.008
8 18 785152 0.07637707   95.740   82.200  111.520    7.852    6.741    9.145 11.392  9.780 13.269   57.006    0.010
8 36 785152 0.07769577   98.980   90.870  110.070    8.258    7.581    9.183 21.663 19.481 23.599  108.369    0.009
18 1 785152 0.04745968  205.190   28.400  230.500   10.457    1.447   11.746  0.475  0.423  3.433    2.409    0.008
18 2 785152 0.06006551  188.480   47.720  207.900   12.156    3.078   13.409  0.818  0.741  3.229    4.119    0.008
18 4 785152 0.06826642  201.820   72.750  226.800   14.793    5.333   16.624  1.344  1.196  3.727    6.752    0.008
18 8 785152 0.07326818  191.470   92.660  212.520   15.063    7.290   16.719  2.639  2.378  5.453   13.232    0.009
18 18 785152 0.07637707  113.160   94.350  122.410    9.280    7.738   10.039  9.638  8.910 11.559   48.240    0.010
18 36 785152 0.07769577  118.270  112.520  126.370    9.866    9.387   10.542 18.131 16.969 19.058   90.703    0.009
36 1 785152 0.04745968  353.880   20.500  411.250   18.033    1.045   20.957  0.276  0.237  4.757    1.408    0.008
36 2 785152 0.06006551  325.800   56.670  373.670   21.012    3.655   24.100  0.473  0.412  2.719    2.396    0.007
36 4 785152 0.06826642  319.750   68.960  348.630   23.438    5.055   25.554  0.848  0.778  3.932    4.274    0.008
36 8 785152 0.07326818  220.750   80.520  248.400   17.366    6.334   19.542  2.289  2.034  6.276   11.480    0.009
36 18 785152 0.07637707  131.530  101.440  142.370   10.787    8.319   11.675  8.292  7.661 10.752   41.503    0.009
36 36 785152 0.07769577  125.870  107.650  127.950   10.501    8.981   10.674 17.036 16.759 19.919   85.226    0.010
72 1 785152 0.04745968  488.500   18.370  546.130   24.894    0.936   27.830  0.200  0.179  5.310    1.027    0.007
72 2 785152 0.06006551  519.330   34.850  582.750   33.494    2.248   37.584  0.297  0.264  4.422    1.514    0.007
72 4 785152 0.06826642  461.580   56.580  554.170   33.834    4.147   40.621  0.587  0.489  4.793    2.972    0.008
72 8 785152 0.07326818  262.750   83.770  276.670   20.671    6.590   21.766  1.923  1.826  6.032    9.652    0.008
72 18 785152 0.07637707  144.270   21.500  153.570   11.831    1.764   12.594  7.560  7.102 50.720   37.846    0.009
72 36 785152 0.07769577  120.830   76.220  134.050   10.080    6.359   11.183 17.747 15.997 28.133   88.782    0.009
2 1 3143168 0.06248795   19.590   16.250   19.880    1.314    1.090    1.334 15.144 14.920 18.256   75.753    0.008
2 2 3143168 0.08634426   16.240   14.550   17.180    1.505    1.349    1.593 26.437 24.982 29.503  132.220    0.008
2 4 3143168 0.10436729   16.450   15.180   17.700    1.843    1.702    1.984 43.187 40.129 46.779  215.975    0.010
2 8 3143168 0.11652912   17.120   16.520   18.420    2.142    2.067    2.305 74.330 69.065 77.030  371.694    0.010
2 18 3143168 0.12459521   18.190   17.190   19.500    2.433    2.299    2.609 147.224 137.281 155.799  736.172    0.010
2 36 3143168 0.12814322   18.550   17.570   19.950    2.552    2.417    2.745 280.679 260.975 296.353 1403.441    0.011
4 1 3143168 0.06248795   39.140   26.410   41.640    2.626    1.772    2.794  7.578  7.123 11.229   37.927    0.008
4 2 3143168 0.08634426   32.530   24.680   34.620    3.016    2.288    3.210 13.195 12.401 17.394   66.009    0.008
4 4 3143168 0.10436729   32.750   28.940   35.000    3.670    3.244    3.922 21.691 20.293 24.540  108.496    0.009
4 8 3143168 0.11652912   33.890   31.160   37.010    4.240    3.899    4.631 37.544 34.380 40.829  187.765    0.009
4 18 3143168 0.12459521   35.400   34.000   38.380    4.735    4.548    5.134 75.643 69.770 78.757  378.265    0.010
4 36 3143168 0.12814322   36.490   34.730   39.630    5.021    4.779    5.452 142.683 131.398 149.900  713.469    0.010
8 1 3143168 0.06248795   68.990   35.030   71.840    4.629    2.350    4.820  4.299  4.129  8.468   21.532    0.008
8 2 3143168 0.08634426   58.440   36.590   61.910    5.418    3.393    5.740  7.345  6.934 11.731   36.766    0.009
8 4 3143168 0.10436729   60.620   42.150   63.720    6.794    4.724    7.140 11.717 11.148 16.850   58.628    0.009
8 8 3143168 0.11652912   60.680   50.650   64.260    7.593    6.338    8.040 20.968 19.800 25.118  104.891    0.010
8 18 3143168 0.12459521   63.130   60.780   66.610    8.445    8.131    8.912 42.415 40.193 44.052  212.123    0.010
8 36 3143168 0.12814322   63.030   60.370   67.920    8.673    8.307    9.346 82.604 76.654 86.240  413.074    0.010
18 1 3143168 0.06248795   86.590   46.580   95.310    5.810    3.125    6.395  3.425  3.112  6.368   17.163    0.008
18 2 3143168 0.08634426   85.080   54.320   91.710    7.888    5.036    8.502  5.046  4.681  7.903   25.266    0.009
18 4 3143168 0.10436729   81.060   61.600   85.270    9.084    6.903    9.556  8.763  8.330 11.531   43.863    0.009
18 8 3143168 0.11652912   77.890   68.880   82.860    9.745    8.618   10.368 16.336 15.355 18.472   81.731    0.010
18 18 3143168 0.12459521   73.670   71.350   77.270    9.856    9.545   10.337 36.345 34.653 37.527  181.776    0.009
18 36 3143168 0.12814322   72.910   72.070   75.130   10.031    9.916   10.338 71.415 69.300 72.249  357.128    0.010
36 1 3143168 0.06248795  105.260   51.940  111.460    7.062    3.485    7.478  2.818  2.661  5.710   14.123    0.007
36 2 3143168 0.08634426  107.790   76.940  110.530    9.993    7.133   10.247  3.983  3.884  5.579   19.949    0.008
36 4 3143168 0.10436729   92.440   76.360   94.450   10.359    8.557   10.585  7.684  7.520  9.302   38.462    0.009
36 8 3143168 0.11652912   86.690   81.320   89.010   10.847   10.174   11.137 14.676 14.295 15.647   73.429    0.009
36 18 3143168 0.12459521   81.210   79.270   83.830   10.865   10.605   11.215 32.968 31.938 33.777  164.891    0.010
36 36 3143168 0.12814322   80.240   76.800   81.550   11.041   10.567   11.221 64.887 63.843 67.795  324.484    0.009
72 1 3143168 0.06248795  101.190   25.990  104.070    6.790    1.744    6.983  2.931  2.850 11.410   14.691    0.009
72 2 3143168 0.08634426  102.120   62.810  106.660    9.467    5.823    9.888  4.204  4.025  6.835   21.057    0.009
72 4 3143168 0.10436729   90.790   33.700   94.140   10.174    3.776   10.550  7.824  7.545 21.080   39.161    0.009
72 8 3143168 0.11652912   85.920   33.120   87.190   10.750    4.144   10.909 14.809 14.593 38.416   74.089    0.009
72 18 3143168 0.12459521   74.460   32.700   79.210    9.961    4.375   10.597 35.961 33.800 81.868  179.850    0.009
72 36 3143168 0.12814322   78.340   63.970   80.160   10.779    8.802   11.030 66.464 64.951 81.391  332.368    0.009
2 1 12577792 0.06785341   16.030   15.740   16.210    1.168    1.147    1.181 68.185 67.448 69.459  340.971    0.009
2 2 12577792 0.09693344   12.700   12.420   12.810    1.322    1.293    1.333 120.508 119.460 123.225  602.587    0.010
2 4 12577792 0.12024495   13.880   13.580   14.040    1.792    1.753    1.812 177.756 175.793 181.743  888.831    0.011
2 8 12577792 0.13668003   15.040   14.760   15.450    2.207    2.166    2.267 288.647 281.000 294.170 1443.286    0.011
2 18 12577792 0.14791144   15.670   15.160   16.130    2.488    2.408    2.562 576.115 559.649 595.471 2880.626    0.011
2 36 12577792 0.15293841   15.840   15.410   16.290    2.602    2.530    2.675 1102.110 1071.736 1133.282 5510.599    0.012
4 1 12577792 0.06785341   32.190   27.990   33.020    2.345    2.039    2.406 33.962 33.109 39.060  169.849    0.009
4 2 12577792 0.09693344   24.390   22.000   24.930    2.539    2.289    2.595 62.740 61.387 69.578  313.748    0.010
4 4 12577792 0.12024495   26.620   25.910   27.180    3.437    3.345    3.509 92.705 90.784 95.236  463.574    0.010
4 8 12577792 0.13668003   29.530   28.620   30.620    4.334    4.200    4.494 147.007 141.791 151.712  735.083    0.010
4 18 12577792 0.14791144   30.810   29.690   31.970    4.893    4.716    5.077 292.993 282.378 304.004 1465.015    0.011
4 36 12577792 0.15293841   31.180   29.700   32.360    5.121    4.878    5.313 559.930 539.630 587.820 2799.700    0.011
8 1 12577792 0.06785341   57.010   41.080   59.160    4.154    2.993    4.310 19.174 18.478 26.609   95.918    0.009
8 2 12577792 0.09693344   45.150   36.880   46.180    4.700    3.839    4.806 33.895 33.142 41.494  169.523    0.010
8 4 12577792 0.12024495   48.710   45.790   50.080    6.289    5.912    6.465 50.654 49.275 53.889  253.318    0.010
8 8 12577792 0.13668003   53.520   51.890   55.600    7.855    7.615    8.159 81.121 78.092 83.673  405.658    0.010
8 18 12577792 0.14791144   53.890   52.370   55.540    8.558    8.318    8.820 167.511 162.534 172.358  837.599    0.009
8 36 12577792 0.15293841   53.060   51.390   55.030    8.714    8.438    9.037 329.052 317.284 339.789 1645.312    0.010
18 1 12577792 0.06785341   69.030   63.090   71.940    5.030    4.597    5.242 15.835 15.195 17.326   79.226    0.010
18 2 12577792 0.09693344   57.950   56.380   62.200    6.032    5.868    6.473 26.408 24.607 27.146  132.095    0.009
18 4 12577792 0.12024495   61.560   60.240   64.000    7.948    7.777    8.263 40.083 38.555 40.964  200.466    0.009
18 8 12577792 0.13668003   62.620   61.880   64.510    9.190    9.081    9.468 69.334 67.300 70.165  346.724    0.010
18 18 12577792 0.14791144   60.270   58.950   61.610    9.571    9.362    9.785 149.782 146.512 153.136  748.967    0.010
18 36 12577792 0.15293841   58.840   58.040   60.260    9.663    9.531    9.896 296.716 289.737 300.822 1483.632    0.012
36 1 12577792 0.06785341   71.280   60.770   75.550    5.193    4.428    5.504 15.337 14.469 17.988   76.730    0.009
36 2 12577792 0.09693344   72.010   67.320   73.120    7.494    7.007    7.610 21.255 20.931 22.732  106.322    0.009
36 4 12577792 0.12024495   73.110   70.270   74.390    9.439    9.073    9.605 33.753 33.168 35.114  168.814    0.009
36 8 12577792 0.13668003   72.480   71.390   73.690   10.636   10.477   10.814 59.904 58.921 60.816  299.574    0.009
36 18 12577792 0.14791144   67.590   66.830   68.790   10.735   10.614   10.926 133.544 131.218 135.069  667.777    0.010
36 36 12577792 0.15293841   66.750   65.940   67.770   10.962   10.828   11.129 261.570 257.627 264.796 1307.906    0.012
72 1 12577792 0.06785341   20.040   13.210   23.070    1.460    0.962    1.681 54.552 47.385 82.778  272.808    0.009
72 2 12577792 0.09693344   73.300   35.420   75.500    7.629    3.687    7.859 20.878 20.270 43.206  104.443    0.009
72 4 12577792 0.12024495   72.330   46.300   75.260    9.338    5.978    9.717 34.116 32.785 53.296  170.630    0.009
72 8 12577792 0.13668003   70.610   55.470   72.170   10.363    8.141   10.591 61.486 60.160 78.270  307.485    0.009
72 18 12577792 0.14791144   66.440   53.150   68.030   10.552    8.442   10.805 135.857 132.681 169.829  679.340    0.009
72 36 12577792 0.15293841   66.130   63.250   67.390   10.860   10.386   11.067 264.025 259.086 276.062 1320.180    0.012
2 1 50321408 0.06934155   14.950   14.760   15.030    1.113    1.099    1.119 286.220 284.814 289.963 1431.147    0.010
2 2 50321408 0.09999807   12.770   12.340   13.030    1.371    1.325    1.399 464.757 455.509 481.094 2323.830    0.011
2 4 50321408 0.12499699   13.810   13.300   14.020    1.854    1.785    1.881 687.552 677.501 714.199 3437.811    0.011
2 8 50321408 0.14285321   14.700   14.600   14.760    2.254    2.239    2.265 1131.028 1125.762 1138.547 5655.191    0.012
2 18 50321408 0.15516777   15.090   14.780   15.180    2.514    2.462    2.530 2281.652 2267.287 2329.808 11408.308    0.014
2 36 50321408 0.16070931   15.120   14.770   15.260    2.609    2.548    2.633 4396.680 4357.062 4502.290 21983.447    0.014
4 1 50321408 0.06934155   29.620   29.280   29.990    2.205    2.180    2.233 144.500 142.695 146.196  722.547    0.009
4 2 50321408 0.09999807   24.750   24.320   25.070    2.658    2.612    2.691 239.829 236.804 244.048 1199.196    0.010
4 4 50321408 0.12499699   26.870   26.290   27.190    3.607    3.529    3.650 353.400 349.265 361.231 1767.048    0.010
4 8 50321408 0.14285321   28.950   28.590   29.270    4.441    4.386    4.489 574.044 567.890 581.252 2870.268    0.011
4 18 50321408 0.15516777   29.190   10.330   30.080    4.863    1.721    5.012 1179.563 1144.418 3333.734 5897.876    0.015
4 36 50321408 0.16070931   29.900   28.960   30.310    5.160    4.998    5.229 2223.250 2193.782 2295.285 11116.304    0.012
8 1 50321408 0.06934155   55.500   53.790   56.090    4.132    4.005    4.176 77.126 76.309 79.563  385.678    0.009
8 2 50321408 0.09999807   46.070   45.610   46.990    4.947    4.897    5.046 128.845 126.315 130.147  644.277    0.010
8 4 50321408 0.12499699   47.850   47.490   48.200    6.422    6.374    6.469 198.495 197.048 199.990  992.530    0.010
8 8 50321408 0.14285321   52.170   51.180   52.880    8.003    7.850    8.112 318.575 314.289 324.746 1592.928    0.010
8 18 50321408 0.15516777   51.200   49.690   51.760    8.531    8.279    8.624 672.413 665.150 692.856 3362.118    0.011
8 36 50321408 0.16070931   50.130   49.070   50.970    8.651    8.468    8.796 1326.119 1304.283 1354.841 6630.649    0.012
18 1 50321408 0.06934155   69.430   57.680   72.090    5.169    4.295    5.367 61.646 59.375 74.200  308.280    0.009
18 2 50321408 0.09999807   57.290   56.600   58.550    6.151    6.077    6.286 103.611 101.388 104.876  518.104    0.009
18 4 50321408 0.12499699   58.300   56.620   59.520    7.824    7.600    7.989 162.916 159.562 167.730  814.635    0.011
18 8 50321408 0.14285321   57.030   56.140   57.960    8.748    8.612    8.891 291.425 286.742 296.036 1457.180    0.012
18 18 50321408 0.15516777   55.270   54.710   56.420    9.208    9.116    9.401 622.947 610.179 629.267 3114.802    0.016
18 36 50321408 0.16070931   55.260   54.300   56.330    9.535    9.370    9.720 1203.181 1180.283 1224.348 6015.990    0.023
36 1 50321408 0.06934155   71.440   66.480   72.890    5.319    4.950    5.427 59.910 58.722 64.379  299.604    0.011
36 2 50321408 0.09999807   69.090   67.930   70.320    7.418    7.294    7.551 85.914 84.407 87.379  429.618    0.009
36 4 50321408 0.12499699   67.500   66.750   68.670    9.059    8.959    9.216 140.710 138.309 142.278  703.601    0.009
36 8 50321408 0.14285321   65.240   64.120   66.160   10.007    9.835   10.149 254.768 251.202 259.210 1273.893    0.011
36 18 50321408 0.15516777   63.530   62.070   64.580   10.584   10.341   10.759 541.955 533.128 554.712 2709.847    0.018
36 36 50321408 0.16070931   63.430   62.850   64.360   10.946   10.845   11.106 1048.099 1032.941 1057.833 5240.578    0.021
72 1 50321408 0.06934155   52.500   42.900   56.370    3.909    3.194    4.197 81.532 75.933 99.760  407.707    0.010
72 2 50321408 0.09999807   67.960   55.610   69.270    7.297    5.971    7.437 87.342 85.696 106.747  436.763    0.010
72 4 50321408 0.12499699   66.190   57.840   67.340    8.883    7.764    9.039 143.494 141.028 164.190  717.518    0.010
72 8 50321408 0.14285321   64.700   60.760   65.610    9.924    9.319   10.063 256.882 253.340 273.559 1284.468    0.013
72 18 50321408 0.15516777   63.650   61.140   64.630   10.605   10.187   10.767 540.871 532.733 563.093 2704.432    0.017
72 36 50321408 0.16070931   63.760   62.700   64.940   11.002   10.820   11.207 1042.702 1023.711 1060.304 5213.625    0.028