5.178003645313728498e+01 2.000000000000000000e+00 1.304926223640935135e+01 4.891429118538193066e-01 5.149499463029323376e-01 5.699485542520961179e-01
5.880395328679207978e+01 2.000000000000000000e+00 5.274847778392341979e+00 2.381525224192941326e-01 2.031720271484074858e-01 3.435822860431407277e-01
5.883554562015022782e+01 2.000000000000000000e+00 5.244504786812113295e+00 2.369654343160494947e-01 2.019644268714502755e-01 3.422374186746886537e-01
6.408890904785909015e+01 2.000000000000000000e+00 6.957704370224826462e-01 3.550752674948398635e-02 2.579651695072421314e-02 6.222855545580463499e-02
4.617785621966683607e+01 2.000000000000000000e+00 2.755599501119501582e+01 8.697254908094886883e-01 9.331765490730443702e-01 7.785390297807069926e-01
4.008888812050359718e+01 2.000000000000000000e+00 1.535267357800289822e+01 3.908674640648017173e-01 4.667732349039530604e-01 2.933508785096335947e-01
4.555167582719674613e+01 2.000000000000000000e+00 2.654019117813205497e+01 8.205215433327057717e-01 8.895893416824381950e-01 7.220650092480018767e-01
4.335243551384557747e+01 2.000000000000000000e+00 2.257254357877873829e+01 6.473582736533959325e-01 7.258909400475614948e-01 5.344837652846063936e-01
4.070883773794896854e+01 2.000000000000000000e+00 1.686140146238001236e+01 4.394261106271896145e-01 5.154856378715625409e-01 3.332021630216110419e-01
6.325453819483597329e+01 2.000000000000000000e+00 1.355760723164600279e+00 6.791846434845719149e-02 5.060238405854722288e-02 1.152002736101644526e-01
3.100000000000000000e+01 2.000000000000000000e+00 1.673097780592372175e+01 2.879347215552762740e-01 4.544576680226626308e-01 2.188997747822998552e-01
6.900000000000000000e+01 2.000000000000000000e+00 2.769282230913609588e+00 1.568687221878484472e-01 9.843917681373620665e-02 2.593169543459921123e-01
3.500000000000000000e+01 2.000000000000000000e+00 0.000000000000000000e+00 0.000000000000000000e+00 0.000000000000000000e+00 0.000000000000000000e+00
6.500000000000000000e+01 2.000000000000000000e+00 0.000000000000000000e+00 0.000000000000000000e+00 0.000000000000000000e+00 0.000000000000000000e+00
