436
-5.7468619580432979e-11 
-1.459740544810194e-10 
8.2180383188320723e-11 
5.4198838219628284e-11 
8.3722725935288943e-11 
4.6653134285855365e-11 
3.1480373023605524e-11 
3.8112778912852432e-11 
2.6419756961309447e-11 
2.1295423837082502e-11 
1.3057459434516698e-11 
1.4588640148906548e-11 
6.2831917068679867e-12 
7.4028206142544268e-12 
2.2031507237886642e-12 
1.2354375353219668e-11 
7.1009488423702331e-12 
1.4807915981144965e-11 
-9.0885911819441437e-12 
-1.860452843469757e-11 
-8.214281450303234e-12 
-1.0171346359031356e-11 
-2.7486294067686516e-12 
-9.4657438237637352e-12 
-1.9636313366010729e-12 
-1.0210518721704048e-11 
-5.5977806976491087e-12 
-1.3830883734517381e-11 
-8.047183564919671e-12 
-1.3342679504302952e-11 
-4.8600509129954317e-12 
-9.2184575786882534e-12 
-2.1121176720209595e-12 
-5.3169468047730285e-12 
2.6917462428021384e-12 
8.3639538439319342e-12 
-1.732261527248635e-12 
-9.4774504936888454e-12 
-6.4976171687260446e-12 
7.527457938714064e-12 
-1.9741648986462641e-13 
-9.073274532270575e-12 
3.6192542247163946e-12 
4.6035480841678376e-12 
-1.0552164671995689e-13 
1.026836479071908e-11 
4.8540064908082275e-12 
3.691337106482378e-12 
2.9102769187698895e-12 
1.1421391580828919e-11 
-5.4167070567461294e-12 
-6.5755099512311284e-12 
1.3138065843240137e-11 
1.3539583397866592e-11 
-1.8665286558161468e-11 
6.4226354137997766e-12 
2.2849166333554947e-11 
-1.2324779383386883e-12 
-1.9613795873853449e-11 
5.7827802208508369e-13 
1.0744386791902154e-11 
5.2163589728781729e-11 
-9.4518607272411773e-12 
-8.6761615438090997e-11 
-6.6248963265511916e-11 
-2.5062343544722229e-10 
2.4981494177945195e-10 
-3.8968252488662489e-10 
4.8097089643107219e-10 
-2.9944992052696439e-10 
6.1517525265611311e-10 
-1.2858486928958403e-11 
5.8531000245677483e-10 
-6.2058365738976097e-10 
-1.5694898159366058e-10 
-1.1655728101936527e-09 
-9.6616173563436013e-10 
8.248119415676415e-10 
-5.956887725930117e-10 
1.0435325538251201e-09 
5.0026861101872005e-10 
3.2958347489149996e-09 
8.8150045871280066e-10 
1.2339236135233099e-08 
1.1626680853762327e-08 
-1.751690703191604e-08 
-1.4508187705618098e-08 
-7.516895596529425e-09 
-1.3616582492676606e-08 
-8.8650849894667163e-10 
3.680538844684868e-10 
1.340910576862659e-09 
-7.8766178778673275e-09 
-2.6803763029962219e-08 
6.5688913586694584e-09 
-9.2321686988058265e-08 
-4.4601081384210154e-08 
1.1570443668876173e-07 
4.9545598103882453e-08 
8.3582234168290771e-08 
7.3935654608731884e-08 
-1.2907903828399839e-07 
1.6470742078182259e-07 
-1.7169176004324707e-07 
-2.2739326566026905e-07 
1.2174910662181112e-07 
-2.1465156336847718e-07 
4.7450073098096803e-08 
2.5468500666204455e-07 
1.6555268893720435e-08 
2.4631033876930115e-07 
8.587008375186698e-08 
-2.3930684059251624e-07 
1.5197311513579915e-07 
1.7158927741139365e-07 
-2.0202659691975131e-07 
-1.1250739758368662e-07 
2.8857094245198136e-07 
2.1290682404187843e-08 
-2.4185451100426837e-07 
9.4382443582322072e-08 
2.4251049873482101e-07 
-1.8240268848886377e-07 
-1.668507239891153e-07 
2.3909973701483797e-07 
6.5862299552353835e-08 
-2.9076078593872668e-07 
4.6694571641227573e-08 
2.7486977343804017e-07 
-1.6325322774687394e-07 
-1.7727946205106046e-07 
2.5682973472498592e-07 
1.6975147606769619e-08 
-2.8843707884805044e-07 
1.2990049416312463e-07 
2.2610671444125194e-07 
-2.3870472860665568e-07 
-1.0074298660388902e-07 
2.9549162517040765e-07 
-4.513678892390001e-08 
-2.7726589959112046e-07 
1.7558053736534805e-07 
1.5581405797695151e-07 
-2.8519932945856901e-07 
1.0990997326354798e-08 
3.0424014465600719e-07 
-1.4433645157705795e-07 
-2.4181562673039004e-07 
2.3958142580446151e-07 
1.4172372114036223e-07 
-3.0399647326981529e-07 
-4.2148018334679903e-08 
3.1953722256004225e-07 
-4.0112096531863038e-08 
-3.1611419105854014e-07 
9.2228171198935861e-08 
3.087286981076604e-07 
-1.1013732718454952e-07 
-3.1374667747170262e-07 
9.5869390232590875e-08 
3.3085876776077488e-07 
-3.533812982284565e-08 
-3.3342644621820147e-07 
-5.4463943230132223e-08 
3.1980973600026036e-07 
1.6713455462160825e-07 
-2.6050397088713957e-07 
-2.6151774423338632e-07 
1.4257584166128309e-07 
3.1369991794542797e-07 
4.0670135756636631e-08 
-3.1080780784100626e-07 
-2.5459161629551449e-07 
1.4884162783298038e-07 
3.0688506204956185e-07 
6.0273342839926033e-08 
-2.7669731751557672e-07 
-2.2537678993172549e-07 
1.400424446193272e-07 
2.8815525481085585e-07 
1.1815199309543278e-07 
-2.4592358379891379e-07 
-2.7035145437589476e-07 
-1.6831692942413045e-09 
2.645913957681512e-07 
1.9726466561375114e-07 
-1.3471297286988539e-07 
-2.5868414210872084e-07 
-1.3453152787588057e-07 
2.0359837807830501e-07 
2.5126427277274247e-07 
5.7664986193787125e-08 
-2.1919567828449523e-07 
-2.1131192095876743e-07 
4.5194225237893276e-08 
2.3674178443438393e-07 
2.1028839645200745e-07 
-5.7839177877642031e-08 
-2.227997138619907e-07 
-1.5255780774501174e-07 
1.2032023334642685e-07 
2.1420584735194381e-07 
-1.328646082398301e-07 
1.4641611872207013e-07 
2.0767480092318237e-07 
9.4620865875651925e-08 
-1.5075475845864891e-07 
1.9176882194509248e-07 
5.8112831418899047e-08 
-1.7280164239010239e-07 
-1.8967612498465813e-07 
5.4294767027676238e-08 
-1.5398333206139784e-07 
-1.7127378510500505e-07 
-2.3687953863697515e-08 
-1.6767156131736452e-07 
-1.7242018881487515e-07 
-3.0939391160182896e-08 
-1.46007922142168e-07 
-1.5465290334980652e-07 
-1.4005639584392773e-08 
-1.5413179154318198e-07 
-1.5770103014978419e-07 
-2.2700475369256043e-08 
-1.3148614026281092e-07 
-1.4244520815754121e-07 
-2.1857839890365725e-08 
-1.3582305542693348e-07 
-1.4510660353083472e-07 
-2.7344579240490464e-08 
-1.1063403150052122e-07 
-1.3389644414020899e-07 
4.0241905657576132e-08 
-1.1054985624780739e-07 
1.340168817220041e-07 
4.01834197099683e-08 
8.0273792379564908e-08 
1.2637840787162087e-07 
-5.8910392085760175e-08 
7.6937363162744162e-08 
-1.2075355591852126e-07 
-5.6615464975112697e-08 
-4.0967101785597775e-08 
-1.1411819717594207e-07 
7.4746016709389053e-08 
-4.1428232411856919e-08 
9.4538974311952688e-08 
8.0485845061934021e-08 
6.0480231079908291e-09 
8.5782571462434633e-08 
-9.1296728073541405e-08 
-8.6302043425503998e-09 
-5.2631419093530087e-08 
9.4620700880604126e-08 
2.8605031570527215e-08 
5.4189218712525101e-08 
7.9332983408645147e-08 
-5.8201346273597489e-08 
-2.2128465556886447e-08 
-7.1172329090290469e-08 
7.6230136422405039e-08 
1.7647949942003496e-08 
4.4448637460141321e-08 
-7.8529110983462602e-08 
3.6569923768805565e-08 
-4.7379069572544088e-08 
5.4356782494617906e-08 
-7.3563096826527788e-08 
1.681632026600173e-09 
-5.5745501653738227e-08 
5.9649177487148554e-08 
5.8272338242453185e-08 
2.509002576245678e-08 
-5.8728261424554958e-08 
-6.2850064396460843e-08 
4.1592907560991477e-08 
3.5533423834760833e-08 
-5.9447835240278406e-08 
-6.430631539946554e-08 
2.7879800638533079e-08 
3.9724394391574059e-08 
-5.8946094638053846e-08 
-6.3246753721473602e-08 
2.2492632225369484e-08 
4.0624082941733256e-08 
-5.7638702346041899e-08 
6.008057783570925e-08 
2.7921391426672341e-08 
3.9221666564124153e-08 
-5.5905505702964014e-08 
5.6360567979192648e-08 
-3.7770254512874229e-08 
3.4674486671911135e-08 
-5.4002443060714576e-08 
5.3429337184414054e-08 
-4.9323380068750508e-08 
-2.2179802563639818e-08 
5.1760464151283404e-08 
5.1014916931254734e-08 
-5.7679385816108539e-08 
5.1024780099348297e-09 
4.832294323657482e-08 
-4.8507141066939671e-08 
5.6787985208746913e-08 
4.1899563186614938e-08 
3.086726092238409e-08 
-4.415291470732198e-08 
5.4142436235519188e-08 
-5.5096003647109928e-08 
3.0021254623915995e-08 
3.006475588172689e-08 
-5.1160414598155433e-08 
-5.1805793466523232e-08 
5.1750543869502132e-08 
-1.5432063236145198e-08 
-4.0897200385336367e-08 
4.7270166364397484e-08 
-5.1500848278822034e-08 
4.8281989417282055e-08 
-1.3404281429587647e-08 
-2.9702863251314759e-08 
4.7222522118840905e-08 
4.5496632083711223e-08 
-3.4416475894700075e-08 
1.9765156036023877e-08 
2.3304766279850339e-08 
-3.8943670441651365e-08 
3.2135661377340359e-08 
-2.627694963090422e-08 
1.0493499559846144e-08 
4.3786351074127007e-09 
-3.0022762614067898e-08 
2.3879984969633672e-08 
-1.1821361344968329e-08 
9.1122093294590975e-09 
2.0473253615575499e-09 
-1.6442813384518438e-08 
1.7350238893297413e-08 
8.5859429645793155e-09 
-9.9280778933731447e-10 
3.4993338794608852e-10 
6.7427223254077446e-09 
-1.6243800294808165e-08 
5.0613154934578114e-09 
-6.7615965938315219e-10 
-4.0341378695973083e-09 
3.9363409181339182e-09 
-8.1308632192885362e-09 
1.3438289195613245e-08 
-2.5778955429479707e-09 
-2.9108976199326788e-09 
6.3694110049318975e-09 
-6.0564374782239247e-09 
8.4277165163843221e-09 
-8.5713742349708897e-09 
9.9866330648318414e-09 
3.6005340178481607e-09 
-7.4417570018803776e-09 
7.0534089700193111e-09 
-8.5579339820591226e-09 
8.1463005001063395e-09 
-1.1270262147723903e-08 
2.6861542838146765e-09 
7.7157166167723956e-09 
-7.2987605033862527e-09 
8.5862211348394636e-09 
8.234019563503515e-09 
-9.5207817023786501e-09 
9.5372326611954034e-09 
-6.9334184669794936e-09 
-5.8142768832680807e-09 
8.5627144420746149e-09 
-8.2104273513937052e-09 
9.1294430076357712e-09 
-8.8504564914835897e-09 
1.0109618777866839e-08 
-1.0487226692679305e-08 
-9.1806602681064479e-10 
7.1447627594171089e-09 
-9.0372580697506102e-09 
8.8438617177015826e-09 
-9.6632759496142109e-09 
9.5753385424624946e-09 
-1.0466977691816384e-08 
1.0595490326714055e-08 
-2.1701984297048004e-09 
-6.8910998982172023e-09 
9.54385940856672e-09 
-9.5135121702995938e-09 
1.0025569259980208e-08 
-9.8461860200809764e-09 
9.4266139979990931e-09 
-8.725097268693472e-09 
5.7387607476236077e-09 
2.5708731186524999e-10 
-7.4890375760826687e-09 
7.532756323435215e-09 
-6.1869531066084032e-09 
5.3578036501642129e-09 
-3.9736010485869389e-09 
3.4473006784160567e-09 
-2.2360805326885509e-09 
1.9179444521238626e-09 
-2.2847449708523532e-10 
-2.612997892618797e-09 
2.6850565067356097e-09 
-1.575931440666581e-09 
6.8635405139579828e-10 
-4.8386892078737291e-10 
5.6841821929571186e-11 
1.3643894612372864e-10 
-4.5900513006934655e-10 
5.3589273006777841e-10 
-8.5409581771729084e-10 
9.3462758274790587e-10 
-1.8194617847261023e-09 
-1.0753376978333497e-10 
9.7767658409575517e-10 
-7.6607291526742406e-10 
1.1224734010148036e-09 
-9.7844036561535688e-10 
1.2602578332606465e-09 
-1.138844058905778e-09 
1.4950786527258068e-09 
-1.2862120680607588e-09 
1.6812345641473606e-09 
-1.371779082150224e-09 
-1.131139996860483e-09 
1.0378254609394257e-09 
-1.599909683440918e-09 
1.9474901870982414e-09 
-1.7863082988683585e-09 
1.7946643193158187e-09 
-2.1311617268073454e-09 
4.7590242051054324e-09 
-6.0857436157979925e-09 
