436
-2.5851592570452637e-10 
-1.5507626002796895e-10 
5.2868498960950438e-11 
6.562607469969129e-11 
4.2203596146850707e-11 
6.8513030992044865e-11 
-1.8153602713938677e-11 
7.0083865827389948e-11 
-1.8800563760819299e-11 
5.1986667957744308e-11 
-2.7952283644429478e-11 
4.5792861391042831e-11 
-3.1238220103428396e-11 
3.7275916547626983e-11 
-3.4085505894537767e-11 
4.1840498111516223e-11 
-2.7725178450713225e-11 
4.2132547662275363e-11 
2.5458706513258443e-11 
-4.5097020358192641e-11 
2.4735811498494886e-11 
-3.504546523124237e-11 
2.7943050652642555e-11 
-3.3421784865218644e-11 
2.7072097251890923e-11 
-3.2244599848281204e-11 
2.267555764866838e-11 
-3.4908445188186077e-11 
1.9991223245123816e-11 
-3.4227692430127062e-11 
2.2653551899919957e-11 
-2.9245906918145372e-11 
2.2405267360409645e-11 
-2.1578162839321113e-11 
-1.8980366307448926e-11 
2.6783981089743766e-11 
2.4081014769558277e-11 
-2.7624306813081527e-11 
1.5750140146296537e-11 
2.3697309940035022e-11 
-2.3093993298066584e-11 
-2.5649552143072261e-11 
-1.8411203279125035e-11 
2.0370638766536176e-11 
-2.1641248544958836e-11 
2.4822121077017754e-11 
-1.4141533445305881e-11 
1.6519827814454576e-11 
-1.8657484326646032e-11 
2.8048816393474745e-11 
-2.2498225722096165e-11 
1.0975241456382051e-12 
-3.2815958343946158e-12 
3.1222125696240967e-11 
-4.2707042243510927e-11 
1.3970170571754985e-11 
1.3906647639779856e-11 
1.0574624215279999e-11 
-4.4612362227816031e-11 
1.7076719276100439e-11 
-2.6459939909191353e-12 
4.4686885484836963e-11 
-1.5084886255245113e-11 
-5.6050701689175764e-11 
-1.7980213449338935e-11 
-2.1553925293429618e-10 
1.7456005106913519e-10 
-3.2189687620296047e-10 
3.3235620682901356e-10 
-2.9202032911514465e-10 
4.9393770055310977e-10 
4.6218599484424628e-11 
5.004434624749432e-10 
-4.3049155443714948e-10 
6.011547936187234e-11 
-9.8222745469897446e-10 
-5.1215905391540145e-10 
7.7039705479827408e-10 
-1.6879867057887596e-10 
1.0667461455898068e-09 
7.985946689115866e-10 
3.2633536736082457e-09 
-2.0667261806890194e-10 
1.3131504749544033e-08 
7.9811416458914916e-09 
-1.9991563629513329e-08 
-1.2156721266798093e-08 
-1.0371445297074985e-08 
-1.2267242453877679e-08 
2.4919543858361857e-10 
-2.1102918107039073e-09 
3.7727849732251221e-10 
-1.3416578261854531e-08 
-2.8199845779963517e-08 
-1.3495313301483838e-08 
-1.07149277268362e-07 
-1.0015227857181009e-08 
1.4374818628753437e-07 
2.3196238236680287e-08 
1.091491915075482e-07 
5.0270838744177937e-08 
-1.7475000810693447e-07 
1.3588227637527995e-07 
-2.5139620670031015e-07 
-2.0541993980204738e-07 
2.0808602693974654e-07 
-2.1493165170401754e-07 
1.2394597542124863e-07 
2.782558279927997e-07 
-6.2443832858971082e-08 
2.9165844571513348e-07 
2.3125561619630757e-08 
-3.0792989194014199e-07 
1.0345411220877203e-07 
2.4785774403072857e-07 
-1.8591075166495747e-07 
-2.0324317736543727e-07 
3.0226155159435023e-07 
9.8823391373775774e-08 
-2.8102791873367939e-07 
4.2903231724735943e-08 
3.1312679777843845e-07 
-1.5210682967266697e-07 
-2.4914219114735321e-07 
2.443843952509886e-07 
1.4713953950125827e-07 
-3.3331727853657514e-07 
-2.2007881565337651e-08 
3.5103604697559609e-07 
-1.2458553134264205e-07 
-2.7003274557402189e-07 
2.6466668521018767e-07 
9.4674347473117578e-08 
-3.4610409284181758e-07 
8.5301839888545678e-08 
3.1201135358518593e-07 
-2.3693744812160668e-07 
-1.8758695024205687e-07 
3.388467017472515e-07 
1.9541055999393542e-08 
-3.5712747734029398e-07 
1.4678278370222134e-07 
2.4564612663497667e-07 
-3.0844377861155426e-07 
-5.809480515637226e-08 
3.7316785992429888e-07 
-1.1019991812334764e-07 
-3.3014905968829829e-07 
2.4243505126152331e-07 
2.2854433548347437e-07 
-3.4263921925415523e-07 
-1.157354663100412e-07 
3.8351041725369293e-07 
1.5357613188467776e-08 
-3.9420180731504677e-07 
5.1263168783494691e-08 
3.9195121330851107e-07 
-7.7009159825164362e-08 
-3.9707495534048842e-07 
6.1669068925151067e-08 
4.1320231880337169e-07 
9.0444679548281433e-09 
-4.0812273996332344e-07 
-1.1349469417164052e-07 
3.821429510155381e-07 
2.4372230510099906e-07 
-3.0049410340976904e-07 
-3.4964988082809779e-07 
1.4961032993116553e-07 
4.0437981491281468e-07 
7.8627229361209594e-08 
-3.9009321358703812e-07 
-3.3855512549719763e-07 
1.741349314737229e-07 
3.9772566284405805e-07 
9.0900107793514234e-08 
-3.5601762464436998e-07 
-2.9901656077372871e-07 
1.8019221984604221e-07 
3.7911537004651678e-07 
1.5311177156708114e-07 
-3.2700028948118602e-07 
-3.5599909906452101e-07 
8.6151815474383313e-09 
3.5535557485682217e-07 
2.5075358894605987e-07 
-1.9646092221062592e-07 
-3.4079428119877279e-07 
-1.5720544842492739e-07 
2.8881516591174563e-07 
3.3148774265095729e-07 
4.3899283796391967e-08 
-3.0810392044204986e-07 
-2.6177360252460095e-07 
1.0095339788750928e-07 
3.1605901726642619e-07 
2.5808859493957118e-07 
-1.2351387753766833e-07 
-3.0167843317817922e-07 
-1.5992539130131314e-07 
2.0368700036564243e-07 
2.685183675585964e-07 
-1.2361148097193317e-07 
2.3323525092122897e-07 
2.6614726501779951e-07 
6.0583045209188999e-08 
-2.3596552593317822e-07 
2.2016950321272961e-07 
1.7183696868198659e-09 
-2.4667618510485655e-07 
-2.2465562349073582e-07 
-9.79314133095234e-09 
-2.2912851558172846e-07 
-1.7382372617692742e-07 
5.6375126039846264e-08 
-2.2359682780648976e-07 
-1.8193331073658084e-07 
5.2542160717888322e-08 
-2.0898034666564192e-07 
-1.3266353728381053e-07 
7.8185995160111188e-08 
-1.9655424613795037e-07 
-1.4419384343838912e-07 
7.314919129721373e-08 
-1.8607564885218381e-07 
-1.0114710740188717e-07 
7.9415820921034666e-08 
-1.7341601792303031e-07 
-1.1436929672015948e-07 
7.7827735572916124e-08 
-1.6547657338631868e-07 
-8.1195573431922476e-08 
-6.8648375228642453e-08 
-1.5614403940030487e-07 
9.6867788140129653e-08 
-7.1795125696606797e-08 
1.4827935173564357e-07 
7.7255493809079453e-08 
5.2955598061964376e-08 
1.4282985942366251e-07 
-9.727015368856462e-08 
5.6338311425383216e-08 
-1.3107168938608662e-07 
-9.4067713894063324e-08 
-3.0238851331790626e-08 
-1.2805516124289569e-07 
1.1509370237095623e-07 
-1.5920036420650668e-08 
1.0834976349477088e-07 
1.1341053476522701e-07 
-1.8783788573089082e-08 
-1.0605024888363928e-07 
-1.1746749447432107e-07 
5.6188103631544076e-08 
-7.1116687077046134e-08 
1.1175025634834674e-07 
9.583025579192819e-08 
2.7406056485618013e-08 
-9.8936691890427291e-08 
-9.5784526591339106e-08 
1.9491105040378222e-08 
9.0866794943362784e-08 
9.5881118684663416e-08 
-7.0077535719692523e-08 
-3.8830330553400973e-08 
-8.9854141818720435e-08 
8.5937613488631083e-08 
-3.4952016548021191e-08 
6.5431288887488152e-08 
-7.9463698247069233e-08 
7.4952361076745534e-08 
5.0347371026302414e-09 
6.9289956036050271e-08 
-6.9256157502151117e-08 
-6.333375562778739e-08 
-1.3496219907557838e-08 
6.4394950820280039e-08 
-5.9894906398176263e-08 
-5.2286472208148752e-08 
-2.3140621527945545e-08 
5.7215644364186011e-08 
-5.1958546562161649e-08 
-4.4184646670024245e-08 
-2.3386869935833225e-08 
5.0271455101516935e-08 
-4.4891705550981258e-08 
4.0248321783801425e-08 
-1.5899336512468092e-08 
4.3551521625745717e-08 
-3.9008880291233118e-08 
3.6315385038598218e-08 
6.3030230221458197e-09 
3.7453971856586168e-08 
-3.3558976138592075e-08 
3.1902467714777656e-08 
-3.8501609819615051e-09 
-3.0509380482733415e-08 
2.8919359512672301e-08 
2.7273670677798141e-08 
-1.3724100257280409e-08 
-2.0027788232817839e-08 
2.4825172495973542e-08 
-2.3231646260127099e-08 
1.5976831826077879e-08 
-3.6344499676537316e-09 
2.2315802242862977e-08 
-1.9708214964447406e-08 
1.424490091776252e-08 
-1.1237185018632365e-08 
-9.6136137820165676e-09 
1.7589213261664827e-08 
-1.1695317957677056e-08 
-9.7745777250514371e-09 
-2.0671089758026828e-10 
1.2898070664991902e-08 
-1.1583180345174317e-08 
7.8279519957441676e-09 
-7.2146559560282019e-10 
-3.4370127453664952e-09 
1.2563852268748329e-08 
-9.7106189703221966e-09 
1.822682568811115e-10 
-3.1064837749522789e-09 
9.2656784943849972e-09 
-1.1530561320436435e-08 
7.9360388798891448e-09 
1.2655800936385773e-09 
-8.5308534584851749e-09 
9.6754229056562343e-09 
-1.1056320970470262e-08 
9.7803345569025266e-09 
1.0797418805855443e-09 
-7.8694537355633829e-09 
9.8714535848019014e-09 
-9.5935552421596838e-09 
8.9210265123322218e-09 
-4.7001736403363862e-09 
-6.4673695684529813e-09 
-8.0833334736137631e-09 
8.164655680864467e-09 
-7.7268436009724535e-09 
6.8464181902652694e-09 
-1.3766595630353337e-09 
-6.489878523836876e-09 
6.594294371547694e-09 
-6.2117098511389092e-09 
5.9893566333574142e-09 
-5.1947631755929799e-09 
2.0175952428669166e-09 
4.7977887252768543e-09 
-4.9572112816131924e-09 
4.7681456761782598e-09 
-4.405703060644153e-09 
4.0961312204262355e-09 
-3.7190164785790541e-09 
-4.7423236402522598e-10 
3.7662139897825551e-09 
-3.4205417815002806e-09 
3.3968651359395109e-09 
-2.9384890504779267e-09 
2.9678208510571749e-09 
-1.6915460015017724e-09 
-1.8090456938695084e-09 
2.6703812860161263e-09 
-2.3462633834058098e-09 
2.311512851539607e-09 
2.0074468464280161e-09 
-1.9323998503663091e-09 
1.6147755997814402e-09 
4.464384115471685e-10 
-1.8592646635164764e-09 
1.4943918940545056e-09 
-1.6007247065944394e-09 
1.2355371002708212e-09 
-1.3533174326115506e-09 
9.1356902241086624e-10 
-5.1175031093127669e-10 
-1.0944370618752932e-09 
9.8475160341828731e-10 
-9.7706856776746688e-10 
7.5088140221705428e-10 
-7.4782492622988442e-10 
5.4792681924617923e-10 
-4.354386527890581e-10 
9.7331103792270552e-11 
6.2397040152583834e-10 
-6.3097749155376129e-10 
3.1991656255627429e-10 
-2.8576206870108099e-10 
9.2796048401584295e-11 
4.6960524083312369e-12 
-1.4317627588238806e-10 
3.0131792857693314e-10 
-3.9556963229159927e-10 
5.0411068596179028e-10 
6.8878575555898391e-11 
-1.1010877408383944e-10 
4.7903450958678625e-10 
-2.4548360838382553e-10 
5.5697828492035366e-10 
-2.3949973364020038e-10 
5.6696822318070156e-10 
-1.9814930127193993e-10 
5.1239511319630637e-10 
-5.6296414949311297e-11 
-1.3445551730919818e-10 
4.31264577788279e-10 
-2.0073002108796297e-10 
3.2349325220702271e-10 
-2.8109576898208422e-10 
1.6184730137042627e-10 
-3.7990599316561742e-10 
2.9469362089139215e-11 
-3.7749186941677052e-10 
7.0443863626431948e-11 
-6.145853277020425e-11 
-1.6754823426394124e-10 
2.1143122519904381e-10 
-1.1701911134269026e-10 
8.4505688137721597e-11 
-2.8355662709759687e-10 
-4.5712653977994957e-11 
-7.7661161412419469e-11 
3.1642472324494937e-10 
-7.5612767730676228e-11 
6.307639272016292e-11 
1.3475620134128028e-11 
-3.5036334734062674e-11 
2.7066643451083454e-11 
-2.2125840736439091e-10 
-3.5618256525111272e-11 
9.1403847332194461e-11 
3.7741785032359932e-11 
-2.2296453300849881e-10 
2.3903154882044017e-10 
2.6218435245080382e-10 
