415
2.0925645701849491e-10 
-1.4418067397234756e-10 
-2.7318668167228742e-11 
-1.6084319757884772e-10 
-5.698588851964564e-11 
-1.3363602777810805e-10 
-1.3503196780673977e-11 
-7.056270882589507e-11 
1.8919439983999206e-11 
-3.5072598218094151e-11 
2.9835069116948095e-11 
-2.3021934259741469e-11 
3.0423462769264766e-11 
-1.6943709413702131e-11 
3.1498740050937844e-11 
-9.1056421679881245e-12 
3.5394647884325578e-11 
-9.8214927620019565e-13 
-3.948807418157758e-11 
-4.5719917827381498e-12 
-4.0713661283662153e-11 
-6.2439373905947172e-12 
-3.9037671267839578e-11 
-7.4522411869152488e-12 
-3.8060835275223036e-11 
-9.2691188264859154e-12 
-3.9182726102924918e-11 
-1.1781250458127718e-11 
-4.062384566099186e-11 
-1.3178911280590679e-11 
-4.0201334719626998e-11 
-1.2768079813815562e-11 
-3.6826110855285936e-11 
-1.0769634517792977e-11 
3.2954853859854101e-11 
1.2534817406414205e-11 
-3.9784472168308152e-11 
-1.4259917768395334e-11 
-3.6598760674768161e-11 
1.2803783362174999e-11 
3.5425827548830422e-11 
-1.353743425144037e-11 
3.6940922897906435e-11 
1.3525810784443152e-11 
3.456644362397336e-11 
1.3880793842844771e-11 
3.4201999319452699e-11 
1.3613006694792375e-11 
3.4968795118990583e-11 
1.2931908201291575e-11 
3.0655061220206387e-11 
1.2273252646952696e-11 
3.1940003729739683e-11 
1.2681018500596022e-11 
3.2655484009489142e-11 
1.0864584148998627e-11 
2.9223126500064206e-11 
2.4747551716370464e-11 
2.856739597460785e-11 
-2.4402411181309618e-11 
5.7094425949480968e-11 
1.1483774398321396e-10 
-4.6696218770379036e-11 
-1.1922768672670821e-10 
-2.4355697604374653e-10 
-2.803133745622302e-10 
5.5821926010316842e-10 
-3.3523283358299241e-10 
8.7429292947219147e-10 
-1.5230760179486121e-10 
7.6414994425057339e-10 
-2.589044338152239e-10 
3.31406191070565e-10 
-7.0713481972955969e-10 
-1.252153331277913e-09 
-6.6087494265983079e-10 
-2.3747719083677858e-09 
-5.5267113608487023e-11 
-1.4474519253322677e-09 
-5.5337097405212735e-11 
4.3678389554774886e-10 
1.0768413849248259e-09 
1.1280585305981377e-10 
1.831167966425727e-09 
5.38263024758046e-09 
2.2557350104546823e-10 
-5.1934540752323097e-09 
2.205098521794717e-09 
-4.1988689395662255e-09 
-1.5752939801831192e-09 
3.6628504890541921e-09 
4.0556172902786149e-12 
2.4620656417687028e-09 
-1.971574785268137e-09 
7.0084125421492054e-09 
-2.0335777311844394e-09 
-1.1590664981799768e-08 
-4.1970305724774562e-09 
8.6187450142595274e-09 
-6.2465038883058204e-09 
1.0024707474889071e-08 
9.7164993728125249e-09 
1.8946961416332766e-08 
2.0138493322963376e-08 
-2.2034101323362725e-08 
-2.8539340087441495e-08 
-1.4277797856701698e-08 
-3.236011945387397e-08 
9.6885741104326333e-09 
4.0954729165552366e-08 
9.2249055716838199e-10 
4.0660319123820455e-08 
1.001076664761506e-08 
4.1322098020880145e-08 
-2.0038311901047623e-08 
-3.2452527369302141e-08 
3.3946349561520349e-08 
3.0794924389926622e-08 
-3.9331416990305596e-08 
-1.2426419979575144e-08 
4.243145308842126e-08 
-5.5848546761495565e-09 
-4.412468569008675e-08 
2.4255018598972209e-08 
3.369740174129335e-08 
-3.9618957169186224e-08 
-2.1908614761242599e-08 
5.1646309120416865e-08 
-2.4502838951745994e-10 
-5.532676384648457e-08 
2.9884991306344645e-08 
4.4395234385976513e-08 
-5.3309896679216403e-08 
-1.7051327787881999e-08 
6.3069328732909967e-08 
-1.7589345497803758e-08 
-5.7781433830724521e-08 
4.9359450138744735e-08 
3.7635487188318048e-08 
-7.0758479139621279e-08 
-2.9165802577621123e-09 
7.8800777109061676e-08 
-4.1593878129747087e-08 
-6.6811052748232899e-08 
7.6624529107022069e-08 
3.1207377033890133e-08 
-9.0124655310982655e-08 
8.857247812956091e-09 
8.939172361889783e-08 
-4.5074091204667681e-08 
-7.9062745939844438e-08 
7.3238619099164787e-08 
6.1156701574635725e-08 
-9.3214597594968276e-08 
-4.674431599040583e-08 
1.0819623338772851e-07 
4.1066104407604985e-08 
-1.1708984528172103e-07 
-5.1273644527478418e-08 
1.2107429613102502e-07 
7.4217091007708034e-08 
-1.0747446292846208e-07 
-1.0258242659437905e-07 
7.5315010646501146e-08 
1.2954787614549701e-07 
-2.2083358658935472e-08 
-1.3985958233261981e-07 
-3.85173897088562e-08 
1.1907086459851542e-07 
8.940689702661106e-08 
-5.5475304085243109e-08 
-1.257162536176969e-07 
-5.5143496291041711e-08 
1.0659101173272615e-07 
1.0638385333766377e-07 
-2.8735879923843627e-08 
-1.2033447354962612e-07 
-5.4757181028087963e-08 
8.6904589268993061e-08 
9.9838632500774786e-08 
1.6856815864954375e-08 
-1.06771139615527e-07 
-9.7229302524674959e-08 
1.8144964227888298e-08 
1.0564645128633769e-07 
6.8924045148369223e-08 
-5.7838119108291283e-08 
-9.9667047911475929e-08 
-5.4659539550290455e-08 
7.676709989136418e-08 
1.002775961329518e-07 
3.6430547631035299e-08 
-7.9883677185531432e-08 
-9.5933065865288308e-08 
-6.6863383304258517e-09 
9.5059866528274143e-08 
1.0043054123776684e-07 
1.087497922427004e-08 
-8.5655041682732019e-08 
-9.6606309790411224e-08 
1.1576366722821427e-08 
1.0015402184671737e-07 
-1.0079928939395966e-07 
2.2988066418802128e-08 
9.059809368035589e-08 
9.9182872499874768e-08 
-2.304848952667377e-08 
1.0711138739476267e-07 
9.8330381581669238e-08 
-4.6475088383410416e-08 
-9.6744091926258581e-08 
1.0503175475083046e-07 
-2.7370430048998045e-08 
-1.1497632621873767e-07 
-1.0265466454433655e-07 
-5.2611420117635421e-08 
-1.0415099856968843e-07 
-1.125126154170709e-07 
-2.49064287453898e-08 
-1.2339128659524401e-07 
-1.1250514910187825e-07 
-4.7612580346533351e-08 
-1.1017023782326081e-07 
-1.2251353505360659e-07 
-1.3631760535037866e-08 
-1.2742179182296607e-07 
-1.2817633340216001e-07 
-2.9327445972023099e-08 
-1.0933913551339551e-07 
-1.3481944426355063e-07 
1.0596002340079592e-08 
-1.2217780654907053e-07 
1.4337354113516986e-07 
6.291004311486773e-09 
9.5354915804695797e-08 
1.4445997311604295e-07 
-5.0338612976504905e-08 
9.8377616818942124e-08 
-1.4646699292938115e-07 
-5.3529743940292755e-08 
-5.7580085531645246e-08 
-1.41968040203488e-07 
9.3281776547156386e-08 
-4.3739126067095186e-08 
1.2906355583424963e-07 
9.0818463752853192e-08 
-1.3462511794867701e-08 
1.1246128002183103e-07 
-1.1100492324175249e-07 
-2.7823262971048455e-08 
-7.6824099794694506e-08 
1.0355074133953882e-07 
7.1193817846319765e-08 
3.1634845887564803e-08 
9.8765490222962645e-08 
-6.5736410203561954e-08 
-3.0185153537774648e-08 
-7.3242053449425235e-08 
7.9080735675975368e-08 
4.094802565169119e-08 
3.1334557917015733e-08 
-7.249744623880263e-08 
-6.0370542431754582e-08 
2.0081252412533322e-08 
5.1267972294186729e-08 
5.4132062372478925e-08 
-4.8498485885210907e-08 
1.5142593671973375e-09 
-5.0083538724757566e-08 
4.4132112124634754e-08 
-4.0534671357847739e-08 
7.7869732700331624e-09 
-4.3160753519981558e-08 
3.8409392625956868e-08 
3.5268049855967326e-08 
9.6657543086851133e-09 
-3.6628816172071425e-08 
3.4861331232243854e-08 
3.2105303798802212e-08 
8.136718567788409e-09 
-3.169561909693755e-08 
3.2660620229791385e-08 
3.130443811726135e-08 
2.6091240934579984e-09 
-2.7400742399536639e-08 
3.0966939291106522e-08 
-3.0924989439359749e-08 
-7.0223129078198103e-09 
-2.3453346160444117e-08 
2.9445170967942147e-08 
-2.9394803057058888e-08 
1.8022693673941622e-08 
-1.8247380264782966e-08 
2.7852598877797408e-08 
-2.7323810462662025e-08 
2.7890305686350084e-08 
8.7204691577083997e-09 
-2.5991738952466263e-08 
-2.5353721480578116e-08 
3.3077675252165638e-08 
-9.7619194940400139e-09 
-2.309844502417783e-08 
2.3131833646006735e-08 
-3.1426015248026422e-08 
-3.077590516244377e-08 
-9.764067196021495e-09 
1.9464500945434279e-08 
-2.9158624474094858e-08 
3.1141161633743264e-08 
-2.8151544706972542e-08 
-7.867725586594428e-09 
2.6532887065176456e-08 
2.7729554086651316e-08 
-3.5896528684208653e-08 
2.2672380731803321e-08 
1.6611760946753805e-08 
-2.3534923669440189e-08 
3.3036414430783068e-08 
-3.468609599573349e-08 
2.2762092964001598e-08 
6.8530506576759803e-09 
-2.8114465015509834e-08 
-3.020801415882728e-08 
3.1098358904192147e-08 
-2.5744810216223717e-08 
-1.5972514896997416e-09 
2.1084439103121496e-08 
-2.7169985299603957e-08 
2.5452866770772238e-08 
-2.0394915356406173e-08 
1.2719159362326387e-08 
1.2701039928089383e-08 
-1.9837051612579443e-08 
1.8544353095627519e-08 
-1.7003328876617335e-08 
1.308297637677713e-08 
-3.7754163233129807e-09 
-1.317306375422795e-08 
-1.363126952859613e-08 
1.2414186812767129e-08 
-1.1611188504364772e-08 
9.7889953037588156e-09 
-2.0293676646040016e-09 
-9.3707437361107841e-09 
9.212852695933584e-09 
-8.9532666918820542e-09 
8.3888415418673966e-09 
-8.004997027303075e-09 
5.0453718253935879e-09 
5.2792333456369271e-09 
-6.5091736676920166e-09 
6.8988419065587336e-09 
-6.442965209556439e-09 
6.715469724827138e-09 
-6.5131413721743454e-09 
3.6480540389473629e-09 
4.2201650516633498e-09 
-5.6133904467566496e-09 
5.1531485786537979e-09 
-5.6466713593802326e-09 
5.2341803848895968e-09 
-6.5835594353071893e-09 
1.2084976421271884e-09 
4.6192659686052684e-09 
-4.2251182341642908e-09 
4.9084489198580207e-09 
4.5622042139936555e-09 
-5.3894638855809566e-09 
5.3719254001092485e-09 
-5.2739876426798825e-09 
-2.4639763755599906e-09 
4.4517872232790139e-09 
-4.0476320515621623e-09 
4.7883464380826956e-09 
-4.4787817663291506e-09 
5.7051505802081393e-09 
-6.910339484338093e-09 
1.4102761859461942e-09 
2.9495836515636638e-09 
-4.521417744093298e-09 
4.3666038582308133e-09 
-5.1883473541581904e-09 
5.1469936946436459e-09 
-6.3538662188942111e-09 
7.1227082808614866e-09 
-4.024106654683214e-09 
-2.425481955527153e-09 
5.1682862014757752e-09 
-5.1510925775177602e-09 
6.1683386192997505e-09 
-6.1892475838471201e-09 
6.800135356691326e-09 
-6.6279319238868937e-09 
5.9426198182664767e-09 
-2.6123082829168231e-09 
-3.8770793946539303e-09 
5.2228827036482583e-09 
-5.3976468327193869e-09 
5.1314213324381773e-09 
-4.6048933690973897e-09 
4.3383522182819202e-09 
-3.8109035646426528e-09 
3.696729557117738e-09 
-3.0098394946060432e-09 
9.9516819115089898e-10 
2.8785363678588459e-09 
-2.6572685747379238e-09 
2.6766883624701436e-09 
-2.6752640679468615e-09 
2.8435013204568221e-09 
-2.4299714772046784e-09 
2.6629065191232916e-09 
-2.8128819670969544e-09 
5.0628698551371633e-09 
-5.6317125236652309e-09 
