415
-1.9016864736531006e-11 
-9.531959886903846e-11 
-1.510125758952591e-10 
-1.9057728635689987e-10 
-1.4243571992081817e-10 
-1.2233964452583428e-10 
-5.8336811462244e-11 
-3.5233857287866499e-11 
-7.7771048394045454e-12 
-2.6712077773948698e-12 
1.4102666867925581e-12 
-6.7932984494968957e-16 
-1.0081657508629329e-12 
-4.2563188004470672e-13 
1.8633432520119881e-13 
6.6686934496181704e-12 
7.3416853646403126e-12 
1.4361501975421763e-11 
-1.3645459313096444e-11 
-1.9488667992256322e-11 
-1.5565912507075092e-11 
-1.7791925513537652e-11 
-1.3134408709319676e-11 
-1.700704484013031e-11 
-1.335019740630265e-11 
-1.8310852583370814e-11 
-1.6107525085449627e-11 
-2.1340718344308875e-11 
-1.8447866927758522e-11 
-2.216744143989629e-11 
-1.770629975040057e-11 
-1.9982238969511701e-11 
-1.4948219457783914e-11 
-1.6178783678091312e-11 
1.349642026755071e-11 
1.8613560537800026e-11 
-1.678839971392234e-11 
-2.1007066816309126e-11 
-1.6644355677041422e-11 
1.8269198045242922e-11 
1.5189364434477582e-11 
-1.9148882733156683e-11 
1.6129796317256001e-11 
1.807149109272695e-11 
1.51884669423786e-11 
1.9290410811659757e-11 
1.6029773503246888e-11 
1.7891411905604792e-11 
1.6446967503731809e-11 
1.7574914848961829e-11 
1.1224101760817489e-11 
1.4828792820017635e-11 
1.546059350231009e-11 
1.657888150783888e-11 
1.4304112176539212e-11 
1.6718362158168032e-11 
1.2611847370894457e-11 
2.4274634536612362e-11 
1.2094593999688375e-11 
-1.6752583974337157e-11 
3.3449685669775022e-11 
1.1333402016354964e-10 
-4.5199698895152386e-11 
-1.1968825696477617e-10 
-1.9540403960768012e-10 
-3.1989386630785337e-10 
5.2199165661048871e-10 
-4.1689532684564228e-10 
8.430189765097401e-10 
-2.3925401564752502e-10 
8.4379082113902985e-10 
-2.4131403892820509e-10 
4.878436733177364e-10 
-8.7450810422738637e-10 
-1.0381203722413688e-09 
-1.0692804889932784e-09 
-2.3095300904561063e-09 
2.7329647930621127e-10 
-1.534264767479926e-09 
1.640086630153885e-10 
1.8243779545946312e-10 
1.6089665761159918e-09 
1.139003756812862e-09 
4.2042892963121736e-09 
9.9170852699689277e-09 
-2.971964736831362e-09 
-9.6611652976452974e-09 
1.6832441862018581e-09 
-8.0943258349778542e-09 
-2.7714586231471963e-09 
4.5430616754648126e-09 
2.4047634864578199e-10 
2.627252038655075e-09 
-6.1046013586791324e-09 
1.6312315716946195e-08 
-1.206939091298535e-08 
-3.5252597342441423e-08 
4.8118312717911852e-09 
2.9768945601304926e-08 
-1.2226316187024586e-09 
3.4389695664140724e-08 
3.5175076448134736e-09 
6.3662716191556165e-08 
1.89049729029244e-08 
-7.7787817919729119e-08 
-3.9576793572374085e-08 
-5.9256904047974704e-08 
-5.4206666379791504e-08 
5.4167518993087346e-08 
7.7131712304202797e-08 
3.5277203944489813e-08 
8.4976058879951524e-08 
-1.4605721210573935e-08 
9.4408098905693822e-08 
-1.2145746551389474e-08 
-8.397630461505311e-08 
4.3722679837838915e-08 
9.067319244698494e-08 
-6.4190146823460452e-08 
-5.2797393743057498e-08 
8.3761162976213105e-08 
2.4223261331070687e-08 
-9.8076664338513194e-08 
1.5399384604844742e-08 
8.7821556261283374e-08 
-5.3213046665176975e-08 
-7.5100854777311857e-08 
8.6758278029684486e-08 
3.8252118522916096e-08 
-1.0744012624896196e-07 
1.8995868975408299e-08 
1.033387267279418e-07 
-7.4894668952094424e-08 
-6.7965619841069553e-08 
1.0891285487979014e-07 
1.0414267662954973e-08 
-1.1662635233210507e-07 
5.0836738255432906e-08 
9.7121106822966254e-08 
-9.999812237619568e-08 
-4.8566086781537025e-08 
1.2869933645640569e-07 
-2.6476109429702365e-08 
-1.2916525709001354e-07 
9.4521626366369818e-08 
8.7644222414265999e-08 
-1.3028263102218669e-07 
-2.9789312720597848e-08 
1.4347068931510466e-07 
-2.7749521231825466e-08 
-1.412311975393256e-07 
7.419587224341977e-08 
1.2299677213978462e-07 
-1.0709497610138577e-07 
-1.0689989587908109e-07 
1.2816511739867084e-07 
9.9959806027811481e-08 
-1.3597748517680001e-07 
-1.105318824146368e-07 
1.3258746942608735e-07 
1.3405051536569676e-07 
-1.0404134082316562e-07 
-1.5832998159190808e-07 
5.3935516161178053e-08 
1.7676072097344218e-07 
1.7172233589494444e-08 
-1.7022672039801975e-07 
-8.7981014146002973e-08 
1.2461209593436557e-07 
1.3945707655394453e-07 
-3.1151065647916548e-08 
-1.6503523556982839e-07 
-1.0174816192948347e-07 
1.0952673881235118e-07 
1.4969671739829771e-07 
-6.1431353733643352e-10 
-1.4860223060814203e-07 
-9.7531829711539219e-08 
8.6114756487915716e-08 
1.4077414918069015e-07 
5.1198976936060193e-08 
-1.2678590062392965e-07 
-1.3597808611826935e-07 
-3.0006281985959776e-09 
1.3238528451113963e-07 
1.0741016983612364e-07 
-5.6566413556999887e-08 
-1.3509204391649222e-07 
-8.8115843123063067e-08 
8.9184116491150556e-08 
1.3313390211541228e-07 
6.2074145053299112e-08 
-9.8224039468761323e-08 
-1.3074848881270463e-07 
-1.86577118256301e-08 
1.2337987899892551e-07 
1.3363990932948122e-07 
1.9805130535612122e-08 
-1.108989020149271e-07 
-1.2724846835425012e-07 
1.431015572515331e-08 
1.299352978227888e-07 
-1.2869526574061137e-07 
3.218423093139453e-08 
1.1775101195102924e-07 
1.2268537108827114e-07 
-3.5410147451573885e-08 
1.3626642970761395e-07 
1.1633304032222904e-07 
-6.5740165506635044e-08 
-1.2419344669589626e-07 
1.2146644966225326e-07 
-4.4658250112427744e-08 
-1.4279427216387587e-07 
-1.1366145025616504e-07 
-7.5158267884934912e-08 
-1.3153620117756151e-07 
-1.2347137713464306e-07 
-4.4681669875184239e-08 
-1.5008936623525516e-07 
-1.1967544041896748e-07 
-7.1135214649441724e-08 
-1.3739987500333093e-07 
-1.3030105727661004e-07 
-3.4276321642488905e-08 
-1.5372688527459497e-07 
-1.3510967633994499e-07 
-5.2692749850707174e-08 
-1.3690577328573316e-07 
-1.4246771740611096e-07 
-9.298083894871449e-09 
-1.4935342744723476e-07 
1.5356283788611171e-07 
-1.5208049891912705e-08 
1.2405421565150507e-07 
1.551642520257122e-07 
-3.4221596027848885e-08 
1.2747522825874297e-07 
-1.623548393538483e-07 
-3.715880906533679e-08 
-8.7099146803900314e-08 
-1.5881093827808959e-07 
8.5844927124458216e-08 
-7.3460744598425425e-08 
1.5253767471025231e-07 
8.3368391936737149e-08 
1.1470152727738906e-08 
1.3961583560622562e-07 
-1.150425038680442e-07 
-4.6826595797847393e-09 
-1.0880077479577453e-07 
1.0809483911110718e-07 
6.0431893321874204e-08 
6.4520367830923141e-08 
1.1755467310226188e-07 
-5.4452736864187191e-08 
-6.2565691132530085e-09 
-1.0288974819290715e-07 
8.208288436097267e-08 
2.0616007882029993e-08 
6.6389025460692867e-08 
-7.8651834224793335e-08 
-5.453664855127806e-08 
-8.7240978635115997e-09 
7.9739762036688248e-08 
4.7053344357703253e-08 
-3.7241250784161029e-08 
-3.3853782331836575e-08 
-6.6591838765529094e-08 
3.180331827777828e-08 
-2.5123011467496849e-08 
4.4428032592913696e-08 
-4.9798049240733883e-08 
2.3060540968595029e-08 
1.5567089449958981e-08 
4.4591444018223128e-08 
-3.7951955062017566e-08 
1.7677780807038001e-08 
8.4791058997362006e-09 
4.0518442159238073e-08 
-3.035454679483702e-08 
1.4479577365914528e-08 
6.246909544032239e-09 
3.4320118233972507e-08 
-2.5293946582927119e-08 
1.2629236267381758e-08 
-8.4116332280133615e-09 
2.7374987586274713e-08 
-2.2094932150385705e-08 
1.1574721429782175e-08 
-1.0265082252327002e-08 
-1.9809707985549803e-08 
-2.0165083930775232e-08 
1.0796188818701166e-08 
-1.0480873693188592e-08 
-1.1498472005237294e-08 
1.9489188561330779e-08 
-1.029792680307881e-08 
-1.0108466864459444e-08 
-1.922073906486284e-09 
1.7384474111606998e-08 
-1.0308732616012158e-08 
9.696840974391866e-09 
-3.2329808552527135e-09 
9.3160865248059388e-09 
-1.3090976734488201e-08 
9.7724649543935251e-09 
-4.8524828985041426e-09 
3.3487083557579219e-09 
1.0018228005310034e-08 
-1.1008676901588848e-08 
5.5611360184610455e-09 
4.780377464257118e-09 
2.0100259615465578e-09 
-9.9379568900913645e-09 
7.8057147480808531e-09 
-5.6299411714315392e-09 
1.0165683797860222e-09 
1.2629255730964913e-09 
-8.4877030023975872e-09 
8.0755101525531699e-09 
-2.5830732715627995e-09 
-7.9226698028897108e-10 
-3.7694675251982043e-09 
6.1295988082166849e-09 
-7.6384296922790713e-09 
3.3678360062007475e-09 
1.8956435102155219e-09 
-2.8928402228695734e-09 
5.6602990393775444e-09 
-6.8685441414896404e-09 
4.0280824513315138e-09 
8.7454813828241843e-10 
-3.9394469596372215e-09 
4.0132821752728309e-09 
-5.7103647443704478e-09 
6.2985152570527586e-09 
-1.2708196505910645e-10 
2.5245084084103803e-09 
-4.1800073310391533e-09 
3.9814315970071187e-09 
-5.2304352630000484e-09 
5.0853232909553807e-09 
1.7936167302666346e-09 
-2.8703243342406214e-09 
3.9944995250566247e-09 
-3.7295332656021139e-09 
4.698918283242057e-09 
-5.2330214773247492e-09 
-8.4711046183646697e-10 
2.6802833338042751e-09 
-3.7050366694337363e-09 
3.4371336227721445e-09 
-4.1133491909720472e-09 
4.0506623293445731e-09 
-3.6690715050721194e-09 
-2.0717452615217658e-09 
3.4480486927337567e-09 
-3.1893158120317045e-09 
3.7180669467628175e-09 
-3.4679504606964044e-09 
4.8005305626352256e-09 
-1.2892930246842581e-09 
-3.1367353505610566e-09 
2.8854323203086095e-09 
-3.4328189869304763e-09 
-3.2215495891303746e-09 
3.8005027733313975e-09 
-3.7882438351466847e-09 
3.2850814073689335e-09 
2.0028748618004623e-09 
-3.2575921966379203e-09 
3.0646386139657678e-09 
-3.5230347870896726e-09 
3.3656837369967682e-09 
-4.0768560587907812e-09 
4.661735427213352e-09 
-4.5443082936289198e-10 
-2.4245344832863416e-09 
3.420202013159877e-09 
-3.3105902611447271e-09 
3.7897117461257435e-09 
-3.7436761454309286e-09 
4.3536061202172866e-09 
-4.6269789724218643e-09 
1.7818866772001641e-09 
2.322153999093917e-09 
-3.7956379542008757e-09 
3.8257711057890993e-09 
-4.2688449950573041e-09 
4.2530045510889195e-09 
-4.3676166470034919e-09 
4.1951805897464273e-09 
-3.3275236338177176e-09 
9.2938843359930052e-10 
2.9057947573571065e-09 
-3.3438193813172726e-09 
3.1724098034184237e-09 
-2.8613822552946969e-09 
2.4255133708803321e-09 
-2.1722267962816352e-09 
1.7595180908307142e-09 
-1.5933068994468029e-09 
1.0144774378067345e-09 
3.6644185356643579e-10 
-1.5434283061459191e-09 
1.2810272866255076e-09 
-1.0213706943590101e-09 
9.2914589107408579e-10 
-7.8600005637170814e-10 
7.1056769448807108e-10 
-6.2109671451028623e-10 
5.7158336310181085e-10 
-5.5775205561924045e-10 
5.3828891021821946e-10 
