415
1.6028394875590213e-09 
9.3913977512903404e-12 
-2.058094280578309e-10 
-2.5216723066756839e-10 
-2.7645430847346253e-11 
-1.513939533034689e-10 
6.8553000164934035e-11 
-7.531199778243215e-11 
1.1956486606993264e-10 
-7.8829000008499208e-11 
1.0819587902444677e-10 
-8.5022844654109711e-11 
9.4650991107312766e-11 
-8.5065321089074547e-11 
8.6102783676360839e-11 
-6.8888891239833051e-11 
8.4696241313614282e-11 
-5.893140488239539e-11 
-8.2316616988391578e-11 
4.4164060553664913e-11 
-7.7409476541442032e-11 
4.8273712588865079e-11 
-6.694369400685397e-11 
4.2574558032846692e-11 
-6.1012001744508786e-11 
3.5695263149207048e-11 
-6.2161137732983661e-11 
3.0032061557146965e-11 
-6.2969322768915845e-11 
2.79315489673005e-11 
-5.7504962942365419e-11 
2.8243848417439018e-11 
-5.0309997717416198e-11 
2.4822236047682629e-11 
4.5149196849485714e-11 
-2.3115697019639265e-11 
-5.1085672917680851e-11 
2.211395453041453e-11 
-5.0890695423098481e-11 
-1.7879535304366554e-11 
4.0848907081838693e-11 
1.5593201842343028e-11 
4.6916011233523972e-11 
-1.8157359118545537e-11 
3.7447712126188323e-11 
-9.6073463370651112e-12 
4.2684410566858997e-11 
-1.56963020104412e-11 
3.8672985364779126e-11 
-3.9825436465876669e-12 
2.9045888939468203e-11 
-2.581326587229137e-11 
4.9899000998979151e-11 
3.8071517294552729e-12 
3.7457261708751296e-12 
-1.0936760932107604e-11 
6.6028634205386442e-11 
-1.3173219074941488e-11 
3.2846701675570976e-14 
-5.7083069029848753e-12 
4.0256672532416388e-11 
2.7673896755274274e-11 
2.7889372747799533e-11 
-7.7379741809660172e-11 
-6.1408610099351122e-11 
-1.9783000077777798e-10 
1.3595336842160973e-10 
-3.3788297758801243e-10 
3.7192427360798532e-10 
-2.753585675535862e-10 
4.5184549390619585e-10 
6.2273185707106175e-11 
5.3758114894730893e-10 
-4.4399365892653634e-10 
2.3579521229345479e-11 
-9.7011784822127888e-10 
-4.7818918600505781e-10 
7.8320063066937736e-10 
-2.0199731188185542e-10 
1.0562502361324535e-09 
8.3291942651860752e-10 
3.2739521415310682e-09 
-1.730966187449228e-10 
1.3121769180502419e-08 
7.9601210682626684e-09 
-1.9998988586576849e-08 
-1.2188538899788969e-08 
-1.0363349587921307e-08 
-1.2238724687531641e-08 
2.5518593354164435e-10 
-2.0889795642474646e-09 
3.6937989337289967e-10 
-1.3447858259129491e-08 
-2.8207052353012521e-08 
-1.346890423257796e-08 
-1.0714325415962177e-07 
-9.9926103331323625e-09 
1.4375413856514589e-07 
2.3225182147319474e-08 
1.0914265664144471e-07 
5.0241426864696889e-08 
-1.7475625575800847e-07 
1.3590875563581831e-07 
-2.5138918919565736e-07 
-2.0539405360141947e-07 
2.0809073771326398e-07 
-2.149610083473186e-07 
1.2394144356698901e-07 
2.7822677215714559e-07 
-6.2444794718890992e-08 
2.9168647786059338e-07 
2.3126378451374738e-08 
-3.0790037249600208e-07 
1.0345514722100101e-07 
2.4788594208794815e-07 
-1.8591091684698728e-07 
-2.0321477612431105e-07 
3.0226064534112194e-07 
9.8850032334444764e-08 
-2.8102804688271307e-07 
4.2931354548328555e-08 
3.1312389053255811e-07 
-1.520810865645654e-07 
-2.4914010087289372e-07 
2.4441107300149361e-07 
1.4714220397466851e-07 
-3.332910063340764e-07 
-2.2000852142885537e-08 
3.5105918571354185e-07 
-1.2457770598052548e-07 
-2.700068940926694e-07 
2.6467225710172843e-07 
9.4697397305954245e-08 
-3.4609806943317942e-07 
8.5325380004772508e-08 
3.1201465571442634e-07 
-2.3691361153475844e-07 
-1.875762278786864e-07 
3.3886654686525652e-07 
1.9552147011968125e-08 
-3.5710484840278471e-07 
1.4679636977822108e-07 
2.4566370950954204e-07 
-3.0843013211367528e-07 
-5.8071458999560372e-08 
3.7317603606030957e-07 
-1.1018031623925185e-07 
-3.3013267227068696e-07 
2.4245497882260596e-07 
2.2855709542911433e-07 
-3.4262096750188438e-07 
-1.1571194370750168e-07 
3.8352293326256892e-07 
1.537594446593996e-08 
-3.941863537732908e-07 
5.1291995291046273e-08 
3.9195918991506822e-07 
-7.6987321902493792e-08 
-3.9706355963562965e-07 
6.1703723201152731e-08 
4.1320808721915339e-07 
9.0709668909835709e-09 
-4.0811756128021695e-07 
-1.1345539483957628e-07 
3.8215082232109355e-07 
2.4375441061131083e-07 
-3.0048659981723624e-07 
-3.4961076796067189e-07 
1.4962882728435971e-07 
4.044165207735225e-07 
7.8635655066753088e-08 
-3.9005103842528829e-07 
-3.3855959564407993e-07 
1.741871604071366e-07 
3.9770988733500772e-07 
9.0947602300885797e-08 
-3.5602715432184297e-07 
-2.9895831744802527e-07 
1.8020448919104494e-07 
3.7916919830626914e-07 
1.5310376479834185e-07 
-3.2694076004068235e-07 
-3.5602854516319181e-07 
8.6852876992218782e-09 
3.5532992005017349e-07 
2.5081983155395901e-07 
-1.9646910051643255e-07 
-3.407193022421249e-07 
-1.5721778336037015e-07 
2.8889720517115558e-07 
3.3143614048775051e-07 
4.3970325726483142e-08 
-3.0814509039918682e-07 
-2.6168055161835214e-07 
1.0095428614732392e-07 
3.161518933607963e-07 
2.5802488976585694e-07 
-1.2343655203077714e-07 
-3.0174511054662303e-07 
-1.5981799402268477e-07 
2.0366468155335185e-07 
2.6862496993902735e-07 
-1.2355538393799569e-07 
2.3313485458052129e-07 
2.6623223202004235e-07 
6.0467051053770599e-08 
-2.359116036839751e-07 
2.2029106912505505e-07 
1.6692548374602952e-09 
-2.4655065613459961e-07 
-2.2475658463354894e-07 
-9.9162027102373636e-09 
-2.2904720277714107e-07 
-1.7395982284661326e-07 
5.6432811544524814e-08 
-2.2345248150536133e-07 
-1.8204768062691947e-07 
5.2677671888005573e-08 
-2.0887725264348869e-07 
-1.328132058523757e-07 
7.8263678828447034e-08 
-1.9639388023517014e-07 
-1.4431980325178278e-07 
7.3300528587507833e-08 
-1.8595619059548931e-07 
-1.0131059738871415e-07 
7.9520153005894012e-08 
-1.7324189423198443e-07 
-1.1450626570581142e-07 
7.7997956129463037e-08 
-1.6534499055547192e-07 
-8.1371319857453862e-08 
-6.8781684637341251e-08 
-1.5596060972984609e-07 
9.7016534904667416e-08 
-7.1987066195138996e-08 
1.4813555330620076e-07 
7.7443327871694718e-08 
5.3117089099884637e-08 
1.4263494267987558e-07 
-9.7430784013268683e-08 
5.6548477650323714e-08 
-1.3090426024639366e-07 
-9.4270194068294082e-08 
-3.0411463631972029e-08 
-1.2784543465854353e-07 
1.1528380224059392e-07 
-1.6128749169375674e-08 
1.081630121688617e-07 
1.1364361592623025e-07 
-1.8620075110952212e-08 
-1.0582924212051702e-07 
-1.1770397414220928e-07 
5.5983528917493054e-08 
-7.0941900763276499e-08 
1.1201409717801544e-07 
9.5609222694077886e-08 
2.7232679453597118e-08 
-9.9188665266688712e-08 
-9.5534739190199205e-08 
1.9634798733902517e-08 
9.1132401451181215e-08 
9.562877796982251e-08 
-7.0320886193053031e-08 
-3.9000616532304445e-08 
-8.9588915826942826e-08 
8.6222850777415021e-08 
-3.4760919652035752e-08 
6.5223860332541334e-08 
-7.9753091854098167e-08 
7.4681642890965176e-08 
5.1703176594733146e-09 
6.9560637494695461e-08 
-6.8980609007538777e-08 
-6.3622026477427488e-08 
-1.3623985104877997e-08 
6.4132217065947207e-08 
-6.0183337964288878e-08 
-5.2020505936402511e-08 
-2.3028876808818355e-08 
5.750400564093362e-08 
-5.169121213848696e-08 
-4.4463204087923454e-08 
-2.3510099461333168e-08 
5.0006717451807697e-08 
-4.5169753773744028e-08 
3.9985429936861319e-08 
-1.5816265528009617e-08 
4.3830323167950827e-08 
-3.8760166265481094e-08 
3.6590912706328815e-08 
6.3853233524547663e-09 
3.72121005132627e-08 
-3.3817368979477152e-08 
3.1660786628670533e-08 
-3.9568309590486827e-09 
-3.074522280862529e-08 
2.8702436284724525e-08 
2.752182938199049e-08 
-1.357087732738904e-08 
-1.9865935455943518e-08 
2.5045193460070232e-08 
-2.302599206048307e-08 
1.6163891594490038e-08 
-3.7941990681331966e-09 
2.2184032294919136e-08 
-1.9916945513273751e-08 
1.409915153437795e-08 
-1.1429724244633758e-08 
-9.6545501233652582e-09 
1.7433515196401103e-08 
-1.1845685069383056e-08 
-9.6446056129192026e-09 
-1.1520708058246386e-10 
1.3028127032224296e-08 
-1.1526086378086991e-08 
7.9662766637582218e-09 
-6.744620738160992e-10 
-3.3150022461107805e-09 
1.2566451948765358e-08 
-9.6320872960331275e-09 
2.3368294763797302e-10 
-3.141409226583409e-09 
9.2488229439883057e-09 
-1.1567233469884763e-08 
7.999124439545769e-09 
1.2026758192683604e-09 
-8.470259632842082e-09 
9.6632532460851799e-09 
-1.097962512198404e-08 
9.7877704138836469e-09 
1.1502210582589167e-09 
-7.8003484351600586e-09 
9.9603160333754467e-09 
-9.4834203238477689e-09 
9.0559485247520202e-09 
-4.6753105901417659e-09 
-6.2822220957075763e-09 
-8.19414776703647e-09 
7.9754669311375617e-09 
-7.8899680675420379e-09 
6.628998093042265e-09 
-1.4595147702334637e-09 
-6.6995511913122044e-09 
6.3569185592826638e-09 
-6.4616925501822327e-09 
5.7155770697552499e-09 
-5.4728153827501917e-09 
1.9000059965576886e-09 
4.5012706070370855e-09 
-5.2331515148948832e-09 
4.4374754040241043e-09 
-4.7238887232090765e-09 
3.7506511196248654e-09 
-4.0584458990305134e-09 
-5.8668271906073197e-10 
3.4166933783332624e-09 
-3.774945596979961e-09 
3.0187356753606207e-09 
-3.3008185088038468e-09 
2.5892897616177511e-09 
-1.9896524671934925e-09 
-2.0060369844683577e-09 
2.2947203875981864e-09 
-2.7014585122940126e-09 
1.9439738086795241e-09 
2.3564507591065657e-09 
-1.5855117598765026e-09 
1.9554052817251042e-09 
4.9788818618734953e-10 
-1.5139534961496449e-09 
1.8047233540163821e-09 
-1.2522199989590383e-09 
1.5456609963200214e-09 
-1.005391842641985e-09 
1.2215658720984823e-09 
-2.0998066873186871e-10 
-8.7108411519158453e-10 
1.3128930841200707e-09 
-5.9214338834843939e-10 
1.1429680962372028e-09 
-3.2688569906233455e-10 
9.4909825841885591e-10 
-6.7610520174053615e-11 
4.4061461975157046e-10 
6.3905867755517803e-10 
-3.1899008517210952e-10 
3.8683601981446472e-10 
-2.2541373471841838e-10 
-5.4546898881051875e-11 
-6.3186240151590506e-11 
-2.4020175998705415e-10 
3.999547345221283e-10 
-3.7488322374868413e-10 
6.2313348533767975e-10 
1.0417792518793226e-10 
-7.8971245726158984e-11 
2.8559019604892316e-10 
-6.9301834455054389e-10 
3.6931109759679995e-10 
-6.023711739743306e-10 
-3.4101806972836145e-10 
-7.9238763450253358e-10 
-4.5524716744430485e-10 
-4.5376444627617936e-10 
-4.9624988500198402e-10 
1.5133761987019821e-10 
-2.676053889206204e-10 
3.5110192430334068e-10 
-5.6884873908049231e-10 
-6.3016342996204751e-10 
-4.8635839983202399e-10 
3.6460702714953106e-10 
-4.7901528572225467e-10 
-5.1113853560812565e-10 
