415
7.6933727375609674e-11 
4.5976901393835767e-11 
-2.7596229224911537e-10 
-2.1877286664686664e-10 
-1.7106937038369842e-10 
-1.0308034454542046e-10 
-5.5360332095181942e-11 
-6.8300175956363729e-12 
4.4770819943773085e-12 
8.1768819741661568e-12 
2.6670848753240371e-12 
-5.2631012268533345e-16 
-4.9956434478328856e-12 
-6.1394114743628638e-12 
-5.6167300388232536e-12 
2.369732107174525e-12 
2.7424793818822827e-12 
8.6822971549372139e-12 
-8.8030276479605532e-12 
-1.5556321605629166e-11 
-1.0172057005213584e-11 
-9.2052501460721662e-12 
-5.2729767405904329e-12 
-8.2840891903572741e-12 
-5.3410201963901728e-12 
-1.0163539383416017e-11 
-9.4472756463858003e-12 
-1.4070951640045177e-11 
-1.2452719866157326e-11 
-1.4183002633116416e-11 
-1.031120855302633e-11 
-1.0913437940881048e-11 
-7.1040335694141103e-12 
-7.2907638901260595e-12 
7.1162945454269598e-12 
1.0154984568484568e-11 
-8.0930335702494569e-12 
-1.2088395539363897e-11 
-1.1361734309148073e-11 
9.9932485860734423e-12 
6.8611292550296695e-12 
-1.1502051249481576e-11 
9.3672472577121422e-12 
8.2516559577066609e-12 
7.1717056168387496e-12 
1.262357451625222e-11 
1.0336186707087974e-11 
8.3774866935081971e-12 
1.0158794230033e-11 
1.2193932858998225e-11 
1.1969349196054821e-12 
1.6218285190838075e-12 
1.5573475898046401e-11 
1.2382238551609648e-11 
-3.421654882380261e-12 
1.1382496041875718e-11 
1.8442417014948904e-11 
6.5887584467434317e-12 
-3.7174820496241425e-12 
-7.1555340797248369e-12 
1.8175477346055154e-11 
7.7344140879393804e-11 
-1.9566092780482738e-11 
-1.0429616329559655e-10 
-1.1460259831665801e-10 
-2.9237197645131858e-10 
3.5330346797415921e-10 
-4.3118019900778152e-10 
6.3728425971978404e-10 
-3.0017788206580382e-10 
7.4031904557868973e-10 
-1.0390946314937428e-10 
6.1121149704108558e-10 
-7.9160989881072685e-10 
-4.6606681335730099e-10 
-1.2758309751259629e-09 
-1.5292083290690396e-09 
7.346564543982427e-10 
-1.0668536294397093e-09 
8.1182368208895432e-10 
2.0830039173121119e-10 
2.8673084534964552e-09 
1.6390543701920625e-09 
9.8568734558850596e-09 
1.346154983932105e-08 
-1.2469567547909017e-08 
-1.4774186060988497e-08 
-3.5212299687893988e-09 
-1.3141962374242887e-08 
-2.2233166312671768e-09 
2.9169097850622067e-09 
1.3453140814133565e-09 
-2.040139256790674e-09 
-2.0099070406754273e-08 
2.0388385957260578e-08 
-6.1407410762982867e-08 
-6.1463439557327725e-08 
6.8905374667255909e-08 
5.8823770607965922e-08 
4.5737091415677376e-08 
7.599284665628099e-08 
-6.7307043386458589e-08 
1.526340282654842e-07 
-7.5746119628051746e-08 
-1.9857379064981617e-07 
3.0501763687751874e-08 
-1.7242734665827345e-07 
-2.1929562971875927e-08 
1.8783075623751553e-07 
7.6006679087900712e-08 
1.6505969646683335e-07 
1.1973899128427273e-07 
-1.4228964282686198e-07 
1.6285218802922595e-07 
8.1932055120080853e-08 
-1.7941440055646321e-07 
-2.3049821401326514e-08 
2.2923085092734052e-07 
-4.218576556727282e-08 
-1.7168258002750149e-07 
1.1874832307569323e-07 
1.4854703201407602e-07 
-1.7637937586128118e-07 
-7.651610832896923e-08 
1.9709530766471793e-07 
-7.1225031977281112e-09 
-2.1294189294251059e-07 
9.2407131369093654e-08 
1.74769005529654e-07 
-1.6866556028802961e-07 
-7.9616620976435218e-08 
2.1355153190531114e-07 
-4.591509898300963e-08 
-2.0312998799513883e-07 
1.4716340684426762e-07 
1.2828418794388013e-07 
-2.0890649633469054e-07 
-1.912999361521802e-08 
2.2421113146403593e-07 
-9.1029415654064294e-08 
-1.8077837406400775e-07 
1.7809208074344699e-07 
6.6619548035864326e-08 
-2.350877005101533e-07 
6.4979562398322884e-08 
2.1738597684179223e-07 
-1.5697644766790374e-07 
-1.4747451316206162e-07 
2.1427324483477012e-07 
5.9377233560743488e-08 
-2.4566011711474765e-07 
2.0188451623879967e-08 
2.4167882565201833e-07 
-8.1257431484376796e-08 
-2.2945561568492796e-07 
1.1851874578896621e-07 
2.2063135463184145e-07 
-1.2977603660220631e-07 
-2.2746604480937906e-07 
1.1784316447857226e-07 
2.4672467613163622e-07 
-6.8761810751681432e-08 
-2.5767652873419542e-07 
-5.6565849934100786e-09 
2.5653793699491815e-07 
1.0082316842011733e-07 
-2.1854097663302826e-07 
-1.8397040593218944e-07 
1.3097774113898406e-07 
2.3380362936231794e-07 
1.2227353608543424e-08 
-2.4070600148608567e-07 
-1.8558084060045785e-07 
1.2399623781143137e-07 
2.318566193229874e-07 
3.8534557495401263e-08 
-2.1104698484977105e-07 
-1.6845472802407262e-07 
1.0544382758928199e-07 
2.1739066507722724e-07 
9.3999464288940365e-08 
-1.8188820009722194e-07 
-2.0611391187471275e-07 
-1.2619987606693728e-08 
1.9590747415754792e-07 
1.5994905473299575e-07 
-8.643568242564723e-08 
-1.9935008555655836e-07 
-1.2112645431225557e-07 
1.3985528080469098e-07 
1.9431493074216459e-07 
7.1217368985507316e-08 
-1.5450843243277772e-07 
-1.7781641903778936e-07 
2.1586650099562217e-09 
1.811948286986717e-07 
1.7887175185335603e-07 
-8.1928145161261025e-09 
-1.6753750194204732e-07 
-1.5065631123983538e-07 
5.9371337006429676e-08 
1.7763556461846698e-07 
-1.4253715554464696e-07 
8.3852180701912533e-08 
1.6747350304885514e-07 
1.2147132859367215e-07 
-8.9623919706730787e-08 
1.7315683502295663e-07 
1.0020142720953656e-07 
-1.2019626210674222e-07 
-1.6533849053191991e-07 
1.0113330031194798e-07 
-9.9859761239998595e-08 
-1.6931061230049722e-07 
-8.1209843947993078e-08 
-1.2664810974159001e-07 
-1.640433368516472e-07 
-9.0171333277535795e-08 
-9.9153717967504135e-08 
-1.6757347984023091e-07 
-7.8947855424202878e-08 
-1.2063241914152468e-07 
-1.6281101838973309e-07 
-8.9384485907382576e-08 
-8.8718182994870199e-08 
-1.6589238203841884e-07 
-9.1604169678151355e-08 
-1.0344541849649481e-07 
-1.5897026360453957e-07 
-9.8877178709892705e-08 
-6.5984817245766612e-08 
-1.6174551138289613e-07 
1.1274750490013353e-07 
-7.088039317925608e-08 
1.488562941179455e-07 
1.1409981049603306e-07 
2.6124168339828044e-08 
1.4822879230753038e-07 
-1.3000033927534528e-07 
2.3467978313784942e-08 
-1.2323585564355598e-07 
-1.2763687883579266e-07 
2.6029738832772739e-08 
-1.1301028710324962e-07 
1.3658960602958991e-07 
2.400564211586324e-08 
6.6002420932247148e-08 
1.3419126762392963e-07 
-6.5288766337852347e-08 
5.2051377642555453e-08 
-1.2484808392923187e-07 
6.0067058883715697e-08 
2.4053893231154223e-09 
1.0211467353068121e-07 
9.1561284737250284e-08 
2.5748953302030037e-09 
4.9856442093653278e-08 
-1.0413625061677302e-07 
3.6696614358688864e-08 
-3.6151976267600814e-08 
9.5944091115431984e-08 
-3.8343402306737719e-08 
-4.0514384147051737e-09 
-6.1870506101579453e-08 
7.9166951004932793e-08 
-2.8927901701643339e-09 
1.4577747905620954e-08 
-7.7307060564734612e-08 
-4.46171876465305e-08 
-1.9458577353682108e-08 
2.7221089728744764e-08 
7.5834353152926994e-08 
-1.6706669825232962e-08 
-2.8365776831091081e-08 
-3.7283925253616293e-08 
6.5794124033451885e-08 
-8.999599495217905e-10 
-3.3474327935824222e-08 
-4.4828838024630466e-08 
5.4428531623578558e-08 
7.7205022549574699e-09 
-3.6245263475132186e-08 
-4.6916798441388013e-08 
4.7539756964679599e-08 
1.2102706620329954e-08 
-3.7379441070541504e-08 
4.3454767713367558e-08 
4.8476569251036448e-08 
1.3299435434725223e-08 
-3.749077971328497e-08 
3.9363795970284002e-08 
-5.2502668704749296e-08 
1.0592918740179706e-08 
-3.7155623391530459e-08 
3.7155528646892317e-08 
-5.6880423890273479e-08 
7.9405622821612866e-10 
3.6197940425268163e-08 
3.5885718739268576e-08 
-5.6196977207816463e-08 
2.5287029237788134e-08 
3.3422825036787906e-08 
-3.4504754961711982e-08 
5.0781130663248144e-08 
5.2835060394799392e-08 
1.3210167056639622e-08 
-3.0599953299553841e-08 
4.7398840362523757e-08 
-5.0912048303800213e-08 
4.480525057766705e-08 
1.4706259573338231e-08 
-4.4535740412314197e-08 
-4.6804968938669211e-08 
5.7751991697424079e-08 
-3.2368874568726981e-08 
-3.1169605431198404e-08 
4.1933989340614418e-08 
-5.4829164960619126e-08 
5.5995863353115674e-08 
-3.0283505224644426e-08 
-1.8888773078188366e-08 
4.9305797543553202e-08 
5.1424779174851196e-08 
-4.7951906222684573e-08 
3.6051500528175822e-08 
1.2536017385338041e-08 
-4.0750661728689937e-08 
4.4097955155770422e-08 
-3.9805558881534509e-08 
2.6485099930096168e-08 
-1.0472750472769484e-08 
-3.0241283907595704e-08 
3.4568735042247252e-08 
-2.6367269253425396e-08 
2.352891374499609e-08 
-1.2499024898338629e-08 
-7.0074120777726198e-09 
2.5953791938046682e-08 
2.0970676008644222e-08 
-1.4548295434232238e-08 
1.3514139983836836e-08 
-6.114821599376582e-09 
-1.1075723380359917e-08 
1.5691699624844859e-08 
-1.2296015206108991e-08 
8.1200603066520428e-09 
-7.8462963675917698e-09 
3.4957231022513587e-09 
6.5044783121773933e-09 
-1.1013211754246565e-08 
7.4815938796180265e-09 
-4.483075029034929e-09 
4.4606645618184141e-09 
-2.0410235448341656e-09 
1.6672802450859521e-09 
8.2324270470878446e-09 
-5.2334548502301951e-09 
2.279430492638009e-09 
-2.3780042027715604e-09 
8.7157342445429641e-10 
-1.0540965709380459e-09 
-3.4442488218970462e-09 
6.0994641196718435e-09 
-1.0314861506355364e-09 
1.1424457055600777e-09 
7.2183034268467966e-11 
-6.1269822607211134e-11 
-1.2643437760959533e-09 
1.4456987068700153e-09 
-5.6542540153757759e-09 
1.252471452595385e-09 
7.9816534602782649e-10 
-6.3355620427403619e-10 
1.5402180286075124e-09 
-1.4106887102998628e-09 
2.7995237829671901e-09 
-4.6807584754089393e-09 
2.8718205031090033e-09 
4.9332615425483716e-10 
-1.9953993070511925e-09 
1.9568653103428747e-09 
-2.8033252115164363e-09 
2.8424001257284927e-09 
-4.0496734196492428e-09 
4.9052099892269236e-09 
-3.7295845153792017e-09 
-9.8536271171710274e-10 
3.2610137054471395e-09 
-3.3791927088666274e-09 
4.3252200832697499e-09 
-4.4515151783266909e-09 
5.097037185484812e-09 
-5.0907973890411653e-09 
4.8034295280534852e-09 
-2.3768529666878161e-09 
-2.8345524067329986e-09 
4.0109841204420684e-09 
-4.3145891002571554e-09 
4.112750749672535e-09 
-3.7735300493367801e-09 
3.5485037361290119e-09 
-3.1516465620588318e-09 
3.0146076239799021e-09 
-2.4295893901452927e-09 
6.0525938341366103e-10 
2.4476692661239242e-09 
-2.3064218291974881e-09 
2.2306841161203436e-09 
-2.1522406268862905e-09 
2.1582319160242186e-09 
-1.9111079940645736e-09 
1.9763564801941459e-09 
-1.9834558634645296e-09 
2.9859209969664742e-09 
-3.2070541825803126e-09 
