415
8.646803600529467e-11 
5.9674165283371689e-11 
-2.8566861835012174e-10 
-2.1594935007105553e-10 
-1.724472958782348e-10 
-9.93827268264873e-11 
-5.5935738994282811e-11 
-4.3686259243490874e-12 
4.4136902662108151e-12 
8.9361291448144873e-12 
2.3853050575883983e-12 
1.7631401129587643e-13 
-5.2011043369272059e-12 
-6.2737017671640179e-12 
-5.8148207271400427e-12 
2.2610728031754625e-12 
2.5851814694458648e-12 
8.3776412102667555e-12 
-8.572544560259036e-12 
-1.5352326227262092e-11 
-9.9279378757790048e-12 
-8.7601889981430408e-12 
-4.9693665250458022e-12 
-7.8727964224017244e-12 
-5.033002512016569e-12 
-9.7513383050571954e-12 
-9.1961478002537592e-12 
-1.3655991833853796e-11 
-1.2226983608652071e-11 
-1.3735106603577621e-11 
-1.0026619899971169e-11 
-1.0440766913922002e-11 
-6.8309687323749775e-12 
-6.8248316732280913e-12 
6.9202867292028695e-12 
9.7350820916968997e-12 
-7.7683541993747784e-12 
-1.1607235626734899e-11 
-1.1229379663529095e-11 
9.5623995732719796e-12 
6.5194783294646935e-12 
-1.1123177145814737e-11 
9.1671675185560124e-12 
7.7574612219798406e-12 
6.8525614833513274e-12 
1.2284714991721857e-11 
1.0169157986567591e-11 
7.8307032449193638e-12 
9.9188880768035155e-12 
1.2032204333466964e-11 
8.4572608633216641e-13 
7.7827218821705848e-13 
1.5778506931515633e-11 
1.236642288026339e-11 
-4.5184031716835987e-12 
1.0949615081418411e-11 
1.9256260410926787e-11 
5.6612257914628455e-12 
-4.786335671428713e-12 
-6.3565208432647426e-12 
1.7664052981593348e-11 
7.4847028838254398e-11 
-1.8032261177073065e-11 
-1.0276327131732101e-10 
-1.1007527746347934e-10 
-2.8888389961309158e-10 
3.4261992142175055e-10 
-4.2838980876394271e-10 
6.2270139679800128e-10 
-3.0119528044312998e-10 
7.2911619771658714e-10 
-9.471855760238748e-11 
6.1194960450850845e-10 
-7.772689437768564e-10 
-4.3351776459302211e-10 
-1.2713676764157922e-09 
-1.47380322466704e-09 
7.5028479982324132e-10 
-1.0239457972567246e-09 
8.432641182514901e-10 
2.3087041087262593e-10 
2.9264922350337262e-09 
1.5960527823874573e-09 
1.0155233143172719e-08 
1.3409386209300038e-08 
-1.3030484519324567e-08 
-1.4866326903807146e-08 
-3.916651218069945e-09 
-1.3281866576535004e-08 
-2.1079309246812241e-09 
2.7018750978678653e-09 
1.3860846308400284e-09 
-2.5394192135040168e-09 
-2.0915107483389166e-08 
1.9580933281099345e-08 
-6.4761381079579975e-08 
-6.1014449391490244e-08 
7.3700462304423985e-08 
5.8957106187305452e-08 
4.9473393616155653e-08 
7.693855081404245e-08 
-7.3219316714667529e-08 
1.5572747508159299e-07 
-8.4503978198578483e-08 
-2.0356033472481168e-07 
3.8307076839172268e-08 
-1.7807586869953429e-07 
-1.6535016961680068e-08 
1.9559529178766544e-07 
7.2056843842435008e-08 
1.736513771417639e-07 
1.1837614679818645e-07 
-1.5183085282909745e-07 
1.6383853587787683e-07 
9.0121500546038086e-08 
-1.8325108578771184e-07 
-3.0514968420624454e-08 
2.3650235060490838e-07 
-3.7526571687226531e-08 
-1.7914651148398066e-07 
1.1802554732780114e-07 
1.5765993178119502e-07 
-1.786760585533923e-07 
-8.4582516785814278e-08 
2.0246026477915022e-07 
-1.3097991807420429e-09 
-2.2128493390755711e-07 
8.961353071420083e-08 
1.8447938948939642e-07 
-1.6979404618050169e-07 
-8.8228969754299233e-08 
2.1895418882996246e-07 
-4.1203649294458444e-08 
-2.1178387361927058e-07 
1.4695791703317002e-07 
1.3729846479123836e-07 
-2.1295734960989931e-07 
-2.5965672116837842e-08 
2.316914284947543e-07 
-8.7895672275307012e-08 
-1.8994680212574378e-07 
1.7905996323896167e-07 
7.4395962117581402e-08 
-2.4066865708122289e-07 
6.0900630413995034e-08 
2.2579848788602927e-07 
-1.5678386614018374e-07 
-1.5604745818886891e-07 
2.1744864877178635e-07 
6.6477300417793148e-08 
-2.5162999139995499e-07 
1.5105967366538648e-08 
2.4914423007811937e-07 
-7.8138910467038694e-08 
-2.3750340679041387e-07 
1.1669365677662592e-07 
2.2867826147592947e-07 
-1.2845343759629443e-07 
-2.3527831162059879e-07 
1.1621865050125437e-07 
2.5428356583967423e-07 
-6.6028557169320665e-08 
-2.6441803791184379e-07 
-9.8089210345446108e-09 
2.6210144943483237e-07 
1.0652043064127656e-07 
-2.2216690585810532e-07 
-1.9059925277635081e-07 
1.3192641969640005e-07 
2.4055084730947913e-07 
1.4689964662719987e-08 
-2.4651535821090179e-07 
-1.913397815345439e-07 
1.2592089496573023e-07 
2.3799028276833344e-07 
4.0456239578800875e-08 
-2.1628512740736572e-07 
-1.7314602138176961e-07 
1.0805236374847587e-07 
2.2307609934587356e-07 
9.6092760856830513e-08 
-1.8686828434947182e-07 
-2.1123191035351517e-07 
-1.1951753938412417e-08 
2.0125061490074565e-07 
1.6301197976837184e-07 
-9.0042736402108592e-08 
-2.0403046246135102e-07 
-1.2234893052551509e-07 
1.447104521605453e-07 
1.9879043204985197e-07 
7.0362190525190132e-08 
-1.5946914196027865e-07 
-1.8054172147860516e-07 
5.3094717703311321e-09 
1.8553980431639471e-07 
1.8145080171591084e-07 
-1.1861348914588672e-08 
-1.71869211637602e-07 
-1.5101797256550478e-07 
6.3984546725577973e-08 
1.806190371412746e-07 
-1.4203422712040064e-07 
8.8651575324570292e-08 
1.707561051909373e-07 
1.1966032043200933e-07 
-9.4377257360281789e-08 
1.7487063473454493e-07 
9.7208906734677293e-08 
-1.2440556404621252e-07 
-1.6752448753897475e-07 
9.7791130749581503e-08 
-1.042081249885784e-07 
-1.6986654619886429e-07 
-7.7009955603734626e-08 
-1.3012645318455605e-07 
-1.6514895728214074e-07 
-8.5863631300880349e-08 
-1.0308272056381296e-07 
-1.6711292502896889e-07 
-7.4163408297774735e-08 
-1.2366952818460062e-07 
-1.6302543259483847e-07 
-8.4501310952202103e-08 
-9.2449328538640938e-08 
-1.647567865089179e-07 
-8.6496122163968692e-08 
-1.0650084136985085e-07 
-1.5865933173706033e-07 
-9.3668333655894807e-08 
-6.9926174093809835e-08 
-1.6041618548343657e-07 
1.0755506897582144e-07 
-7.4528229334068882e-08 
1.4860704488119265e-07 
1.0882061779632592e-07 
3.0746827943151194e-08 
1.474941138591579e-07 
-1.2510052389662555e-07 
2.8076175190318015e-08 
-1.2401854194613085e-07 
-1.2276702904713757e-07 
2.0645639558688972e-08 
-1.1410430911902687e-07 
1.3263311695872276e-07 
1.8699227587633346e-08 
6.9078349442614896e-08 
1.3096698981585737e-07 
-5.986923767915711e-08 
5.5503519739892445e-08 
-1.2334533427745744e-07 
5.4818622483211016e-08 
-2.338175824645459e-09 
1.0269350863868621e-07 
8.7202376097507233e-08 
7.1249757061834826e-09 
5.3103420960315316e-08 
-1.0148145050629618e-07 
3.200494726104901e-08 
-3.9765180625577576e-08 
9.558480094896269e-08 
-3.3918401116553644e-08 
2.2815991500287559e-10 
-6.4328998008682788e-08 
7.6588393701250047e-08 
-6.9528258399414748e-09 
1.8424716099959668e-08 
-7.8276857248995371e-08 
-4.1170776862249484e-08 
-2.3113390046122855e-08 
3.0683875281570363e-08 
7.560935702299092e-08 
-1.3173091100252994e-08 
-3.170376913769797e-08 
-4.0372491030050526e-08 
6.4839337480349943e-08 
2.4627237616244117e-09 
-3.6572168403705828e-08 
-4.7579501579370234e-08 
5.3085127675592042e-08 
1.0881632849459713e-08 
-3.9161545076792034e-08 
-4.9491752345385795e-08 
4.6235008729178609e-08 
1.5070684728308672e-08 
-4.0157210662214349e-08 
4.604849128865344e-08 
4.766124823144215e-08 
1.6083962387428219e-08 
-4.015466095447884e-08 
4.1957294872555894e-08 
-5.2388886640376863e-08 
1.3168873920294112e-08 
-3.9717361591256827e-08 
3.9681083651434994e-08 
-5.7631432009152357e-08 
-1.406669966555802e-09 
3.8666024276974709e-08 
3.8320687555016769e-08 
-5.7872777436247812e-08 
2.4014619555110908e-08 
3.5803650221605169e-08 
-3.6845153788778808e-08 
5.2815354414133778e-08 
5.3280794214287219e-08 
1.5327779221161926e-08 
-3.2833617285653108e-08 
4.9470043358948703e-08 
-5.2853709143654202e-08 
4.4691256240770566e-08 
1.668056865391422e-08 
-4.6569681219249469e-08 
-4.8768647416424533e-08 
5.8980033423010626e-08 
-3.1706031553381533e-08 
-3.3147271399085551e-08 
4.3839108879461671e-08 
-5.6308032797663156e-08 
5.7094347785525659e-08 
-2.9594904567959649e-08 
-2.0633844119651515e-08 
5.0796352233609834e-08 
5.2620460804234263e-08 
-4.8268420059553081e-08 
3.567664105395683e-08 
1.4095328883628647e-08 
-4.2056649859906671e-08 
4.4503411583430994e-08 
-3.991449166993028e-08 
2.5846665345674436e-08 
-9.3425673679269741e-09 
-3.1403610072225807e-08 
3.4835325719275466e-08 
-2.5923625322222133e-08 
2.2994769557656205e-08 
-1.1497722471817433e-08 
-8.2952156083377805e-09 
2.6157456712134901e-08 
2.058223540157128e-08 
-1.3767680671474606e-08 
1.273686904085699e-08 
-5.0374930614951783e-09 
-1.2137585017336281e-08 
1.5308128733955053e-08 
-1.1658600408442968e-08 
7.2317590894612698e-09 
-6.9877194703111513e-09 
2.4381083077933577e-09 
7.5781721277764391e-09 
-1.068789777728025e-08 
6.7709472373984092e-09 
-3.5669298293987663e-09 
3.584137835335851e-09 
-1.0396565823477156e-09 
6.73018814815349e-10 
8.8940171632231883e-09 
-4.5965454513347804e-09 
1.3786172127254707e-09 
-1.5164788875754895e-09 
-7.9780331773420825e-11 
-1.3813792332740235e-10 
-4.5009077891096747e-09 
6.1226703449664509e-09 
-1.5959426207732563e-10 
3.1571568228698726e-10 
9.8809756909910773e-10 
8.2018114152139749e-10 
-2.2343125998341026e-09 
2.4101287480098099e-09 
-6.1834241519799877e-09 
5.894800224074765e-10 
1.6768618337444529e-09 
-1.4904775133065954e-09 
2.466735542724506e-09 
-2.3176188461445589e-09 
3.7907762349193266e-09 
-5.6551170465328535e-09 
2.6812383897975374e-09 
1.2473621312663865e-09 
-2.9158969746815538e-09 
2.8549233887565299e-09 
-3.771176504808168e-09 
3.7958938458112192e-09 
-5.0703699595621307e-09 
5.9151672864095366e-09 
-3.8572134388488373e-09 
-1.717593617765201e-09 
4.2154173910392872e-09 
-4.3468994247175093e-09 
5.3164084993110137e-09 
-5.4239641315430955e-09 
5.9964626964846824e-09 
-5.9290737802746889e-09 
5.2991860507025731e-09 
-2.2624914427853548e-09 
-3.6197294668714596e-09 
4.7335910898491381e-09 
-4.8880864262923915e-09 
4.5794596275128669e-09 
-4.110047662448545e-09 
3.8089828998747441e-09 
-3.2998179120673699e-09 
3.0994630422629758e-09 
-2.3569761458326263e-09 
2.4186554282550225e-10 
2.6507201025769424e-09 
-2.4260742114976175e-09 
2.2200128970570442e-09 
-2.0836495410985781e-09 
1.9814843374084146e-09 
-1.7809859591900229e-09 
1.7507173365483609e-09 
-1.692983500119834e-09 
2.1880494394393367e-09 
-2.270423665922666e-09 
