415
4.6654783857338235e-12 
-1.0264113369449506e-10 
-1.0639991353114851e-10 
-1.5504683877773881e-10 
-1.1436373437653913e-10 
-1.1226389793283625e-10 
-5.2731182912372331e-11 
-4.162551512385127e-11 
-1.008475616306509e-11 
-8.3759533015504672e-12 
2.9028870809936626e-12 
-9.5805314671848862e-13 
4.0902346527453934e-12 
1.4380076250750702e-12 
6.3010596701145788e-12 
8.1313165782553194e-12 
1.2524806540928417e-11 
1.5441892399289459e-11 
-1.8143343488587501e-11 
-2.0203370331835318e-11 
-2.0282573743574029e-11 
-2.0266135068496794e-11 
-1.9057152356986202e-11 
-2.0067509716238918e-11 
-1.9236776505807638e-11 
-2.0999913815724646e-11 
-2.1294786286983352e-11 
-2.3490186320854728e-11 
-2.3260918866003742e-11 
-2.4581160702974369e-11 
-2.3004406696376589e-11 
-2.3269395844998268e-11 
-2.0561753607720725e-11 
-1.9216715953219777e-11 
1.8518747140083536e-11 
2.1978087202157231e-11 
-2.2657744550471281e-11 
-2.4160428148722772e-11 
-2.151076479349111e-11 
2.1241411419156711e-11 
2.0556474692026801e-11 
-2.2255957877074381e-11 
2.1472568780598176e-11 
2.1744396794379216e-11 
2.0461603084878031e-11 
2.1852784297970844e-11 
2.0618248763821685e-11 
2.1030946193212851e-11 
2.1184275508990462e-11 
2.0634103983503729e-11 
1.7251547804316626e-11 
1.8647681444851934e-11 
1.8949461763211503e-11 
1.9578685314534858e-11 
2.048215233742459e-11 
1.817135139526639e-11 
1.6046428904456619e-11 
3.0155617981732995e-11 
1.7255395070103972e-11 
-1.7021290223066123e-11 
4.2674220047914559e-11 
1.2004387999806685e-10 
-5.2191269950617763e-11 
-1.1650234192155281e-10 
-2.2264402231186123e-10 
-3.050751059641016e-10 
5.5896137842343288e-10 
-3.6916131507928414e-10 
8.7167611204036772e-10 
-1.9247407672324553e-10 
8.1357528984222099e-10 
-2.644550675870716e-10 
3.8853035576172279e-10 
-7.8592530641284699e-10 
-1.194900813760545e-09 
-8.3425864830704734e-10 
-2.4074204539362292e-09 
5.3808814836179724e-11 
-1.509507276661497e-09 
-4.3286228174821627e-12 
3.3632409033046212e-10 
1.2230485184516422e-09 
4.8425711108081072e-10 
2.5290944549083989e-09 
7.0430611548903086e-09 
-6.087779642317474e-10 
-6.7554975760669267e-09 
2.250882802207377e-09 
-5.5511276263626238e-09 
-2.0996083009075228e-09 
4.0930938841456045e-09 
4.1335483406516147e-11 
2.6526705540141324e-09 
-3.001725146327346e-09 
1.0067338925327692e-08 
-3.9484529125593649e-09 
-1.8962330912598976e-08 
-3.2281147817367196e-09 
1.5031835913345167e-08 
-6.0901064786842855e-09 
1.7209092391101897e-08 
9.9197086680312017e-09 
3.18841451071758e-08 
2.2976004034449735e-08 
-3.801976156867822e-08 
-3.5085822700741341e-08 
-2.6736424852693481e-08 
-4.1635021385379886e-08 
2.1341553859101211e-08 
5.4537766281767813e-08 
9.0073967951718791e-09 
5.6073275022800896e-08 
5.435918256891878e-09 
5.8905096963435115e-08 
-2.0512444442488938e-08 
-4.8558008337205484e-08 
4.012856704686442e-08 
4.8638184728828184e-08 
-4.9715752356960198e-08 
-2.3571456359298224e-08 
5.7139637090157427e-08 
1.2840625856536837e-09 
-6.2178541044278217e-08 
2.4335282493283034e-08 
5.0693924976468111e-08 
-4.6752793706118295e-08 
-3.7523021201604583e-08 
6.5338075452750075e-08 
9.6413769204607586e-09 
-7.3692150220606009e-08 
2.9535899171371429e-08 
6.3637267569750563e-08 
-6.3318841259599973e-08 
-3.2056519266484297e-08 
8.0250983736858273e-08 
-1.1224875166048206e-08 
-7.8110176056190742e-08 
5.31731729807992e-08 
5.6766400341626627e-08 
-8.3538933476731993e-08 
-1.6045725204221316e-08 
9.775004006071667e-08 
-3.9659809403008848e-08 
-8.8515732018040588e-08 
8.5915555642870624e-08 
4.9279049984793605e-08 
-1.064412149289496e-07 
-2.0383111796268105e-09 
1.0969306595022533e-07 
-4.2085768160133712e-08 
-1.0131141320523618e-07 
7.6799340030840444e-08 
8.2559761497058362e-08 
-1.0125898790789638e-07 
-6.7228951203395937e-08 
1.1835019857201273e-07 
6.1118752609003672e-08 
-1.2677213498340568e-07 
-7.1856783093102182e-08 
1.2806455253637675e-07 
9.5545199114101539e-08 
-1.0883438924919741e-07 
-1.2314375390149929e-07 
6.9710327016592914e-08 
1.4765059278415944e-07 
-9.2753040475349675e-09 
-1.5229500348390769e-07 
-5.5822447460458805e-08 
1.2250922109104078e-07 
1.0761707604080159e-07 
-4.7655642594670742e-08 
-1.4055909617555815e-07 
-7.1930186856243328e-08 
1.0840449127630406e-07 
1.2237939463144905e-07 
-1.8813075512034949e-08 
-1.3093935444924173e-07 
-7.0395910827489603e-08 
8.6666361858717941e-08 
1.1491111065882893e-07 
2.967651479822206e-08 
-1.139592633100165e-07 
-1.1154491070676462e-07 
9.8496311583676098e-09 
1.1521807760628376e-07 
8.3520309442755549e-08 
-5.6597632949898683e-08 
-1.1271529878806832e-07 
-6.7763399501921365e-08 
8.0514821309849088e-08 
1.1228127674146312e-07 
4.7064554026996106e-08 
-8.5828921455377735e-08 
-1.0923238509572756e-07 
-1.2613153489766017e-08 
1.0515466643760046e-07 
1.130709246801292e-07 
1.5856065911755427e-08 
-9.4354919150402595e-08 
-1.0899360543509745e-07 
1.0862706972177579e-08 
1.1113433621130516e-07 
-1.1239074948790213e-07 
2.4732195097534569e-08 
1.0025474274506507e-07 
1.0951538846255985e-07 
-2.5961592531271585e-08 
1.1815460042076926e-07 
1.0694455197488136e-07 
-5.2324351647977043e-08 
-1.0676845557361312e-07 
1.1314996421270579e-07 
-3.2241832772077292e-08 
-1.2577774047218824e-07 
-1.0897478494921052e-07 
-5.9871275986344389e-08 
-1.1439259074942978e-07 
-1.1883530461580532e-07 
-3.075910027308952e-08 
-1.3398958037855822e-07 
-1.1752434842056334e-07 
-5.525800354891124e-08 
-1.2053345762034547e-07 
-1.2777236964638628e-07 
-1.9768608935279054e-08 
-1.3795642470180679e-07 
-1.331427850203348e-07 
-3.6755828696713961e-08 
-1.1986581113788709e-07 
-1.4004407463130121e-07 
4.9284978871719022e-09 
-1.3292532907684586e-07 
1.4947084359449022e-07 
-7.7987821733470364e-11 
1.0611198022734263e-07 
1.5074107707801279e-07 
-4.6414093013636927e-08 
1.0944582024413563e-07 
-1.5444555775809294e-07 
-4.9501580287653375e-08 
-6.8107189154446333e-08 
-1.5025555042862075e-07 
9.2876234075064595e-08 
-5.418283885449555e-08 
1.3936736779323536e-07 
9.0373591662026775e-08 
-5.6425429369469538e-09 
1.2380142999549904e-07 
-1.1483706161675125e-07 
-2.0838033026291888e-08 
-8.9193005695266972e-08 
1.0751740390083106e-07 
6.9332937009621989e-08 
4.3438279336126074e-08 
1.0761259806324117e-07 
-6.3626593726888018e-08 
-2.2868084545885997e-08 
-8.5346864818848442e-08 
8.2333933453703414e-08 
3.5147572520567809e-08 
4.4425077590187865e-08 
-7.6848429954655758e-08 
-6.0266657539951111e-08 
1.0631738495100296e-08 
6.3038049465889817e-08 
5.3518089433643277e-08 
-4.6241475666602012e-08 
-1.1094551895303195e-08 
-5.7949729214302045e-08 
4.1427731914119488e-08 
-3.6631125278175284e-08 
2.150034932013058e-08 
-4.7507039672156218e-08 
3.4519041856397111e-08 
2.9639596404038501e-08 
2.3184148436300287e-08 
-3.9018946937183911e-08 
3.0227538511721696e-08 
2.4912595134703235e-08 
2.0980439416798971e-08 
-3.3066110392729223e-08 
2.763978791623223e-08 
2.3534417558609181e-08 
1.5230069017744278e-08 
-2.8472724534379187e-08 
2.5887333687186394e-08 
-2.4218852408881864e-08 
6.3287830026596862e-09 
-2.4782872800492278e-08 
2.4578081833477624e-08 
-2.4044564872765177e-08 
3.8575633727315431e-09 
-2.0766549949129665e-08 
2.3326984519731409e-08 
-2.2900364863893032e-08 
1.3817313858860404e-08 
1.4333232859819212e-08 
-2.2036028873424415e-08 
-2.1580087429320429e-08 
2.1452699408417354e-08 
1.2642004064457451e-09 
-2.0282292932774171e-08 
2.0107692841547917e-08 
-2.2766995516470964e-08 
-1.6465519521233376e-08 
-1.2802129362480552e-08 
1.7868730772038162e-08 
-2.2151788759425104e-08 
2.2831284121593292e-08 
-1.4210245337371957e-08 
-1.0876752067876776e-08 
2.0926892872605502e-08 
2.1435077895099117e-08 
-2.3579476055936307e-08 
1.0397214679699281e-08 
1.5548285518961956e-08 
-1.9250691888037285e-08 
2.3401618014585964e-08 
-2.3382547916364139e-08 
1.1141817926443012e-08 
9.3202043842536665e-09 
-2.1158192038971686e-08 
-2.172371817332006e-08 
1.9774471795708458e-08 
-1.4677383114601663e-08 
-5.6928310088404928e-09 
1.7155150398529609e-08 
-1.8389379262577185e-08 
1.6619535163850718e-08 
-1.1251645715624171e-08 
4.8670232372296199e-09 
1.2029669861921124e-08 
-1.4189688602828473e-08 
1.1217629789699713e-08 
-1.0105363458703471e-08 
5.989097872047388e-09 
1.6232130256594519e-09 
-1.0341027269434064e-08 
-8.8570885600289797e-09 
6.706753067279061e-09 
-6.2837492308640357e-09 
3.8307485892549915e-09 
2.6141731983960679e-09 
-6.4322988421073712e-09 
5.4732307593821608e-09 
-4.3065609546071991e-09 
4.1292152442922049e-09 
-2.9063129519062561e-09 
-4.6234554472623798e-10 
4.2599906274495048e-09 
-3.6525109297095356e-09 
2.9947997890919167e-09 
-2.8930283980691146e-09 
2.3818776727136837e-09 
-2.2586680708982122e-09 
-9.8046729488510076e-10 
2.4934875716527552e-09 
-2.1901719726943526e-09 
2.1023864482114894e-09 
-1.8911497782948146e-09 
1.8410677454003396e-09 
-1.108754100894388e-09 
-1.2256908228656453e-09 
1.7078463886256261e-09 
-1.6318662176693547e-09 
1.5499248678969131e-09 
1.4942300660990316e-09 
-1.4465842367991666e-09 
1.4122845536720446e-09 
-3.0861626081770288e-10 
-1.1469567166042526e-09 
1.2962452667910907e-09 
-1.2365804995703684e-09 
1.2641756473019523e-09 
-1.2198334418037556e-09 
1.2568753545500623e-09 
-1.1266157900416761e-09 
-4.1230842862717717e-10 
1.0176796361932776e-09 
-1.1694676075890043e-09 
1.1383163885242292e-09 
-1.2123097976900471e-09 
1.195200334485038e-09 
-1.3088609539723654e-09 
1.3506601791705038e-09 
-3.8262764705134723e-10 
-7.7400424273541058e-10 
1.149604566825734e-09 
-1.1475745849778252e-09 
1.2386778198199498e-09 
-1.219366154345134e-09 
1.2038803777473637e-09 
-1.1429839408408205e-09 
8.0426438415324764e-10 
-4.6084897227610301e-11 
-9.6689641900087937e-10 
1.0161164653700819e-09 
-9.0095964098243167e-10 
8.1045435392018601e-10 
-6.6756695427040187e-10 
5.988287483297535e-10 
-4.7396413981877406e-10 
4.2324108290574418e-10 
-2.6522634789227442e-10 
-9.6857533798208359e-11 
3.9579213938674562e-10 
-3.4318629790088329e-10 
2.736486843879498e-10 
-2.1520159942966709e-10 
1.574243554019701e-10 
-1.6258546042367684e-10 
1.1728372836478105e-10 
-7.0171726651243112e-11 
-1.6628274942214681e-10 
2.20876783937476e-10 
