415
1.3559890555595526e-11 
-4.6778293469529315e-11 
-2.0717372907980832e-10 
-2.2186092115464398e-10 
-1.6024716955737121e-10 
-1.2308530958301784e-10 
-5.4818990784020496e-11 
-2.4240265478832177e-11 
1.3079229563590883e-12 
2.1284969656020379e-12 
3.6078221039448331e-12 
-1.0888614864637114e-12 
-2.9832031078656413e-12 
-4.5912894102087917e-12 
-3.1559919548673586e-12 
3.4328013173468002e-12 
4.6964770054848368e-12 
1.0967156588758617e-11 
-1.1148307702225607e-11 
-1.6950181374731104e-11 
-1.2706307889892574e-11 
-1.2780405848874086e-11 
-8.691011617287096e-12 
-1.1738630981582712e-11 
-8.7943460300886537e-12 
-1.3516699671130458e-11 
-1.2324993452644013e-11 
-1.7196954228840233e-11 
-1.5050271397520071e-11 
-1.7649149946400023e-11 
-1.3520430959170608e-11 
-1.4693189519378233e-11 
-1.0372006744968077e-11 
-1.1154432033154429e-11 
9.6303496355314606e-12 
1.3547793892998196e-11 
-1.1871951246466403e-11 
-1.5871750810197681e-11 
-1.3346010116764146e-11 
1.3506995810999584e-11 
1.0537350383859448e-11 
-1.4538069269053735e-11 
1.209514127099114e-11 
1.2370415252977605e-11 
1.0633302336124219e-11 
1.5336344435099753e-11 
1.2628173812051311e-11 
1.2710834904698652e-11 
1.2810561599834629e-11 
1.3778070644725871e-11 
5.4069382609541434e-12 
8.1149086279429008e-12 
1.4745398912772807e-11 
1.3171936888189308e-11 
5.7992753400157794e-12 
1.4067452981102664e-11 
1.3669394413454544e-11 
1.4711705035290319e-11 
4.8177895768363074e-12 
-1.3465274766399454e-11 
2.4330749652627394e-11 
9.676861608177277e-11 
-3.2288878671840699e-11 
-1.1518294466086188e-10 
-1.5391185854006699e-10 
-3.144123128208337e-10 
4.4077735720898878e-10 
-4.411428328173925e-10 
7.5162995478106248e-10 
-2.8109702703741727e-10 
8.1522604523472258e-10 
-1.781325750434532e-10 
5.7862938107169895e-10 
-8.7820110864783702e-10 
-7.4915857200594583e-10 
-1.2478072568591336e-09 
-1.9647337863397368e-09 
5.511978355269403e-10 
-1.37171436461862e-09 
5.027709705218001e-10 
1.0399350461055685e-10 
2.2802074806571088e-09 
1.6883260898401497e-09 
7.1173956769151499e-09 
1.2747264568903172e-08 
-7.6233568579202116e-09 
-1.3047929922475728e-08 
-4.8767665744891298e-10 
-1.1241953027239647e-08 
-2.8919674495358833e-09 
4.2379471914321676e-09 
8.1450561616261933e-10 
1.1870562330622694e-09 
-1.2853528612784209e-08 
2.2232513795356842e-08 
-3.4035904245250691e-08 
-5.5487458911671341e-08 
3.1672782095062625e-08 
4.9786902096963927e-08 
1.7662230047965901e-08 
6.0165549063357035e-08 
-2.4056934581952968e-08 
1.1484744661688408e-07 
-1.4775624994352415e-08 
-1.4446064802732587e-07 
-1.9668854850462152e-08 
-1.1814517924994869e-07 
-5.1949317778680859e-08 
1.1966731920728003e-07 
9.1549178729223838e-08 
9.4950615800225967e-08 
1.1509820126772761e-07 
-6.928021389840273e-08 
1.3962699731408477e-07 
2.3814231394160881e-08 
-1.3766588542371713e-07 
2.4428354520884558e-08 
1.6224773192610283e-07 
-6.6240946724071444e-08 
-1.0964007505878634e-07 
1.1171594693233587e-07 
7.8756485263994791e-08 
-1.4567321092405927e-07 
-1.9887077139536472e-08 
1.4602978663462129e-07 
-4.2254773385147271e-08 
-1.4260237067785555e-07 
1.015567848885811e-07 
9.9687057202226078e-08 
-1.4742610283425264e-07 
-1.9315481329320261e-08 
1.6248659780666112e-07 
-7.2065788034840719e-08 
-1.3282355243610287e-07 
1.3763368527340757e-07 
6.138502763119562e-08 
-1.6835164387624894e-07 
2.6336175054289575e-08 
1.6108420734619435e-07 
-1.0574647991096807e-07 
-1.0981821451025208e-07 
1.6131824976881781e-07 
1.1543256180480219e-08 
-1.8541587090661433e-07 
8.8830356978904333e-08 
1.5047210702424827e-07 
-1.5090846944696962e-07 
-8.3175232900297089e-08 
1.8359224039800312e-07 
8.8420219882398105e-09 
-1.95420736561938e-07 
5.4237971513137893e-08 
1.8203929342928295e-07 
-1.0037753081612927e-07 
-1.6670721877454891e-07 
1.2845825861040032e-07 
1.5854980489187173e-07 
-1.3688035457206647e-07 
-1.6745288096377534e-07 
1.282568205725458e-07 
1.8898944292479834e-07 
-8.85678783138495e-08 
-2.0669457453524433e-07 
2.559664111933182e-08 
2.152216264452297e-07 
5.7783742963920702e-08 
-1.9268701571163675e-07 
-1.3447397790003089e-07 
1.2589165553224749e-07 
1.8444251857070402e-07 
-8.0408049636038443e-09 
-1.9971814440413436e-07 
-1.4282392973565949e-07 
1.1306173665998208e-07 
1.8817085266629919e-07 
2.1610964242229876e-08 
-1.7564987778631166e-07 
-1.3319261876381491e-07 
9.0611812886322793e-08 
1.769356839445405e-07 
7.5725231569724673e-08 
-1.4928467342220692e-07 
-1.6950773936611148e-07 
-1.3094370510871245e-08 
1.5993628297655485e-07 
1.3566481902868813e-07 
-6.5099714574365447e-08 
-1.6588034007161694e-07 
-1.087206348054321e-07 
1.0871783248513314e-07 
1.6233569436434157e-07 
7.2658904586650716e-08 
-1.2162302508702129e-07 
-1.5612134068152937e-07 
-1.5402082262369932e-08 
1.5041916722430207e-07 
1.5809901030831121e-07 
1.3135662292597484e-08 
-1.3695790239753979e-07 
-1.4382632694634597e-07 
3.023700058620563e-08 
1.5449951521256099e-07 
-1.4134737917838337e-07 
5.2370190987010389e-08 
1.4251225141895203e-07 
1.2902431657062234e-07 
-5.7621033681495291e-08 
1.5741955085728069e-07 
1.1599841596256819e-07 
-9.0214733432949074e-08 
-1.4655192161012787e-07 
1.1928237187852337e-07 
-6.902990885612406e-08 
-1.6041525940365338e-07 
-1.057031316186099e-07 
-1.000216238225643e-07 
-1.5135585461388334e-07 
-1.152590646876026e-07 
-6.9921954432547156e-08 
-1.6465456475661032e-07 
-1.0776167116292309e-07 
-9.5983526185083312e-08 
-1.5512141361710185e-07 
-1.1859117641284514e-07 
-6.0058278182820994e-08 
-1.6670851345917327e-07 
-1.2232122827435311e-07 
-7.8203824574514801e-08 
-1.5393443517716213e-07 
-1.2997379138277107e-07 
-3.5788580145942449e-08 
-1.6304591150003932e-07 
1.429982785280636e-07 
-4.1968305576200671e-08 
1.4269382559557861e-07 
1.447449701146468e-07 
-7.6830493504067843e-09 
1.4492777264324731e-07 
-1.5682291098004536e-07 
-1.0418333464692795e-08 
-1.1006452924766333e-07 
-1.5404413818207632e-07 
6.2529854349724993e-08 
-9.7711965895261919e-08 
1.5539267142843341e-07 
6.0170638689804786e-08 
3.9230306665577188e-08 
1.4738582214488579e-07 
-9.9189078297127664e-08 
2.324260292551688e-08 
-1.2569402472179621e-07 
9.2941150006436855e-08 
3.6357246476017109e-08 
8.9219828964846772e-08 
1.1498509814345505e-07 
-3.0469262736865781e-08 
2.183802457709085e-08 
-1.1358925774584813e-07 
6.7040750929841632e-08 
-6.5321841663831576e-09 
8.8874279563946912e-08 
-6.6360578545829473e-08 
-3.4474794873867139e-08 
-3.7524373539966188e-08 
8.9089089636803462e-08 
2.6647665160438255e-08 
-1.4730026849532547e-08 
-6.1342429621188965e-08 
-6.4038361777907429e-08 
9.0451696083394666e-09 
-8.8954007491976455e-10 
6.7900985040831467e-08 
-3.9745744181617577e-08 
-9.2192729752253834e-10 
-1.03843923104465e-08 
6.3645741656218487e-08 
-2.4525766826684472e-08 
-6.9359328771297946e-09 
-1.9038929311394249e-08 
5.5942297425409689e-08 
-1.552916597261382e-08 
-1.0440740056406927e-08 
-2.1784351296509072e-08 
4.9181490193393377e-08 
-1.0314615287933407e-08 
-1.2223919716688051e-08 
1.8507014433574066e-08 
4.6023323706950607e-08 
-7.9419550203490349e-09 
-1.2953329438595952e-08 
1.4926534873345016e-08 
-4.4002996077521923e-08 
-8.6352594549736303e-09 
-1.3236453568593581e-08 
1.343478155835734e-08 
-4.1257029197931585e-08 
1.5245978209108922e-08 
1.2956039048210513e-08 
1.2882318660401655e-08 
-3.4133039740772903e-08 
2.8570286725439461e-08 
1.118860760257353e-08 
-1.2270594884829871e-08 
2.7134193470462109e-08 
3.8922614405932771e-08 
-3.2160362110132386e-09 
-9.7531344527131081e-09 
2.3942702122534469e-08 
-2.7419616495977542e-08 
3.5678412412830672e-08 
-1.0801309443843984e-09 
-2.1690543930602209e-08 
-2.3798899492382831e-08 
3.6787764494799751e-08 
-2.9025362694542264e-08 
-1.1516305819678687e-08 
2.0141591362091565e-08 
-3.254579628780289e-08 
3.5652845290860832e-08 
-2.7175334276793341e-08 
-3.4629238946497101e-09 
2.7890381185828364e-08 
3.1158968356091921e-08 
-3.3859012963452282e-08 
2.9096346371437946e-08 
-2.6138472037236788e-10 
-2.2103866987324206e-08 
2.9980655568536582e-08 
-2.8494534861915066e-08 
2.3204601216362149e-08 
-1.4461939960414223e-08 
-1.485563470425897e-08 
2.3302170607492864e-08 
-2.1607839035624931e-08 
2.0004470129064507e-08 
-1.4902373119926514e-08 
2.820989902758389e-09 
1.7025479347498492e-08 
1.6985862558964992e-08 
-1.4784710744747844e-08 
1.3965885757878674e-08 
-1.0612687920901925e-08 
-1.2036564747853905e-09 
1.2934146659930282e-08 
-1.2060511011018164e-08 
1.0688766511924448e-08 
-1.0263292995975936e-08 
8.5310980296347945e-09 
-2.1183338130610764e-09 
-9.0245532116722741e-09 
8.9507783646674292e-09 
-8.1943098960442899e-09 
7.9005866088122492e-09 
-7.0806424227176081e-09 
6.7771557870105249e-09 
1.1918640932153717e-09 
-6.832334894627665e-09 
6.5384059032791771e-09 
-6.3292810416401523e-09 
5.9350789853921097e-09 
-5.802322493155527e-09 
4.0480687454668679e-09 
3.2596646935277329e-09 
-5.4676691702051398e-09 
5.245990267458697e-09 
-5.0611996160845573e-09 
-4.917378125311673e-09 
4.6867604757582949e-09 
-4.5485597979825307e-09 
-3.3321086191742134e-12 
4.2570943576548294e-09 
-4.3813516892798312e-09 
4.3182425285569074e-09 
-4.237470938075642e-09 
4.174462717302094e-09 
-3.96736073539709e-09 
3.012549706727439e-09 
2.3047146995204754e-09 
-3.7300863587800478e-09 
3.9140992121125692e-09 
-3.8038331009007214e-09 
3.7833216179150808e-09 
-3.6869836603740074e-09 
3.5048787909555133e-09 
-3.0832219160308047e-09 
-9.3374366772447839e-10 
3.3191451724524576e-09 
-3.4930698589060106e-09 
3.5028813188529651e-09 
-3.2353909366358147e-09 
3.0877432532996881e-09 
-2.4711797022697162e-09 
2.1707580485036483e-09 
-5.9976960352998134e-10 
-1.4571174961023327e-09 
2.756171603642736e-09 
-2.0016517638533373e-09 
1.1628941383811119e-09 
-7.2026917747523787e-10 
2.184857239224741e-10 
6.4130740962954364e-11 
-4.5760986285507513e-10 
7.1065905822675788e-10 
-1.2551561824121583e-09 
1.9935478914055622e-09 
-8.6071944349932351e-11 
-2.6076863024173523e-10 
8.6402119753264426e-10 
-1.1155499859172041e-09 
1.641697137272281e-09 
-1.3150929622915289e-09 
1.7995023585165395e-09 
-2.1163383943593438e-09 
4.9615654226102165e-09 
-5.7023795970199427e-09 
