415
1.7588881661930334e-10 
1.8540747106838357e-10 
-3.7546096318842144e-10 
-1.7225466346914307e-10 
-1.8627276435054889e-10 
-6.0416567357726753e-11 
-6.4449290298158155e-11 
1.6618115918063134e-11 
1.6980690878294684e-12 
1.333205878288881e-11 
7.8777620367446505e-13 
-5.4070809701751078e-13 
-4.5383180517452248e-12 
-9.6043397631113011e-12 
-4.5704928752312207e-12 
-1.1561371130237615e-12 
3.9175073987178749e-12 
3.22742507339227e-12 
-9.1607121234868432e-12 
-1.0909241272442665e-11 
-1.0447691050956526e-11 
-2.6234040436364347e-12 
-5.3401454791257453e-12 
-2.1913564943534192e-12 
-5.2711220760342325e-12 
-4.1329303533374941e-12 
-9.7516271118188237e-12 
-7.7976716711361028e-12 
-1.290662738062782e-11 
-7.6891782581924779e-12 
-1.0324120172125663e-11 
-4.290411536334892e-12 
-7.278246533914727e-12 
-1.2717404537719366e-12 
7.6184501355397784e-12 
4.1219925743413075e-12 
-8.0948172207186142e-12 
-5.3080469341442095e-12 
-1.2599463717378804e-11 
4.1595516185023474e-12 
6.2317539860683594e-12 
-5.8909953059449523e-12 
1.0294310694491941e-11 
1.8291271045767752e-12 
6.5771876897083239e-12 
7.6101910010303913e-12 
1.1272550765661822e-11 
1.5729600495840199e-12 
1.0021364885099568e-11 
8.9371860860925748e-12 
8.4386156534386431e-13 
-7.9459915357518643e-12 
1.9547146242374427e-11 
1.1056019093027248e-11 
-1.1539097336521805e-11 
4.8432863592970674e-12 
2.874385503156217e-11 
-2.5518734750669678e-12 
-1.2117799957703443e-11 
-2.1249120086614502e-12 
1.6786990993726371e-11 
5.3270434709473515e-11 
-4.7553087007777149e-12 
-9.0865584247988608e-11 
-7.6955392857791931e-11 
-2.5394256947546562e-10 
2.5552752095973828e-10 
-3.9687282331372265e-10 
5.0314960887782422e-10 
-2.9882770232386568e-10 
6.2400808031247474e-10 
-2.0260321080146593e-11 
5.9598348183152991e-10 
-6.418560621419441e-10 
-1.9168379590340309e-10 
-1.1822797555553612e-09 
-1.0199527618710195e-09 
8.2428369271882818e-10 
-6.5190693179400787e-10 
1.028412785926122e-09 
4.6985571089901534e-10 
3.2716266487606799e-09 
9.9641713332711853e-10 
1.2143428720488436e-08 
1.1948457520124341e-08 
-1.707287098192103e-08 
-1.4666194546883023e-08 
-7.1123815693503943e-09 
-1.3660668012455483e-08 
-1.0376197096925547e-09 
6.6170921523239081e-10 
1.3885662468858146e-09 
-7.211727066535329e-09 
-2.6307068726252518e-08 
8.5684281291019876e-09 
-8.9567251663063024e-08 
-4.7623213046249945e-08 
1.1122000954185802e-07 
5.1638121539163455e-08 
7.9791980339460204e-08 
7.5412991732505353e-08 
-1.2267936834482406e-07 
1.6561138882381722e-07 
-1.6126507076342523e-07 
-2.2686913204404751e-07 
1.1124258023898054e-07 
-2.1205038139405537e-07 
3.8849828716361861e-08 
2.4924060014347376e-07 
2.467874566127215e-08 
2.3875738614373159e-07 
9.149197847931994e-08 
-2.2946793157904121e-07 
1.5536952993125294e-07 
1.6179351887367994e-07 
-2.0153503039890981e-07 
-1.0191941471502511e-07 
2.8414877768400713e-07 
1.3062744378221993e-08 
-2.3534740690151116e-07 
9.8749139730281507e-08 
2.327943804204429e-07 
-1.8370340777393499e-07 
-1.5671998463440953e-07 
2.3621444616016205e-07 
5.6870745332067437e-08 
-2.8359356858163893e-07 
5.3292233352670919e-08 
2.6449429292306333e-07 
-1.6569033898178412e-07 
-1.6615575678697035e-07 
2.5370321822267086e-07 
8.8625324360763454e-09 
-2.7999623644707291e-07 
1.3337572676626375e-07 
2.1537758312498623e-07 
-2.3691897990737016e-07 
-9.0997149406999108e-08 
2.8870738427271288e-07 
-5.1440365013557758e-08 
-2.66960982858031e-07 
1.7724235525348362e-07 
1.4547461354281293e-07 
-2.8079475866107768e-07 
1.8003486582372839e-08 
2.9513013141887333e-07 
-1.468780018078297e-07 
-2.312428477753498e-07 
2.3779372639657789e-07 
1.3202223012586849e-07 
-2.9824756866079955e-07 
-3.4429921317534026e-08 
3.1126355988077275e-07 
-4.551716892352354e-08 
-3.0656183500980335e-07 
9.5922571444947701e-08 
2.9884901806388888e-07 
-1.1298032214185973e-07 
-3.0397113379940272e-07 
9.8898161227550946e-08 
3.2127396989038046e-07 
-3.9592670505594618e-08 
-3.2473028374508469e-07 
-4.8482115508382482e-08 
3.1251251622433372e-07 
1.5913188391339274e-07 
-2.5564278233935047e-07 
-2.5216585042287537e-07 
1.4129899082593462e-07 
3.0401367105001577e-07 
3.7135107550466131e-08 
-3.0224052278147956e-07 
-2.460402425944523e-07 
1.4578816185783242e-07 
2.9752650029751656e-07 
5.7555316008536394e-08 
-2.6842174141430841e-07 
-2.181850755835148e-07 
1.3563633827488413e-07 
2.7914159443216437e-07 
1.1508390665397416e-07 
-2.3769256757366482e-07 
-2.6206742674730609e-07 
-3.1100016644524152e-09 
2.5568681579087431e-07 
1.9242665554895771e-07 
-1.2840419839067425e-07 
-2.5094143717765999e-07 
-1.3277919216398755e-07 
1.9525500508831076e-07 
2.4379954476789867e-07 
5.9450362734047543e-08 
-2.1068822044850137e-07 
-2.069012139887299e-07 
3.9533320250224197e-08 
2.2943369870970805e-07 
2.0617045788158569e-07 
-5.1286053737397622e-08 
-2.1553935713437114e-07 
-1.5233653336953617e-07 
1.1230127533950048e-07 
2.0944028777963373e-07 
-1.3420947977794502e-07 
1.3819120247506945e-07 
2.0247132823785054e-07 
9.8242862124756416e-08 
-1.4277132928343292e-07 
1.8947486464670243e-07 
6.3766127694521979e-08 
-1.6599640201521637e-07 
-1.8668277687358292e-07 
6.0595752773222704e-08 
-1.4702823409155657e-07 
-1.7132076590252459e-07 
-3.1398197087415535e-08 
-1.6254945920612616e-07 
-1.7170240867824716e-07 
-3.8898857604825154e-08 
-1.4015682896572628e-07 
-1.5683070257958387e-07 
-2.2712350618882096e-08 
-1.5016832325932925e-07 
-1.5895300244452134e-07 
-3.1669917896432261e-08 
-1.263210309766253e-07 
-1.4619886051222474e-07 
-3.1269461303483711e-08 
-1.3215864206530525e-07 
-1.4772257684060805e-07 
-3.7024177816418127e-08 
-1.0532936873098442e-07 
-1.3843483327236549e-07 
5.0173209151205075e-08 
-1.0599991380071553e-07 
1.3695730719714157e-07 
5.0323592747696275e-08 
7.369812823369425e-08 
1.3033196411072259e-07 
-6.887689153112533e-08 
7.0499405424160935e-08 
-1.2220324550844753e-07 
-6.6597555256461247e-08 
-3.2463412095599417e-08 
-1.1516961107999516e-07 
8.3787260732316216e-08 
-3.318901793351058e-08 
9.1859602628432751e-08 
8.8577785979069848e-08 
-3.3476866890491174e-09 
8.2417386340846177e-08 
-9.6977828883202255e-08 
3.8097037127754031e-10 
-4.6077419348489161e-08 
9.6993030564990884e-08 
3.7388088944480149e-08 
4.8195096520722451e-08 
7.6706763434290958e-08 
-6.5252280853823853e-08 
-1.4701903537378044e-08 
-6.7756836094862863e-08 
8.0212281791185144e-08 
1.0556027361214638e-08 
3.886855675693216e-08 
-7.7854122664803546e-08 
4.2935159963553177e-08 
-4.2441055785657063e-08 
5.0241192045973892e-08 
-7.5616965368548999e-08 
-4.3830232448816994e-09 
-5.2207886328573169e-08 
5.6735004080538824e-08 
6.193659476636287e-08 
2.0178493932239451e-08 
-5.6136236249260154e-08 
-6.1028725254694646e-08 
4.5786101954899833e-08 
3.1633390573878118e-08 
-5.7570903599911719e-08 
-6.3444957985405692e-08 
3.2108630572298877e-08 
3.659985138286531e-08 
-5.7590722586653656e-08 
-6.2897476024361293e-08 
2.6390559049416825e-08 
3.8081094248473289e-08 
-5.6705983408482879e-08 
5.9708332144125906e-08 
3.1436065071871952e-08 
3.7046962723863175e-08 
-5.5242768413232719e-08 
5.5930275876775639e-08 
-4.0854418267234584e-08 
3.2670608642799059e-08 
-5.357981027909864e-08 
5.308824837362334e-08 
-5.1956276734583316e-08 
-1.9972946248613208e-08 
5.1522381831465516e-08 
5.0838947047258776e-08 
-5.950427347357702e-08 
7.8533054628817381e-09 
4.815127082625497e-08 
-4.847802816765938e-08 
5.8112972628411292e-08 
4.4846040289498566e-08 
2.975963951387739e-08 
-4.410476227615035e-08 
5.5355000337763978e-08 
-5.6691299628237581e-08 
3.3047002520104089e-08 
2.9305108027304674e-08 
-5.2367944770985262e-08 
-5.3266541238517648e-08 
5.4638478246489284e-08 
-1.8208756109146772e-08 
-4.1355682313893537e-08 
4.8588810414410801e-08 
-5.4141307762362551e-08 
5.1364505754343953e-08 
-1.6098512983398877e-08 
-2.9675643648162478e-08 
4.9612448742125844e-08 
4.8307477263671536e-08 
-3.77089760367746e-08 
2.272060686097672e-08 
2.3043141522410259e-08 
-4.0992243574346977e-08 
3.5177604498353276e-08 
-2.9278954280897449e-08 
1.3038932989678687e-08 
2.7064874737810024e-09 
-3.1577914530800243e-08 
2.6493069442205524e-08 
-1.4345264303018475e-08 
1.146832755371444e-08 
2.9479825225147304e-10 
-1.6130637863257087e-08 
1.9398501930411972e-08 
1.068116038691473e-08 
-2.8291679451516519e-09 
2.0934576141144458e-09 
5.4594761857722609e-09 
-1.6540090231255195e-08 
6.8102295154802987e-09 
-2.3010898104273316e-09 
-2.6237707893503302e-09 
2.5812401444679047e-09 
-7.0669314189735282e-09 
1.33745034735459e-08 
-3.9188941923402426e-09 
-1.6740292506681264e-09 
5.3120696932814237e-09 
-5.0160781214635478e-09 
7.5523148304327786e-09 
-7.7288729519987406e-09 
1.0505722918022117e-08 
2.5953757521928542e-09 
-6.5956137030909987e-09 
6.2117883730897947e-09 
-7.8379587539392687e-09 
7.4339955108669645e-09 
-1.1033416778556829e-08 
3.3894537438703035e-09 
7.0727833008136763e-09 
-6.6453069755827503e-09 
8.0486651390986709e-09 
7.6852877806743855e-09 
-9.1052528795239685e-09 
9.1416882136498598e-09 
-7.3556777822248321e-09 
-5.2121212974899167e-09 
8.0757559344476047e-09 
-7.7794361152795659e-09 
8.7909494240935804e-09 
-8.5422104628072504e-09 
9.8918408953311171e-09 
-1.0536651844086952e-08 
-4.2083983357382157e-10 
6.7841342212496209e-09 
-8.8439124472256435e-09 
8.6294306398414245e-09 
-9.5619940185440588e-09 
9.4474366962930418e-09 
-1.0491849355294569e-08 
1.0723562098654051e-08 
-2.6415810418638968e-09 
-6.6642859956660024e-09 
9.490660631152424e-09 
-9.5909026434907115e-09 
1.0147935151569055e-08 
-1.0006521933866079e-08 
9.6255986449105429e-09 
-9.0492971294043675e-09 
6.0359089954606596e-09 
3.8311664782126093e-11 
-7.6378276737105441e-09 
7.590824839321384e-09 
-6.4108328048386029e-09 
5.4405678316991237e-09 
-4.18306174392347e-09 
3.4696526899693622e-09 
-2.3750854624843488e-09 
1.8206575472945706e-09 
-3.1925819506348592e-10 
-2.6413569118082633e-09 
2.5078510336151768e-09 
-1.7011138861549389e-09 
6.5492586327571453e-10 
-2.30558038318844e-10 
-5.4984863801662299e-10 
3.5814538668030044e-10 
-1.0296662548738405e-09 
1.4505559293540084e-09 
-4.4160503231321562e-09 
5.2766623718930205e-09 
