311
-1.6294089822048564e-08 
-4.1577720382003713e-08 
-2.07596295899115e-08 
-1.1636809605592857e-08 
1.9334630745561599e-09 
1.3574036510832186e-08 
1.6749304623454883e-08 
2.3989076220920104e-08 
2.1995267565758864e-08 
2.5218400263057629e-08 
2.1532717193316381e-08 
2.3194697137725396e-08 
1.9183955336458206e-08 
2.0392796983415023e-08 
1.7338045879406957e-08 
1.9282749722309792e-08 
1.6196119957648763e-08 
1.8510013854794117e-08 
-1.5780273996370008e-08 
-1.798617701777272e-08 
-1.5302533890230415e-08 
-1.7478052271082908e-08 
-1.4626582589345808e-08 
-1.6523784125575133e-08 
-1.3762666379170251e-08 
-1.5383105295955906e-08 
-1.334671402571936e-08 
-1.5089721675970523e-08 
-1.3178041941715057e-08 
-1.506674932946949e-08 
-1.2921759724944403e-08 
-1.463723598823344e-08 
-1.198722519034136e-08 
-1.2257452329014662e-08 
1.0721223748422189e-08 
1.3617837139749724e-08 
-1.2716505639880917e-08 
-1.4145150502831863e-08 
-1.1482904050886042e-08 
1.2400732556797833e-08 
1.1178625061762296e-08 
-1.2852113772276932e-08 
1.1642110544213235e-08 
1.2591997777415721e-08 
1.0737313484759741e-08 
1.1780843080205349e-08 
1.0448521073459716e-08 
1.1519026498451247e-08 
1.0792310273971698e-08 
1.1976600946303753e-08 
9.8488204151108213e-09 
1.049930256159156e-08 
1.0279132495794983e-08 
1.111082394981727e-08 
9.1276944096620263e-09 
1.0452541770539419e-08 
1.0380091420250427e-08 
1.0447746488342025e-08 
8.9849739241604194e-09 
1.0358546457531488e-08 
8.776155070226572e-09 
8.1229262443371544e-09 
8.7912166146463498e-09 
1.0280228739150265e-08 
-9.2950531233975616e-09 
-9.329732844755066e-09 
-7.5571656028783463e-09 
8.1590090126156475e-09 
9.3238805009715927e-09 
-9.4487564879387745e-09 
-8.1952752769446201e-09 
-9.7244046624815324e-09 
8.5797575198108055e-09 
7.4827271785324022e-09 
-9.2600438396238147e-09 
-8.7169392534821418e-09 
5.1206954231702195e-09 
-8.6348608063249782e-09 
-9.1525650483144876e-09 
7.4415447260658079e-09 
8.1169729045602472e-09 
-6.7568735536502388e-09 
8.3917013414187604e-09 
1.0658627792243915e-08 
2.7609341232809106e-09 
4.9010412432086853e-09 
-1.507989014819144e-08 
-4.7352202994768478e-09 
2.729997382213167e-10 
-8.4709262341944619e-09 
9.6539894614635147e-09 
7.083169171422856e-09 
-5.0339393450129358e-09 
3.7382135223504304e-09 
1.762583604992969e-08 
-1.1620493365107852e-08 
-1.6430332866807443e-08 
-7.6467826408853547e-09 
2.5357974105540791e-08 
2.4127773264500058e-09 
1.3377795855118646e-08 
1.5972607486886261e-08 
4.6368972825529422e-08 
1.6601921159223116e-08 
-4.0362853769125873e-08 
-4.395788629473406e-08 
-4.236997382704828e-08 
-3.7552007720953393e-08 
2.2241053950629382e-08 
6.8665610373500663e-08 
2.2697960138347386e-08 
5.5705096743917895e-08 
7.4822201099665183e-09 
7.632601775157424e-08 
-1.1095048235025009e-08 
-4.9157048879096093e-08 
4.8806608492638745e-08 
6.6365526515209327e-08 
-4.536410206785505e-08 
-2.3070801957782576e-08 
7.2928023532957836e-08 
1.3882921809761209e-08 
-6.3267817899782327e-08 
2.9839971753188243e-08 
6.868220587686351e-08 
-4.0870620370847932e-08 
-3.9864891428166256e-08 
7.983999077148307e-08 
2.4031668960976666e-08 
-7.4597057584721876e-08 
3.4651128510651836e-08 
8.2338631076117919e-08 
-5.8380440930610626e-08 
-3.471585949796342e-08 
9.7223292738032245e-08 
1.3112183859158168e-09 
-8.0601232745033309e-08 
6.0533982051721756e-08 
7.5806325129085993e-08 
-8.0123115390017197e-08 
-1.8110782508195693e-08 
1.1529349152125964e-07 
-2.820399876823846e-08 
-9.2765334777043546e-08 
9.7401871399661481e-08 
6.6990926907108617e-08 
-1.0432587079162862e-07 
-3.4228195173220734e-09 
1.2845289269712918e-07 
-3.0165016024393746e-08 
-1.049837043043356e-07 
8.4331578125778299e-08 
1.0202164395227939e-07 
-9.3707343519607471e-08 
-7.1620656715358578e-08 
1.3033453079507314e-07 
7.9898588837837419e-08 
-1.1938021686807107e-07 
-7.5891905977638455e-08 
1.3892884684609466e-07 
1.1423705792893537e-07 
-9.6815839526940212e-08 
-1.2586631975013621e-07 
7.4376493103143446e-08 
1.647468683308523e-07 
7.7815004057000249e-09 
-1.4710138932614879e-07 
-5.9254374390966098e-08 
1.3422839722083442e-07 
1.2289177652346702e-07 
-3.0024045198772079e-08 
-1.4113903348085062e-07 
-7.3769533781063207e-08 
1.1859868844154844e-07 
1.3791742117094406e-07 
-1.6001809147397754e-09 
-1.269153366404901e-07 
-7.2972034551798572e-08 
9.7346527621485103e-08 
1.2772965903622636e-07 
4.8821784511872376e-08 
-1.0941503231462978e-07 
-1.1331060550551168e-07 
1.498914980013862e-08 
1.2823042592910751e-07 
9.9163077576875336e-08 
-4.3333351494839723e-08 
-1.1666649312687578e-07 
-6.5841896550804953e-08 
9.0235314505344371e-08 
1.2562549005336669e-07 
6.3925513497090437e-08 
-8.0699337604833953e-08 
-1.1309922938154495e-07 
-4.911159147487694e-09 
1.1500495878409093e-07 
1.2807943590006976e-07 
2.9189316469551324e-08 
-9.3591221106526425e-08 
-1.1097340025413551e-07 
2.0729004450808376e-08 
1.2147738222861878e-07 
-1.2958954207329772e-07 
1.8811819600011953e-08 
1.0139782180499857e-07 
1.096251413493578e-07 
-3.6761170171519767e-08 
1.2913088847434484e-07 
1.2335069683104609e-07 
-5.2310537172663139e-08 
-1.0885686549050779e-07 
1.1225463550040718e-07 
-4.3311962212518884e-08 
-1.3734348158024752e-07 
-1.2364572793307962e-07 
-6.2411371115320635e-08 
-1.1705183053339233e-07 
-1.179876561293906e-07 
-4.1906783226963854e-08 
-1.4580104671058492e-07 
-1.3094801367227087e-07 
-5.8776216585961556e-08 
-1.2384477131431423e-07 
-1.2783925389068376e-07 
-3.0546316283153938e-08 
-1.4990702626713541e-07 
-1.4608907210267268e-07 
-4.0079992290237033e-08 
-1.2382671757882586e-07 
-1.4232850388371509e-07 
-4.7395224070716851e-09 
-1.4504373914794306e-07 
1.6307786086632184e-07 
-2.3621628194966575e-09 
1.1086919713272137e-07 
1.5612781764448551e-07 
-3.9532898964171729e-08 
1.2161861466570501e-07 
-1.6910115012924197e-07 
-4.9300059484897755e-08 
-7.2659071987796848e-08 
-1.5895643414146837e-07 
9.1004276377466145e-08 
-6.4289929789718035e-08 
1.5534358334195026e-07 
9.3027404010768779e-08 
-4.115840319206395e-09 
1.3540486841265419e-07 
-1.182003595318089e-07 
-1.695616717130843e-08 
-1.0482713215306765e-07 
1.1381126583252441e-07 
7.3538731658271507e-08 
5.4315671456138504e-08 
1.1628743178400524e-07 
-6.6523215817082304e-08 
-1.6294121568646343e-08 
-9.7130485441125332e-08 
9.0510339371425053e-08 
3.0039331992893693e-08 
5.6403547062421628e-08 
-8.6594336609326705e-08 
-6.1762448801727039e-08 
7.052447071475988e-09 
7.4441009180557941e-08 
5.3189053107229488e-08 
-4.8099525694529977e-08 
-2.6569240599191472e-08 
-6.9179627490273706e-08 
4.485637307729415e-08 
-3.5381057131029107e-08 
2.7626058420891086e-08 
-5.280577833564945e-08 
3.0208293891588977e-08 
2.6386193116038197e-08 
4.4091049733634274e-08 
-4.5133959337261483e-08 
3.208609664148794e-08 
2.2509211072396509e-08 
2.3485567730601274e-08 
-3.4752896567301541e-08 
2.1548216963999801e-08 
1.4810587732426273e-08 
4.0767318967378607e-08 
-3.5335847103937805e-08 
2.8022747402336555e-08 
-2.4604664176117926e-08 
3.6887713000222254e-09 
-2.3331326625882809e-08 
1.8928784463614409e-08 
-1.8027360072724782e-08 
-2.5985015840110341e-08 
-3.3281744104320602e-08 
2.4208101839325731e-08 
-2.4903720290373832e-08 
1.5956328914999661e-08 
1.0753742375987277e-08 
-1.94808377516515e-08 
-1.6790569342991781e-08 
5.3533796353030117e-09 
2.6648836118588679e-08 
-1.9793872729770421e-08 
2.1760984025403465e-08 
-1.5543276112925792e-08 
5.6805483993321754e-09 
-2.953572872397157e-08 
2.7443064977800528e-08 
-2.0959883857353481e-08 
2.3208985955999449e-08 
1.1854470291933895e-08 
-5.6374551975417909e-08 
