311
-9.5272004751360929e-08 
-2.0558270611452099e-07 
-9.3060652412697679e-09 
-4.7803580754772472e-08 
2.2835384329958881e-08 
-5.8172969471336765e-09 
3.0646705618199027e-08 
8.9801855701323871e-09 
2.7475862277360601e-08 
9.6747975157505848e-09 
2.1200422313621906e-08 
8.2166723472904663e-09 
1.6535767098952376e-08 
6.7480549126044835e-09 
1.3550939959006973e-08 
6.7029175679008418e-09 
1.2162112438374258e-08 
7.1836493320533355e-09 
-1.1624388780991001e-08 
-7.3801315901928734e-09 
-1.0825506615087184e-08 
-7.3940438754304882e-09 
-1.0071158257490539e-08 
-7.0788900372999898e-09 
-9.2516569328377606e-09 
-6.7284073612781245e-09 
-8.70999375775979e-09 
-6.5545956698425781e-09 
-8.4285672340238526e-09 
-6.5920713193333103e-09 
-8.1112621605693406e-09 
-6.4815693523547638e-09 
-7.398603370341516e-09 
-5.4930783301140728e-09 
6.5705564918699361e-09 
6.1322391715733064e-09 
-7.6967553339766413e-09 
-6.3778539095905271e-09 
-6.8677789034136508e-09 
5.6241971614866283e-09 
6.6390582232574471e-09 
-5.8597973603849283e-09 
6.8440486527282647e-09 
5.7637657609617604e-09 
6.2539814059583904e-09 
5.4149728134485452e-09 
6.0520866669952782e-09 
5.3070811571644241e-09 
6.2304126872489176e-09 
5.5544490687349978e-09 
5.6581363999627468e-09 
4.8686055199722019e-09 
5.8749970054631883e-09 
5.1623343154968036e-09 
5.1655558891115706e-09 
4.8669057994117137e-09 
5.8672619760470205e-09 
4.860900665038181e-09 
5.0407020629385404e-09 
4.8274089548587419e-09 
4.9014419403115691e-09 
3.7895093686891611e-09 
4.9077853285771986e-09 
4.7283493486464495e-09 
-5.1349104078849963e-09 
-4.5242391900922679e-09 
-4.1301075552922866e-09 
3.5294353971596838e-09 
5.312791267825876e-09 
-4.6307063283210934e-09 
-4.1895635135801918e-09 
-4.4714008483693213e-09 
5.096169882127691e-09 
3.062005504019896e-09 
-4.8620898236172519e-09 
-4.9226134376443309e-09 
2.5296109091453963e-09 
-3.3013518753240205e-09 
-5.2234669839707723e-09 
4.3101538986601838e-09 
4.4860028682636298e-09 
-8.6784852468685486e-10 
5.6206748677836206e-09 
1.3304482688571173e-08 
1.0389051218425009e-08 
-9.503323308391742e-09 
-1.8576934267263433e-08 
-6.8371416745663989e-09 
-9.380261023592646e-09 
-4.6801706802385371e-09 
5.8375898613388908e-09 
4.8086276485551072e-09 
-5.8723584628283741e-09 
-1.6486984205156008e-08 
2.3851304542514237e-08 
-6.3556086771765664e-08 
-5.8103827009328185e-08 
6.5549581308354367e-08 
6.2590693029082564e-08 
4.9000413030252263e-08 
7.1994421222988088e-08 
-6.3726936771135849e-08 
1.5624543763777216e-07 
-7.8236006387954598e-08 
-1.9437023746367984e-07 
2.7333047905213485e-08 
-1.7603595796499682e-07 
-1.7759798748874928e-08 
1.8375468490317195e-07 
7.8705935867509472e-08 
1.6897221222350808e-07 
1.1481977675415142e-07 
-1.3890858128958326e-07 
1.6538300204130747e-07 
8.6209385832252416e-08 
-1.7443559506279312e-07 
-1.9868201374719542e-08 
2.3135908597080759e-07 
-3.6792426897033434e-08 
-1.6737383296295883e-07 
1.2182597628010965e-07 
1.5153131281015877e-07 
-1.7058861056893298e-07 
-7.3689259606559439e-08 
2.0034417109302383e-07 
-2.521989326275733e-09 
-2.0841856149466031e-07 
9.4900833320326791e-08 
1.7857062948133981e-07 
-1.6311149302076948e-07 
-7.6641562935928822e-08 
2.159379198902184e-07 
-3.9972996261540542e-08 
-1.9941696340110778e-07 
1.4956358142142848e-07 
1.3194605053445495e-07 
-2.0280530375105957e-07 
-1.7276174433566544e-08 
2.2700280652112765e-07 
-8.4701903234808695e-08 
-1.7723538348738699e-07 
1.7924438875806809e-07 
7.2341890368134506e-08 
-2.2936545029036078e-07 
6.6533005329141475e-08 
2.1928942518133017e-07 
-1.4911089203837083e-07 
-1.450057544940848e-07 
2.15668264755672e-07 
6.4672047753492422e-08 
-2.3879256987840454e-07 
2.1309570721469368e-08 
2.4334605939214779e-07 
-7.3727492100911357e-08 
-2.2413775521896162e-07 
1.1932043826496142e-07 
2.2301125624632421e-07 
-1.2207347692254995e-07 
-2.2202164018057077e-07 
1.1952033256259422e-07 
2.4848207444515924e-07 
-6.1511158234055669e-08 
-2.5139583083114822e-07 
-3.1235868019217186e-09 
2.5805952162272341e-07 
1.0558575912622694e-07 
-2.1014081654666302e-07 
-1.8076901511820104e-07 
1.333897658592308e-07 
2.3442149607890446e-07 
2.0384584048622272e-08 
-2.3455696476639716e-07 
-1.8105185778375136e-07 
1.2514218336548611e-07 
2.3286771961791462e-07 
4.5654245857093517e-08 
-2.0290655528716382e-07 
-1.6543099506591642e-07 
1.0750187057565269e-07 
2.17065536220226e-07 
1.0091809339757982e-07 
-1.745719499159011e-07 
-2.0076183580719552e-07 
-1.0468795274984978e-08 
1.9627541572289423e-07 
1.627264807700688e-07 
-7.6949755781451774e-08 
-1.9553565304177312e-07 
-1.1686034035554694e-07 
1.3937035665648275e-07 
1.9466653547931431e-07 
7.7705509842039741e-08 
-1.463257785580946e-07 
-1.7465954675807733e-07 
4.4465579836055927e-09 
1.7951294690797569e-07 
1.8083330721187538e-07 
-1.3298789583244376e-10 
-1.6089071014223437e-07 
-1.4802823824733674e-07 
6.030155378750003e-08 
1.7649082319936081e-07 
-1.4772133530122405e-07 
7.6451038687656174e-08 
1.6192100942034658e-07 
1.1975980437844647e-07 
-8.9433234760597211e-08 
1.7272965493140918e-07 
1.0771452026394666e-07 
-1.142631867215484e-07 
-1.604734941517683e-07 
1.0068594380998675e-07 
-9.9156068278403596e-08 
-1.6952830159325106e-07 
-8.9505621124804557e-08 
-1.2138558202103918e-07 
-1.5976563303420758e-07 
-9.0882653173049088e-08 
-9.8044103966091307e-08 
-1.6860502172459594e-07 
-8.7363889182534391e-08 
-1.1559620771579151e-07 
-1.5915551423572999e-07 
-9.1240253435801184e-08 
-8.7423194250591247e-08 
-1.672956720774116e-07 
-9.974909834871465e-08 
-9.8408060138298109e-08 
-1.5581455589201264e-07 
-1.0130300394920884e-07 
-6.4168865717423205e-08 
-1.6300263584438318e-07 
1.2004655398578124e-07 
-6.5169379321182722e-08 
1.4537734376873266e-07 
1.1707428938228647e-07 
2.3178576961417073e-08 
1.4845710588088158e-07 
-1.3648524662892491e-07 
1.6941944699161124e-08 
-1.1884427463395215e-07 
-1.3056421983316149e-07 
3.0071171495151344e-08 
-1.1121110060692687e-07 
1.4147982872667952e-07 
3.0714750017640467e-08 
5.9702336219236256e-08 
1.3519426141114813e-07 
-6.9798127484478862e-08 
4.7335508313256193e-08 
-1.2642096810428623e-07 
6.6118245754414023e-08 
9.5770003576983479e-09 
9.8930481736351626e-08 
9.4668657470801676e-08 
-3.8634962223136939e-09 
4.5030695711475925e-08 
-1.0617204893467956e-07 
4.3374484395350713e-08 
-3.0143319496476007e-08 
9.4083114749010826e-08 
-4.4555004670755192e-08 
-1.0481756820591526e-08 
-5.6017574262202783e-08 
8.1290750274055117e-08 
3.3313130144842699e-09 
7.6846348755944944e-09 
-7.4743800484919758e-08 
-5.0044851968884703e-08 
-1.2059463365357085e-08 
2.0141170573781865e-08 
7.2646158016412406e-08 
-2.2173863890472559e-08 
-2.1753528042926855e-08 
-3.0700655768293232e-08 
6.8073291973482552e-08 
-8.4208387360670215e-09 
-2.5332609245042959e-08 
-3.6494841419113195e-08 
5.2974501536158693e-08 
1.4527506156665092e-09 
-3.016361992041143e-08 
-4.1814189713871166e-08 
5.3886966891295468e-08 
3.3712809125381633e-09 
-2.8854494287994316e-08 
3.4616661776916744e-08 
4.4783315473960478e-08 
7.1533947225964813e-09 
-3.0746203010773774e-08 
3.2776259512909712e-08 
-5.862588804426558e-08 
4.2530675977916376e-10 
-2.7984009763608349e-08 
2.8084320401960287e-08 
-5.1035125477076005e-08 
6.37333278534549e-09 
2.8456166311934468e-08 
2.7993301951690487e-08 
-5.5013374444157983e-08 
3.5606627727880048e-08 
2.3299476559000739e-08 
-2.3164345951089369e-08 
4.9781616847437034e-08 
7.0488103280749367e-08 
-3.1437700476831715e-09 
-1.7618424321613863e-08 
4.2165454478050539e-08 
-5.0931907880139696e-08 
8.2259139433525978e-08 
5.1268301729063317e-09 
