311
5.9726674515408469e-08 
-4.3446016809092762e-07 
1.6637286214002789e-07 
-1.4247733911493575e-07 
1.0615798629697227e-07 
-7.5020803485795809e-08 
7.419988906160514e-08 
-2.5301761519853353e-08 
4.4362269259156732e-08 
-2.6057322413781047e-09 
2.1650377077958927e-08 
1.1154037425127551e-08 
6.5399862911532553e-09 
1.9917128324957169e-08 
-3.7389418923113985e-09 
2.7277623038521378e-08 
-1.0232703342810686e-08 
3.2841228554835031e-08 
1.4942813506710534e-08 
-3.6527584411736768e-08 
1.8697011910472842e-08 
-3.9309015065095765e-08 
2.1103855630895545e-08 
-4.0110811116852249e-08 
2.263851380350698e-08 
-3.9958588427433387e-08 
2.4391977205922554e-08 
-4.1103222958938439e-08 
2.6059913468174766e-08 
-4.2755875786774526e-08 
2.7342741556378441e-08 
-4.3047941515791985e-08 
2.6762191884403885e-08 
-3.7061150270401198e-08 
-2.4677664582899702e-08 
4.1945138389931307e-08 
3.0422181054618022e-08 
-4.454958952081672e-08 
2.8365516910239712e-08 
3.9711777871754666e-08 
-2.8322199127848378e-08 
-4.1808341299950598e-08 
-3.0214536642594895e-08 
4.1467272673738752e-08 
-2.8465336135216722e-08 
3.9307525405117199e-08 
-2.8219398194762607e-08 
3.8692941033649309e-08 
-2.9445216321508715e-08 
4.0621602508773857e-08 
-2.7312378972486691e-08 
3.5936132624987721e-08 
-2.8898477069172345e-08 
3.8364308609182149e-08 
-2.603480794593742e-08 
3.6333141983313713e-08 
-2.9902808962545356e-08 
3.66574422591911e-08 
-2.6315015842403008e-08 
3.6778495504343728e-08 
-2.5831351554573505e-08 
2.8550600804930493e-08 
-2.6398021083980401e-08 
3.7223174574075334e-08 
2.7327453557777826e-08 
-3.2825520194839963e-08 
2.4899779588885635e-08 
3.0644341719644697e-08 
-2.5555408469470923e-08 
-3.4096266395839528e-08 
2.8548257934875741e-08 
-3.4630772533890056e-08 
-2.5006335558734706e-08 
3.0230352740221748e-08 
2.5558344940310356e-08 
-3.003096244381591e-08 
-2.4520526725941133e-08 
-3.1553754967474177e-08 
2.4010176237543665e-08 
2.8868735558953872e-08 
-2.4424845112975056e-08 
-2.7279939484571095e-08 
-2.5285949305113311e-08 
4.1200596126434924e-08 
2.4119067913771693e-08 
3.8847056679288686e-09 
1.2345928536230387e-08 
-3.5794611022731634e-08 
-3.421566314253097e-08 
-2.3459928924278156e-08 
-1.9049794553758082e-08 
2.7095209222187405e-08 
1.1731470183482282e-08 
-3.3401998168733333e-10 
-3.4316087601150995e-08 
-1.3022099707303928e-07 
-2.8503303044960758e-08 
1.1996169176692464e-07 
3.3781309573617454e-11 
1.3965307852053081e-07 
7.467853690833758e-08 
-1.4702739878513892e-07 
1.1437042733274787e-07 
-2.7982156065288481e-07 
-2.2551784035678714e-07 
1.8004283427983247e-07 
-1.8851225969421738e-07 
1.5428489658753384e-07 
3.0418318772717306e-07 
-3.6445931967299247e-08 
2.6303780970279763e-07 
-6.2319846935406782e-09 
-3.3654541761563835e-07 
1.2826019887078361e-07 
2.1831179004458774e-07 
-1.5458576939528573e-07 
-2.305551811509151e-07 
3.2947018802407521e-07 
7.3260982161630494e-08 
-2.4634916979530717e-07 
1.6513222663556322e-08 
3.4577615220983932e-07 
-1.7566457064329371e-07 
-2.1664869337075203e-07 
2.1556769295125689e-07 
1.7813125223479722e-07 
-3.6308067211803065e-07 
4.0625742374551001e-09 
3.1861777858197396e-07 
-9.749491645403339e-08 
-3.0147160964370229e-07 
2.9325998724472002e-07 
6.9189708341546117e-08 
-3.1207993967991363e-07 
5.9733950980285776e-08 
3.462683511811059e-07 
-2.626341171939856e-07 
-1.5861314394624585e-07 
3.0620615478867218e-07 
4.7206675170275254e-08 
-3.9077774550137737e-07 
1.7056229551101524e-07 
2.1532004974593556e-07 
-2.7678849336036193e-07 
-8.5044418360383546e-08 
4.0701821583364484e-07 
-1.328385366882877e-07 
-2.9598602153793274e-07 
2.1287137608577896e-07 
2.5994897462330135e-07 
-3.7235443713213796e-07 
-9.021795939136099e-08 
3.4674238561379508e-07 
4.1428639213843858e-08 
-4.2971824396008023e-07 
7.3909813361322962e-08 
3.533926275464575e-07 
-5.0757546294518145e-08 
-4.3407393640636221e-07 
8.4224379194844099e-08 
3.7364386700907797e-07 
3.4527665055275344e-08 
-4.4470610764408378e-07 
-8.8326931940281066e-08 
3.4437173500994745e-07 
2.7441677094190093e-07 
-3.3035547214068432e-07 
-3.1481127828528909e-07 
1.2062257345910257e-07 
4.3941820038879382e-07 
5.2440703866764276e-08 
-3.5534783691022118e-07 
-3.7491753553523374e-07 
1.9266831500568893e-07 
3.5875867386348071e-07 
1.131283904930208e-07 
-3.8802367561758813e-07 
-2.6919865566778399e-07 
1.5253653206568172e-07 
4.0979262591692821e-07 
1.2538407951669629e-07 
-3.0051050459158487e-07 
-3.889433677721398e-07 
2.1546902548891746e-08 
3.2181387549919e-07 
2.7363020998537144e-07 
-2.1871446830325054e-07 
-3.1345549999623799e-07 
-1.836218224485641e-07 
3.0394247896266109e-07 
3.019417777549898e-07 
5.5015637563512519e-08 
-3.3180116439898225e-07 
-2.4254958463098611e-07 
8.0206888240657402e-08 
3.3305243900663554e-07 
2.3469834597873901e-07 
-1.1733390051639575e-07 
-3.2146446499464206e-07 
-1.5011872253845651e-07 
1.8393495884984996e-07 
2.802684196092071e-07 
-1.0655963505093415e-07 
2.2646321637161672e-07 
2.803806721741724e-07 
5.9132448268809486e-08 
-2.1959944531053809e-07 
2.255725252569399e-07 
-9.8811244715308381e-09 
-2.4200947064697527e-07 
-2.3296894257874609e-07 
-5.6172779275706205e-09 
-2.181730742512961e-07 
-1.7252353679788301e-07 
6.3672947757227136e-08 
-2.2400204585206964e-07 
-1.8442259713667155e-07 
4.4352007663902344e-08 
-2.0390190014114436e-07 
-1.2530171402213423e-07 
8.091071734839485e-08 
-2.0253167300918944e-07 
-1.4094410408505225e-07 
6.176284985573047e-08 
-1.8628936336174533e-07 
-8.8940729583429318e-08 
7.7618674144872145e-08 
-1.833838029667134e-07 
-1.0694379615987872e-07 
6.434474594303623e-08 
-1.6936462094126383e-07 
-6.542408361949679e-08 
-6.2594858328765846e-08 
-1.6922484336998391e-07 
8.5735197494157016e-08 
-5.6568156478496632e-08 
1.5570754283943113e-07 
5.8637662531953582e-08 
4.3785298317923461e-08 
1.5757989124343392e-07 
-8.3990912221436964e-08 
4.1020759969681035e-08 
-1.4174923519419664e-07 
-7.5098669110754236e-08 
-2.1477494355032331e-08 
-1.4386618478177497e-07 
1.006766233730792e-07 
-3.3850227636716875e-09 
1.2088701116581697e-07 
9.4740961182101064e-08 
-2.4835497552740363e-08 
-1.2260142578477325e-07 
-1.027282066341571e-07 
6.6785545406940572e-08 
-8.3569371473774361e-08 
9.4629195564383875e-08 
1.0588412602799226e-07 
4.2853799488303436e-08 
-8.6732323935559622e-08 
-1.0834098692588633e-07 
9.2258033863690507e-09 
7.8312218519130655e-08 
1.0739743682146997e-07 
-5.4969361643812379e-08 
-3.7469524710529827e-08 
-1.0179982786752026e-07 
7.5004128907523424e-08 
-3.9528398159114586e-08 
7.450054453613902e-08 
-6.8309028375459744e-08 
8.150705401554594e-08 
-6.751118992768339e-09 
6.6151514230000646e-08 
-7.4110873392789437e-08 
-5.7079831896182968e-08 
-1.3513673355019663e-08 
6.8393373427641298e-08 
-5.3725461596747666e-08 
-4.9277292321635767e-08 
-3.3903936329646644e-08 
5.8635534748285152e-08 
-5.0714279060810857e-08 
-4.5378150614927106e-08 
-2.450300790261787e-08 
4.6146918677375103e-08 
-4.1597149495878018e-08 
3.4128019703993655e-08 
-3.4824986597018657e-08 
4.4831364490225503e-08 
-4.6301349296307035e-08 
1.9231317865991206e-08 
-5.5454298080878601e-09 
5.7205208586797117e-08 
1.3183264973029359e-10 
5.6140041936406995e-08 
3.4569089865488977e-08 
-1.6160824383939132e-08 
5.8027295316337324e-08 
-1.5888567054733094e-08 
-4.5683743594303278e-08 
-5.823012253812545e-08 
-2.5690138967658107e-08 
-3.7755420966906808e-08 
-1.3486154238159581e-08 
-1.4570157088484246e-08 
4.1348786253238903e-08 
-8.3624191954961772e-09 
5.9272795306037409e-09 
1.4875899705325628e-08 
-3.7047428957653847e-08 
3.5760297223912249e-08 
