311
1.1429022195155004e-06 
-7.3652428326616703e-07 
3.6980256145664696e-07 
-2.6234555896858635e-07 
1.8367618770030368e-07 
-1.3025470154049283e-07 
1.038599580131718e-07 
-1.8912634272595837e-08 
3.8863001610315944e-08 
3.9403389896614299e-08 
-7.7633801182074118e-09 
7.5860798895236655e-08 
-4.0233794523687333e-08 
9.877194873319773e-08 
-6.3221161850194361e-08 
1.1809017914091229e-07 
-7.8433625590691306e-08 
1.3161431940678466e-07 
9.089818951348451e-08 
-1.4099389132252452e-07 
9.9764651987747392e-08 
-1.4850443755759855e-07 
1.0495899626477652e-07 
-1.4995817564849835e-07 
1.0729676132134582e-07 
-1.4795394032931706e-07 
1.1146438693256157e-07 
-1.5204889805442638e-07 
1.1649889505151034e-07 
-1.5778967447110725e-07 
1.2001769675771572e-07 
-1.5845561656889987e-07 
1.1580374064914335e-07 
-1.3621785888440883e-07 
-1.0611366032832411e-07 
1.5421503753738045e-07 
1.2980618828368932e-07 
-1.6409694729640333e-07 
1.2036803897931682e-07 
1.4641251301055282e-07 
-1.1971724394846638e-07 
-1.5427128460965002e-07 
-1.2719231874614778e-07 
1.53213717345641e-07 
-1.1942618997215641e-07 
1.453783483149641e-07 
-1.181446512572612e-07 
1.4335206838369148e-07 
-1.2323461265323655e-07 
1.5071174442668332e-07 
-1.1417555307349438e-07 
1.3360860613482495e-07 
-1.2068956267420353e-07 
1.4282103271450013e-07 
-1.0839811102368611e-07 
1.3545350220462591e-07 
-1.2468918208462686e-07 
1.3694493941997175e-07 
-1.0941761512351209e-07 
1.376602434855599e-07 
-1.0749987401038369e-07 
1.0701110060640892e-07 
-1.0978557696957429e-07 
1.4001536028955592e-07 
1.1370532990711841e-07 
-1.2284507957915323e-07 
1.0293535922170891e-07 
1.164918869565806e-07 
-1.073624922514075e-07 
-1.2788189844519523e-07 
1.1702590319466626e-07 
-1.3123705313504115e-07 
-1.0556210015618793e-07 
1.1601877062587529e-07 
1.0617114966475183e-07 
-1.1110654004882547e-07 
-1.0011973202685106e-07 
-1.2244851035658452e-07 
1.0069323211353296e-07 
1.0687165167166102e-07 
-1.0408015322921906e-07 
-1.1365559078076681e-07 
-1.0533027785912292e-07 
1.2016640931682727e-07 
7.1971460190942234e-08 
7.1453982728696515e-08 
9.2699206724382492e-08 
-1.0897144160577401e-07 
-1.0223384688091323e-07 
-9.0496296152745313e-08 
-7.4038649169844098e-08 
1.0192346691408169e-07 
8.831560356912244e-08 
8.19774776635343e-08 
-1.1702135464331986e-07 
-1.9517195157034477e-07 
-5.4716062723244818e-08 
5.6886330263164332e-08 
-1.0174873193426866e-07 
2.3530780945790127e-07 
1.2339145946095704e-07 
-8.4692539644693185e-08 
9.8942953653093229e-11 
-4.0157834420651383e-07 
-2.4305631676298826e-07 
1.495115281401163e-07 
-7.6590281940592276e-08 
2.9499521958086926e-07 
3.7320562018277127e-07 
-2.3678978873280681e-08 
1.7669211614382045e-07 
-1.4975526993972609e-07 
-4.5236432072078873e-07 
1.447821942961387e-07 
1.6388598302623714e-07 
-2.6955050572101314e-08 
-3.7741421455364146e-07 
3.882938458218494e-07 
4.9440375737395036e-08 
-1.483060877148798e-07 
-1.2035338745038229e-07 
4.739546477255103e-07 
-2.0892921566449681e-07 
-1.6763051649285043e-07 
1.007757257514318e-07 
3.2966751514826126e-07 
-4.635550828311081e-07 
2.1529177463049798e-08 
2.4762130115863492e-07 
3.1128993298588658e-08 
-4.6147434109380507e-07 
3.61493272532958e-07 
4.6042290600746011e-08 
-2.2722704774843644e-07 
-7.2505331718451913e-08 
5.0145645849606072e-07 
-3.2641263914065984e-07 
-1.3053057613479311e-07 
2.0961492848648418e-07 
1.8802260340229256e-07 
-5.4491777561220912e-07 
2.0780630965648112e-07 
1.7558098097686001e-07 
-1.7621269796775378e-07 
-2.3266029057383982e-07 
5.5129999541041161e-07 
-1.7319355947740651e-07 
-2.4397672835966669e-07 
1.0062431745964682e-07 
4.2495549363957539e-07 
-4.8908819027220107e-07 
-6.7559246046816062e-08 
2.5894720662919932e-07 
1.7489061501234821e-07 
-6.0318761190124057e-07 
1.0760426710779733e-07 
2.7913072280865331e-07 
6.9961222001748221e-08 
-6.2259734832651055e-07 
1.2363553589761854e-07 
2.9496659158891731e-07 
1.6254988524786213e-07 
-6.2876272302546647e-07 
-5.52586657127495e-08 
2.5476336677968337e-07 
4.4741788283349128e-07 
-4.6675828358799846e-07 
-2.660233644607175e-07 
1.4915215346595887e-08 
6.435794072204667e-07 
-8.0742043449646636e-09 
-2.9671344725155907e-07 
-5.8897444248860622e-07 
2.8031377406262102e-07 
2.953291746704259e-07 
2.2964338472769652e-07 
-5.8440439563010635e-07 
-2.2721389902763799e-07 
7.966972303566088e-08 
6.2146205507677168e-07 
5.4682696486868149e-08 
-2.7226955654125196e-07 
-6.1238958073507452e-07 
8.1857741268169907e-08 
2.7637651159438868e-07 
4.3413934806677204e-07 
-3.7167680904045813e-07 
-2.8285135730518721e-07 
-3.296009197172623e-07 
4.6493392471067045e-07 
2.5909562679386569e-07 
1.0685182274024467e-07 
-5.386394918933356e-07 
-2.0805919294447171e-07 
3.9889286824265468e-08 
5.1758631573005171e-07 
1.7906467397677216e-07 
-1.404168850888715e-07 
-5.2034496966135113e-07 
-1.0506690772393885e-07 
1.7504322823082772e-07 
4.3077901605589658e-07 
-1.4256243526644525e-08 
2.690233728167572e-07 
4.4894630238544101e-07 
-9.935847131480669e-10 
-2.2243270510486343e-07 
3.3181633110430776e-07 
-1.3566542755401419e-07 
-2.7614380741859021e-07 
-3.6228452012479482e-07 
-8.0804925239643614e-08 
-2.2722302309303058e-07 
-2.2982131193672769e-07 
2.0654472611244001e-07 
-2.5545763957951501e-07 
-2.6850168684797366e-07 
1.314986463146289e-07 
-2.1891280704035314e-07 
-1.3349178609274135e-07 
2.2866814049639619e-07 
-2.3867588143664687e-07 
-1.7912985709510965e-07 
1.5589459709316195e-07 
-2.0996560444174876e-07 
-5.4654204379979688e-08 
2.2437901083688757e-07 
-2.3057378605588959e-07 
-1.0662443644225902e-07 
1.6393891903853295e-07 
-2.0744348169382664e-07 
1.0426463962629911e-09 
-2.0505620693643742e-07 
-2.3923113425612121e-07 
5.9144020798220963e-08 
-1.5867848915602454e-07 
2.2227316602791144e-07 
-2.1557860814387906e-08 
1.7799123404042398e-07 
2.5921828788885541e-07 
-5.7606600342830688e-08 
1.4118289165688909e-07 
-2.4705821730735801e-07 
-1.6391149578711394e-08 
-1.43703959997858e-07 
-2.7460724983288927e-07 
1.114993114563351e-07 
-8.5163224270885674e-08 
2.5133007547248458e-07 
8.4499544537566981e-08 
6.2085576587324243e-08 
-2.7174520411582577e-07 
-1.5233282977302284e-07 
4.9087635039994952e-08 
-2.1602395955117703e-07 
1.1692603350031997e-07 
1.3540614087037688e-07 
1.8666596727803316e-07 
-1.4764341774944758e-07 
-1.6299103219936558e-07 
-7.7789655806025994e-08 
1.2168749481471217e-07 
1.84704115808333e-07 
8.3091342434737873e-09 
-1.2401115419168354e-07 
-1.7291144800460737e-07 
6.8306293739487007e-08 
-4.9664640673115066e-09 
1.6002730094212003e-07 
-4.4677165426979733e-08 
1.0112605484139371e-07 
-1.0888459206275058e-07 
8.7518290112036978e-08 
-8.4047213082359359e-08 
-1.3323986311636752e-08 
-6.8800787914751197e-08 
9.3381023376253833e-08 
-3.8342225255331857e-09 
-9.1738691151666407e-09 
-1.1695570517800372e-07 
4.3517197207565753e-08 
-1.8232459190440626e-08 
1.3297874871576995e-08 
-5.9969281773815392e-08 
2.3075097684928405e-08 
3.3912217840878484e-08 
-1.901995022101111e-08 
-1.2983113559963911e-07 
-1.5641336686556876e-08 
-3.9699659975308932e-08 
-1.3423440082855988e-07 
-1.4979865761773905e-08 
1.1542621820710249e-07 
2.1822036018906174e-07 
1.1555459479628179e-07 
2.2111104271849214e-07 
1.3401446689117469e-07 
1.3060131562963503e-07 
-2.9941548913750019e-07 
-1.1953777201604727e-07 
-2.0172557524152944e-07 
-3.2608405729166676e-07 
-5.0821908808909345e-08 
-2.2844896817181319e-07 
-9.8151309342746068e-09 
2.0784184181759204e-08 
1.8517473642802159e-07 
-9.5805930987081337e-08 
2.3144180620576381e-07 
-5.3128026424239316e-08 
-1.1190094092483826e-07 
