311
-1.4841992578000729e-08 
-3.7226626206858813e-08 
-1.9241397547398034e-08 
-1.0228821098156204e-08 
1.87552665208409e-09 
1.3966447277837229e-08 
1.6398810230633862e-08 
2.4197958715068472e-08 
2.179663497504358e-08 
2.5552264593756118e-08 
2.1547042594459489e-08 
2.3635520630134031e-08 
1.9318870446766013e-08 
2.0865305332653803e-08 
1.7530604088466576e-08 
1.9756987808073652e-08 
1.639753961354339e-08 
1.8954912034276556e-08 
-1.5981037104243995e-08 
-1.8414885836104319e-08 
-1.5510229330262674e-08 
-1.7897844026583129e-08 
-1.4836971706119474e-08 
-1.6926225574646816e-08 
-1.3970264320989688e-08 
-1.57624582879108e-08 
-1.3559355528460099e-08 
-1.5470059283700181e-08 
-1.3398155936322527e-08 
-1.5451313061354131e-08 
-1.3145242397241051e-08 
-1.5013356908765649e-08 
-1.2199775797028736e-08 
-1.2573168214407258e-08 
1.0913868776782038e-08 
1.3969798275524484e-08 
-1.2949880146904628e-08 
-1.451319761996147e-08 
-1.1698191624643691e-08 
1.2724434608679522e-08 
1.1390778593370546e-08 
-1.3188416016373566e-08 
1.1866590407767863e-08 
1.2922646772475313e-08 
1.0947056796089176e-08 
1.2090856137042371e-08 
1.0654603649830797e-08 
1.1822337533296567e-08 
1.1006517617041136e-08 
1.2291823403020404e-08 
1.0045484909881419e-08 
1.0776388891596905e-08 
1.0486786771326118e-08 
1.1405732124812909e-08 
9.3125878053045452e-09 
1.0729875743727638e-08 
1.059492880716783e-08 
1.0726681287245247e-08 
9.1690048446110721e-09 
1.0637140351037397e-08 
8.9606928109640884e-09 
8.3375864889752711e-09 
8.9769651271299429e-09 
1.0562537503278084e-08 
-9.4890756033330026e-09 
-9.5701743168709127e-09 
-7.7277595458256314e-09 
8.3985498084829821e-09 
9.5031194289103007e-09 
-9.6921902329150364e-09 
-8.400761916213513e-09 
-9.9866132717109354e-09 
8.7384056106312946e-09 
7.7239927466100405e-09 
-9.4542868659521147e-09 
-8.8987299535484774e-09 
5.2884352989627913e-09 
-8.9037976158141662e-09 
-9.3047696856679434e-09 
7.6249914720865018e-09 
8.3090929190975142e-09 
-7.031944244570102e-09 
8.4921492396098783e-09 
1.0671473809781966e-08 
2.2952367317809427e-09 
5.334598120305913e-09 
-1.4890187672458843e-08 
-4.8690423604674205e-09 
7.3831233088693019e-10 
-8.5872172773228774e-09 
9.6898028753755589e-09 
7.2403808721455122e-09 
-5.2358100184223797e-09 
4.2649591604793145e-09 
1.6978902278955191e-08 
-1.1032956502651775e-08 
-1.431853128875939e-08 
-8.4520426279094599e-09 
2.3759292214400075e-08 
2.3005186250356695e-09 
1.1177054927650404e-08 
1.6567543080195809e-08 
4.2843034867537358e-08 
1.6377734684764408e-08 
-3.562734273964142e-08 
-4.3127620825277692e-08 
-3.8898523571444763e-08 
-3.5464275970899906e-08 
1.8483784944251921e-08 
6.5866862496265823e-08 
2.0097290055328729e-08 
5.1815071532054743e-08 
9.5929503289874801e-09 
7.2203285488118872e-08 
-1.1494160073455212e-08 
-4.4730339484968796e-08 
4.8121525799433272e-08 
6.1727703011279067e-08 
-4.3106806405586256e-08 
-1.9590281507011763e-08 
6.9765692968086501e-08 
1.1698937485180179e-08 
-5.8681329424459304e-08 
3.0742263383802652e-08 
6.4500293094844786e-08 
-3.9506056704624111e-08 
-3.538001384054761e-08 
7.7211154883386587e-08 
2.1077672507955573e-08 
-7.0130869828226972e-08 
3.5721903191513044e-08 
7.7792317382426069e-08 
-5.6444559359408039e-08 
-3.0377302794249776e-08 
9.3757544465439362e-08 
-7.8038592992038955e-10 
-7.5650862943179468e-08 
6.0697789659939007e-08 
7.1177706293067123e-08 
-7.7596656038112843e-08 
-1.4206385711712033e-08 
1.1158895556261267e-07 
-2.9328203280391578e-08 
-8.7564971438124382e-08 
9.6318081515175343e-08 
6.2634910120713361e-08 
-1.0099152294120072e-07 
-4.0260512168718488e-11 
1.2443413584670703e-07 
-3.1464244130130427e-08 
-9.9868311453717534e-08 
8.4676941887879479e-08 
9.728919452279855e-08 
-9.2527608271863338e-08 
-6.6630695269732879e-08 
1.2922215640078971e-07 
7.5358530199175704e-08 
-1.1779793658240711e-07 
-7.0975191219406061e-08 
1.3850306490080318e-07 
1.0966066917461083e-07 
-9.7004472513634153e-08 
-1.2129317717356799e-07 
7.6579873272654457e-08 
1.6132461382968174e-07 
4.7340408562089163e-09 
-1.4461290760172951e-07 
-5.500572681434827e-08 
1.3437121663880247e-07 
1.1908859173541345e-07 
-3.1924957814894518e-08 
-1.3795805223325866e-07 
-6.9757043250636273e-08 
1.1899787145285955e-07 
1.3471134475297846e-07 
-3.8125423754490814e-09 
-1.2465118705011125e-07 
-6.9244696221818677e-08 
9.8060011918203534e-08 
1.246651708155658e-07 
4.6149789813871007e-08 
-1.078355747557698e-07 
-1.1010193356756499e-07 
1.7294936004349454e-08 
1.2650369075780824e-07 
9.6189682190325313e-08 
-4.3420148534450561e-08 
-1.1377135637280308e-07 
-6.2715364934378204e-08 
8.9753201226333501e-08 
1.2323935958332934e-07 
6.1931662430821001e-08 
-7.9230428197285812e-08 
-1.1012638296698748e-07 
-3.3453260553871494e-09 
1.1297009462321089e-07 
1.2557533699335983e-07 
2.8486378143460126e-08 
-9.1545811420390665e-08 
-1.0819326554234961e-07 
2.1067003955433256e-08 
1.1922867608966765e-07 
-1.2743949529209079e-07 
1.8102658143852274e-08 
9.9149811016461675e-08 
1.0730516510987323e-07 
-3.6236311269356991e-08 
1.2686647175300044e-07 
1.2191057153159612e-07 
-5.0804462791343407e-08 
-1.0652839476548455e-07 
1.1043541198691708e-07 
-4.2320932644310696e-08 
-1.3512447694084078e-07 
-1.2269829059004728e-07 
-6.0638266889849327e-08 
-1.1467469390057338e-07 
-1.1659197497862768e-07 
-4.0668845489793386e-08 
-1.4360532714379998e-07 
-1.3023929557173979e-07 
-5.6918411992792695e-08 
-1.2142706902353646e-07 
-1.2669550153673577e-07 
-2.9218651824581842e-08 
-1.4767605873793556e-07 
-1.4532243478223495e-07 
-3.8256899570106028e-08 
-1.2134372654599197e-07 
-1.411961674160176e-07 
-3.4824225872638431e-09 
-1.4269096416099057e-07 
1.6195899406918791e-07 
-7.6487559729452175e-10 
1.0829182585328109e-07 
1.5473806037431823e-07 
-4.0416299901097547e-08 
1.1910500971983471e-07 
-1.6743350944308953e-07 
-5.0319330902307453e-08 
-7.0106771650913357e-08 
-1.5705994219337416e-07 
9.1070532616851034e-08 
-6.183528220797486e-08 
1.5301970000829769e-07 
9.313443485616353e-08 
-6.0167524107059909e-09 
1.3275879984560886e-07 
-1.1724542060197057e-07 
-1.8642059416922916e-08 
-1.019111000816104e-07 
1.127841136038856e-07 
7.3971620279709132e-08 
5.1602073519780744e-08 
1.1415201430780096e-07 
-6.7049077407240863e-08 
-1.800024652569353e-08 
-9.4074800862506032e-08 
8.9640328037950463e-08 
3.1244140752745319e-08 
5.339416529531697e-08 
-8.5591555915451944e-08 
-6.1700409940222273e-08 
9.4358669839652493e-09 
7.1356812071586991e-08 
5.3096518761518606e-08 
-4.8490476729382492e-08 
-2.3858312823107494e-08 
-6.734494720628981e-08 
4.5498354238562537e-08 
-3.624016129329259e-08 
2.3879600227528181e-08 
-5.1423212695834911e-08 
3.0850502076032228e-08 
2.7492717948855763e-08 
4.1229897902281475e-08 
-4.4520871617779848e-08 
3.3211997841543309e-08 
2.4303747018151009e-08 
1.964667624137305e-08 
-3.402679228829357e-08 
2.2398940775969277e-08 
1.6316093705817641e-08 
3.8174320078299531e-08 
-3.502588158702157e-08 
2.9285096147823123e-08 
-2.6356732823289525e-08 
-7.9030492836760465e-10 
-2.2361121102719884e-08 
1.9708065237223264e-08 
-1.8917188783654111e-08 
-2.3067696540648287e-08 
-3.2626201670178865e-08 
2.5233840984713532e-08 
-2.5914943872564359e-08 
2.0891245148231623e-08 
7.9019251503719487e-09 
-1.9960784742772403e-08 
-1.7080967383373228e-08 
7.9792922445413983e-09 
2.3606080349031029e-08 
-2.0040921342538339e-08 
2.2173182174148208e-08 
-1.7910182417850529e-08 
-4.282117087936953e-10 
-2.6820147401086745e-08 
2.6165696276039044e-08 
-2.2476748722852778e-08 
2.4829863688446192e-08 
4.403702715779043e-09 
-5.1607064200823227e-08 
