311
-2.6436128700336946e-08 
-6.9814734017331123e-08 
-2.8066231265636767e-08 
-1.9318493754193256e-08 
3.0755085076008727e-09 
1.1184802266753104e-08 
1.8853098045740737e-08 
2.2384045064318853e-08 
2.2983727581468489e-08 
2.2909341492798365e-08 
2.1300455531760761e-08 
2.0414688255267217e-08 
1.8347934660912011e-08 
1.754354811936199e-08 
1.6223226514216651e-08 
1.648509544246225e-08 
1.5056994313557504e-08 
1.5911449295143625e-08 
-1.465481636000237e-08 
-1.5498625563220048e-08 
-1.4139512015781416e-08 
-1.5057834145512685e-08 
-1.3455427473447465e-08 
-1.4216968626399133e-08 
-1.2612688404535231e-08 
-1.3223291218817413e-08 
-1.2172824958182934e-08 
-1.2933980074218483e-08 
-1.19692453945341e-08 
-1.2898194133273661e-08 
-1.1698761684283384e-08 
-1.2525262722449039e-08 
-1.0826216619013785e-08 
-1.0490456441693125e-08 
9.6708805267738406e-09 
1.165229558392576e-08 
-1.1446346896949586e-08 
-1.2095017149484043e-08 
-1.0312897695313957e-08 
1.0602107483699578e-08 
1.0027653818774215e-08 
-1.0987187735119354e-08 
1.042566320841992e-08 
1.0762449992804323e-08 
9.6014703900544936e-09 
1.0067966398593841e-08 
9.3339147481161255e-09 
9.8449661363101722e-09 
9.6346775021313381e-09 
1.0240178612379449e-08 
8.7863706036940752e-09 
8.9744381007179734e-09 
9.1590765721467153e-09 
9.4911917940887923e-09 
8.1285891780280407e-09 
8.9304387833149949e-09 
9.2248280184909754e-09 
8.9190865194970157e-09 
7.9910808857052647e-09 
8.8364707111841155e-09 
7.7850548019815169e-09 
6.9445655735776815e-09 
7.7954581844786061e-09 
8.74169261390004e-09 
-8.2462780876433105e-09 
-8.0148040963205283e-09 
-6.6542731709019332e-09 
6.8595896998828619e-09 
8.3451743020985677e-09 
-8.122092732797471e-09 
-7.1131472811432148e-09 
-8.2892912536021615e-09 
7.7242621887600955e-09 
6.1917313499592271e-09 
-8.189149542784522e-09 
-7.7167813233449463e-09 
4.2889093611823218e-09 
-7.1627112390414789e-09 
-8.2933400256791697e-09 
6.4867178077513026e-09 
7.0991481884933888e-09 
-5.2186967748739021e-09 
7.861039412044161e-09 
1.0798601191202894e-08 
5.3016809220415386e-09 
2.1466140365414996e-09 
-1.6226213642209311e-08 
-4.2954673038429469e-09 
-2.3343104107606045e-09 
-7.7688316776494616e-09 
9.3374870657745114e-09 
6.2990966244709672e-09 
-4.1127246018904601e-09 
2.4199295091433957e-10 
2.1525694395147916e-08 
-1.7153231440612694e-08 
-2.9396782603892793e-08 
-1.7081493617817125e-10 
3.5655845390660819e-08 
5.3202108289212783e-09 
2.7457250874579576e-08 
9.3968589763619072e-09 
6.9822905264834832e-08 
1.3347633842568303e-08 
-7.1641933618599327e-08 
-4.5056008523010941e-08 
-6.6349224598369458e-08 
-4.7080502375341769e-08 
4.858736571289336e-08 
8.3322891773153251e-08 
4.2639533116916166e-08 
7.7778680703191892e-08 
-9.7080535213757339e-09 
1.0110103074152782e-07 
-4.5550138227611843e-09 
-7.6776520756517874e-08 
4.9200417544147625e-08 
9.6916952026278302e-08 
-5.6005827891070389e-08 
-4.6673941278109718e-08 
9.0774486115541533e-08 
3.0971397228124823e-08 
-9.0487413621421034e-08 
2.0732902001332756e-08 
9.519846723046986e-08 
-4.5608296755346159e-08 
-6.9278469539812642e-08 
9.3270944674923592e-08 
4.5523228547550595e-08 
-1.0000684567898628e-07 
2.4338895318551711e-08 
1.1030850590453784e-07 
-6.6483826789709866e-08 
-6.3003065675398591e-08 
1.1596137468849766e-07 
1.7544157471556641e-08 
-1.0940513935176451e-07 
5.5858681159116368e-08 
1.0461926357174179e-07 
-9.1700012800935599e-08 
-4.3887822660645106e-08 
1.352005820279256e-07 
-1.7811080670066892e-08 
-1.2296656516017322e-07 
1.004735139185853e-07 
9.4261151531319328e-08 
-1.2112564741556496e-07 
-2.5849062628314262e-08 
1.5048847160902686e-07 
-1.9212725834211194e-08 
-1.3414824321184961e-07 
7.9110368901623622e-08 
1.2995098921825999e-07 
-9.7201464157621648e-08 
-1.0119818890423259e-07 
1.3386015582633889e-07 
1.0703579003212781e-07 
-1.2551319961303425e-07 
-1.0461967845282498e-07 
1.3881620976584662e-07 
1.4066983095561846e-07 
-9.3221978926191365e-08 
-1.5147849981917886e-07 
6.0087482504561726e-08 
1.8344493613130992e-07 
2.638682917972782e-08 
-1.599500331589513e-07 
-8.3768473821886453e-08 
1.3249007569955392e-07 
1.4448564129091572e-07 
-1.8502978322869799e-08 
-1.5868459711322704e-07 
-9.6364485740140818e-08 
1.1616254853937344e-07 
1.55899758602717e-07 
1.0930421375680001e-08 
-1.3955947601053232e-07 
-9.3644096442163618e-08 
9.3854939524371925e-08 
1.4491423948517763e-07 
6.330816763488719e-08 
-1.1861415266707646e-07 
-1.3107762986830696e-07 
3.1934257935525847e-09 
1.3837354371709013e-07 
1.1514437907163409e-07 
-4.3901140023440799e-08 
-1.3268395435726004e-07 
-8.2022070014202341e-08 
9.411212464696832e-08 
1.3898236927314677e-07 
7.3547784939301836e-08 
-8.9757305057090281e-08 
-1.2884622657797917e-07 
-1.1617701246995551e-08 
1.2665618725553622e-07 
1.4139195243470502e-07 
3.1169749303101724e-08 
-1.0546220992506453e-07 
-1.2485698973422227e-07 
2.0908377506324402e-08 
1.337903359485778e-07 
-1.3988024612832152e-07 
2.4443981586594219e-08 
1.1399484818444816e-07 
1.2027487706188472e-07 
-4.1458442522741501e-08 
1.4109408122610436e-07 
1.289802211014185e-07 
-6.1775346623471114e-08 
-1.2150457007735976e-07 
1.196847155007581e-07 
-5.0321841419379715e-08 
-1.4866324195760342e-07 
-1.262232534806108e-07 
-7.3028177118120284e-08 
-1.2960227585153439e-07 
-1.2281518684179745e-07 
-5.0117618783285661e-08 
-1.5667143036327603e-07 
-1.3201812725655307e-07 
-6.9761826380051167e-08 
-1.3631970702010778e-07 
-1.3112204134920033e-07 
-3.9267924343867405e-08 
-1.6076695350478999e-07 
-1.4731050046555001e-07 
-5.1066162782967598e-08 
-1.3652794063811226e-07 
-1.4539160663053748e-07 
-1.3313580735971881e-08 
-1.5656063058681019e-07 
1.6607926872587214e-07 
-1.2593159408616631e-08 
1.2418409719957616e-07 
1.6050427969496552e-07 
-3.2479519294963732e-08 
1.3434020954129692e-07 
-1.7512620690542886e-07 
-4.1503899921436338e-08 
-8.646590537375309e-08 
-1.661912347027423e-07 
8.7759382847116838e-08 
-7.773073510778763e-08 
1.6527075728138344e-07 
8.9559354812071929e-08 
7.5973698189170554e-09 
1.4742710147493395e-07 
-1.2021519594090494e-07 
-6.1843556006473617e-09 
-1.1914024370916474e-07 
1.1618606272376361e-07 
6.8483872620058576e-08 
6.8808425458104213e-08 
1.2495062473353218e-07 
-6.1110271489441048e-08 
-5.5883954346376385e-09 
-1.1142085458978567e-07 
9.2160089454795989e-08 
2.1642589441169827e-08 
7.1901497088214252e-08 
-8.9106513449725935e-08 
-5.9553344359885222e-08 
-6.7826234701913987e-09 
8.8676153559544809e-08 
5.1143810528085732e-08 
-4.3578052080765106e-08 
-4.1228767851670486e-08 
-7.6555838303905239e-08 
3.9167165798833324e-08 
-2.8778134054041798e-08 
4.664548710015054e-08 
-5.7461832155304485e-08 
2.4709785656893888e-08 
1.8533839174845782e-08 
5.8239647541793343e-08 
-4.6084633443482666e-08 
2.4179225365148002e-08 
1.1538084249397573e-08 
4.2069276058882627e-08 
-3.6138929956121676e-08 
1.5078979889134633e-08 
5.1386653713667036e-09 
5.3178992855759412e-08 
-3.4795159324525297e-08 
1.9514090840768186e-08 
-1.3802044236714646e-08 
2.5606087658189829e-08 
-2.6028918419596377e-08 
1.2856785555241169e-08 
-1.1386304298458903e-08 
-4.0852034769878878e-08 
-3.4529207688363719e-08 
1.6949410152022046e-08 
-1.7675509623066022e-08 
-9.3311948016112339e-09 
2.3074177484370674e-08 
-1.4802747523980228e-08 
-1.3084399897563996e-08 
-9.5952335617213826e-09 
4.0762305117088824e-08 
-1.6402774023569683e-08 
1.7566314363564905e-08 
-1.4643648748064567e-09 
3.6393269225823977e-08 
-4.0209625037424215e-08 
3.0675861178913279e-08 
-1.0778831385581063e-08 
1.1871508550861591e-08 
4.9055058520081787e-08 
-7.4214922811491314e-08 
