311
-8.4311674732832342e-09 
-1.6612491400079361e-08 
-1.0521167413529536e-08 
-2.3331917102611689e-09 
2.1973199128673077e-09 
1.6057446772464189e-08 
1.4568660131973797e-08 
2.4988440332328318e-08 
2.0532448910203072e-08 
2.6971607639716517e-08 
2.1410103969099515e-08 
2.5741911696246466e-08 
1.9915602489944027e-08 
2.3249185540487113e-08 
1.8495316753299265e-08 
2.2214524964088478e-08 
1.7446585168175381e-08 
2.129114544637806e-08 
-1.7043860127942234e-08 
-2.0686420812864507e-08 
-1.6618433079663071e-08 
-2.0139034678349188e-08 
-1.59707933846936e-08 
-1.9090050153911641e-08 
-1.5098116178419382e-08 
-1.7817188411939277e-08 
-1.4722049297896273e-08 
-1.7541223511894084e-08 
-1.4610366871574007e-08 
-1.7557965694896621e-08 
-1.4382895367246052e-08 
-1.7083799605360996e-08 
-1.3381320013558445e-08 
-1.4317720131797067e-08 
1.1987812921331095e-08 
1.5919697675520967e-08 
-1.4254745770963414e-08 
-1.6558571109921787e-08 
-1.2904904985126525e-08 
1.4528556169313189e-08 
1.2583097027859207e-08 
-1.5067190250699001e-08 
1.3130774514521529e-08 
1.4774548929019698e-08 
1.212994514878257e-08 
1.3830129749662978e-08 
1.1818894370866461e-08 
1.3526426747971099e-08 
1.2218359359787332e-08 
1.4066874804089671e-08 
1.115920844399921e-08 
1.2338702790387529e-08 
1.1664962462024451e-08 
1.3071945084393694e-08 
1.0360865617587811e-08 
1.229850230348812e-08 
1.1818272019033508e-08 
1.230664328404014e-08 
1.0213992725777655e-08 
1.2220562665546411e-08 
1.0013883164841797e-08 
9.5526217954910581e-09 
1.0039438000202908e-08 
1.2171332396603532e-08 
-1.0590604739388754e-08 
-1.0936390578661031e-08 
-8.7165637910152497e-09 
9.7702248560570653e-09 
1.0511755705951887e-08 
-1.1081948910258745e-08 
-9.5964565225197179e-09 
-1.1475832632280774e-08 
9.6452776357103868e-09 
9.1230456854557277e-09 
-1.0534885369420848e-08 
-9.9321598192264771e-09 
6.3173852576057454e-09 
-1.0427867183584443e-08 
-1.0141384428563456e-08 
8.7201458139619301e-09 
9.4121578198093817e-09 
-8.5619306465040694e-09 
9.0999647729690916e-09 
1.095191956178032e-08 
-2.6575221687148267e-10 
7.4422030770960157e-09 
-1.3976220825270695e-08 
-5.8833385653975643e-09 
3.2685837672662437e-09 
-9.2172065311440337e-09 
9.8095490737962467e-09 
8.1941994508848023e-09 
-6.4724475850438859e-09 
6.7740825799485297e-09 
1.3977584104236967e-08 
-9.4391473853947846e-09 
-4.2718116037408909e-09 
-1.0836849984388839e-08 
1.6597177526139584e-08 
3.2725925023768006e-09 
9.8245587328475235e-10 
1.7696007417579624e-08 
2.7186328450812122e-08 
1.2277671374924855e-08 
-1.4181311095478328e-08 
-3.6621382402001165e-08 
-2.3946489361093853e-08 
-2.3065897051096048e-08 
2.3660555991021118e-09 
5.0646516966694775e-08 
1.0171454776319581e-08 
3.1512168241250387e-08 
1.7090764847778093e-08 
5.176379210822309e-08 
-1.0606087117833765e-08 
-2.3240710561975434e-08 
4.220352557043945e-08 
4.043438056995391e-08 
-2.9693805763599439e-08 
-3.9198508869885376e-09 
5.312075833672452e-08 
3.6102235644202883e-09 
-3.5304547822224003e-08 
3.2692964276723853e-08 
4.4494059901556078e-08 
-3.0021830903220058e-08 
-1.4499143771990097e-08 
6.2234477544232244e-08 
8.9625495729404978e-09 
-4.6356625588561445e-08 
3.8229037980953673e-08 
5.5273432482000472e-08 
-4.3795346956712048e-08 
-1.0012714080115495e-08 
7.4471696481554975e-08 
-8.4264787222926309e-09 
-4.9585633470464509e-08 
5.8513291195752986e-08 
4.838365085069874e-08 
-6.1568877421767394e-08 
3.8157419341330278e-09 
9.0592052035100686e-08 
-3.187391019434929e-08 
-5.9896486505102037e-08 
8.7655937874831944e-08 
4.1241985188550154e-08 
-8.0827954337361993e-08 
1.5446656444129049e-08 
1.0174208487440955e-07 
-3.5137473653992379e-08 
-7.1973940783212112e-08 
8.3366605238430515e-08 
7.237839585983072e-08 
-8.2767911264328779e-08 
-4.0504535154414806e-08 
1.2011565889158184e-07 
5.181832132520103e-08 
-1.059031443923468e-07 
-4.4791990772382264e-08 
1.3316762436981094e-07 
8.4862087860547405e-08 
-9.4954805319573672e-08 
-9.5536652177780793e-08 
8.6371509118165338e-08 
1.412866418350882e-07 
-1.0306221632565124e-08 
-1.2896354496820167e-07 
-3.2147853230851928e-08 
1.3342796594164065e-07 
9.7974451395495812e-08 
-4.0976116504982024e-08 
-1.193608417862134e-07 
-4.7599310336711486e-08 
1.2018256371090902e-07 
1.1651338178029018e-07 
-1.536347000939397e-08 
-1.1131693915255104e-07 
-4.8396395675408788e-08 
1.0170268357411111e-07 
1.0734674532739019e-07 
3.1266622293419462e-08 
-9.865617814851569e-08 
-9.1802040222626533e-08 
3.0590727603124451e-08 
1.1679439907801625e-07 
7.9152203166791813e-08 
-4.4194194887321018e-08 
-9.7210270013936016e-08 
-4.4330874641444056e-08 
8.7598208255636001e-08 
1.0969962062884817e-07 
4.9831105712848729e-08 
-7.1336157010208505e-08 
-9.2705192329476246e-08 
6.8234890143449725e-09 
1.0162065374528336e-07 
1.1094922730775126e-07 
2.3246399417073494e-08 
-8.0257578586511402e-08 
-9.1280230319615595e-08 
2.4474527737749571e-08 
1.0635852294435362e-07 
-1.1405740258520086e-07 
1.5306823216301711e-08 
8.6498218758425792e-08 
9.2451237952130755e-08 
-3.4658263548441108e-08 
1.1362136021172817e-07 
1.1196737661992039e-07 
-4.3145770838526567e-08 
-9.3173013872395765e-08 
9.803620521006488e-08 
-3.7971885876590755e-08 
-1.2187503626451094e-07 
-1.1526072614751854e-07 
-5.1287748597765903e-08 
-1.0081217828680896e-07 
-1.0637678608350225e-07 
-3.485424671384564e-08 
-1.3029060762110551e-07 
-1.240100529855044e-07 
-4.7069679599578814e-08 
-1.0716007491414229e-07 
-1.1781110028259957e-07 
-2.2947505601768942e-08 
-1.3406975301823219e-07 
-1.3867782900787493e-07 
-2.8796251352236205e-08 
-1.0667490730960526e-07 
-1.3232464738727173e-07 
2.1893428320479869e-09 
-1.2846797570057597e-07 
1.5329224189473186e-07 
7.0341739393909855e-09 
9.3235636235843438e-08 
1.4444108717976783e-07 
-4.3607403206513171e-08 
1.0429531824750881e-07 
-1.5578604417148194e-07 
-5.4336513996564543e-08 
-5.5716350541150847e-08 
-1.4408474889375086e-07 
8.9244756884962571e-08 
-4.8171460289762682e-08 
1.3800650506628867e-07 
9.1592616499943146e-08 
-1.5660876044223164e-08 
1.1618044975384282e-07 
-1.0953918633720301e-07 
-2.6899283969912827e-08 
-8.4467180401376451e-08 
1.0468281562309454e-07 
7.4435843547208025e-08 
3.6216105405621171e-08 
1.000449349328948e-07 
-6.8152681342257158e-08 
-2.6526406360837709e-08 
-7.5256493317358745e-08 
8.2540647472318225e-08 
3.6652879116090394e-08 
3.5918058575163836e-08 
-7.7874974028277572e-08 
-5.9529136205090572e-08 
2.2212360396387593e-08 
5.219327519938179e-08 
5.0730816686331858e-08 
-4.8959599240834599e-08 
-8.6341535048970737e-09 
-5.5221314406942431e-08 
4.7551667642935142e-08 
-3.9700425212972662e-08 
1.7783217976788616e-09 
-4.1564077221952003e-08 
3.2998098420839241e-08 
3.236955209592042e-08 
2.4234873593661577e-08 
-3.9403901320542127e-08 
3.8292385284945454e-08 
3.3571910960722281e-08 
-3.7069742533250044e-09 
-2.8061486629477715e-08 
2.5827120606648212e-08 
2.3655263744340585e-08 
2.2525415161823121e-08 
-3.1737878101417376e-08 
3.5244843469730011e-08 
-3.5368235714123097e-08 
-2.7953811397617034e-08 
-1.4962178845750575e-08 
2.2741255720589603e-08 
-2.2568008315075918e-08 
-6.1112454332648389e-09 
-2.7355042438767774e-08 
2.9807933500581318e-08 
-3.0403368141521103e-08 
4.9964413278810919e-08 
-1.0611858486031901e-08 
-2.1144031351207114e-08 
-1.7104448252715419e-08 
2.2185416974660801e-08 
4.8559670272057553e-09 
-1.9910367270671323e-08 
2.3085599116087705e-08 
-3.0262031734288577e-08 
-3.6440023150614553e-08 
-8.6732338980991946e-09 
1.6306522623282558e-08 
-2.9552220525354427e-08 
3.2014700371920186e-08 
-3.9523423727125522e-08 
-1.9248689516384186e-08 
