311
-1.0080889242037804e-07 
-2.1449145084336871e-07 
-5.1060663991277711e-09 
-5.0154287625655324e-08 
2.5098331621093652e-08 
-7.6823444957530839e-09 
3.1846709769591084e-08 
7.6441015614424744e-09 
2.8018637784532584e-08 
8.6298355709271334e-09 
2.1388223933849749e-08 
7.422970051358904e-09 
1.6567779054197227e-08 
6.1469478334390603e-09 
1.348853739195218e-08 
6.223025186761073e-09 
1.2043113674534489e-08 
6.7966130613362831e-09 
-1.1463540565923193e-08 
-7.050361777954849e-09 
-1.0625791170667292e-08 
-7.1090611643262444e-09 
-9.8538871779603836e-09 
-6.8318428306551215e-09 
-9.0257266636478487e-09 
-6.5215569907929899e-09 
-8.4709731462657518e-09 
-6.3615945365156325e-09 
-8.1809431421846982e-09 
-6.4111617507894907e-09 
-7.8563825490657124e-09 
-6.3174733257419044e-09 
-7.1515713900371323e-09 
-5.3631256724699942e-09 
6.3454641118139347e-09 
5.9922772470399009e-09 
-7.4229432684057395e-09 
-6.2363764818154414e-09 
-6.6159842354057806e-09 
5.5039447826323601e-09 
6.3901259135706111e-09 
-5.7389513290124033e-09 
6.5803947335987134e-09 
5.6480968361289452e-09 
6.0071187333422834e-09 
5.3098246752533787e-09 
5.8093180465365035e-09 
5.2050595172788501e-09 
5.9786442906348051e-09 
5.4503059156568125e-09 
5.4263761175123971e-09 
4.7780027509038196e-09 
5.6318041776454853e-09 
5.0687124122547113e-09 
4.945330408927494e-09 
4.7796068695361648e-09 
5.6192440959383949e-09 
4.775077830513594e-09 
4.821032188762194e-09 
4.7441414510363859e-09 
4.688234722371643e-09 
3.7214491179250861e-09 
4.6932231672046621e-09 
4.6473013793192575e-09 
-4.9060474523779586e-09 
-4.4501922155391025e-09 
-3.9411672742471957e-09 
3.4649805725362781e-09 
5.0865731525062529e-09 
-4.5598232512565956e-09 
-3.9781068926461545e-09 
-4.3882225555793506e-09 
4.8903162155974948e-09 
3.0118628746599329e-09 
-4.6259819951631826e-09 
-4.8589876291398889e-09 
2.4000395941091619e-09 
-3.2167061762111584e-09 
-4.9853093265427682e-09 
4.285092413290768e-09 
4.3104100224288809e-09 
-7.5134017336068174e-10 
5.3864146484523269e-09 
1.3535243919666841e-08 
1.0472930144565101e-08 
-1.0104685761957824e-08 
-1.8482341762768511e-08 
-7.1707215514834606e-09 
-9.6827104949041324e-09 
-4.5344866994303338e-09 
5.4780806392506535e-09 
4.7890513622461672e-09 
-6.1782431034333841e-09 
-1.7368226435122522e-08 
2.2898701219920666e-08 
-6.6872383604339722e-08 
-5.7831782841146943e-08 
7.0400399474281527e-08 
6.2568334342007858e-08 
5.2694202992404487e-08 
7.3149721649589286e-08 
-6.9712557458754465e-08 
1.5918227576941653e-07 
-8.697456166139606e-08 
-1.9954739895588718e-07 
3.5196773255369658e-08 
-1.8150010599430687e-07 
-1.2431134226547508e-08 
1.9170820535216262e-07 
7.4692898089484736e-08 
1.7735845041873527e-07 
1.1352929015786618e-07 
-1.4862515810306801e-07 
1.662992482611352e-07 
9.4187107752838065e-08 
-1.7835994697938754e-07 
-2.7511294440844331e-08 
2.3859269807668784e-07 
-3.236019778267819e-08 
-1.7489275298115493e-07 
1.2090885426146392e-07 
1.6059592941583775e-07 
-1.7310679414040321e-07 
-8.1800274421867161e-08 
2.0551728621296455e-07 
3.213105404607559e-09 
-2.1696464095546161e-07 
9.2031685544307722e-08 
1.8807975096383974e-07 
-1.6433460380897039e-07 
-8.5444470901377064e-08 
2.2127715846141291e-07 
-3.5485579707128872e-08 
-2.081125813480007e-07 
1.4916088610177252e-07 
1.409050556046525e-07 
-2.0706536798010877e-07 
-2.4158531312584153e-08 
2.3427046540406977e-07 
-8.167699506276528e-08 
-1.8658134345579552e-07 
1.8013357215184839e-07 
7.9886446541015211e-08 
-2.3501670591741247e-07 
6.2277701601207678e-08 
2.2764685784635091e-07 
-1.491566983111177e-07 
-1.5360428511132952e-07 
2.1865211454017523e-07 
7.1661285108405921e-08 
-2.4497984207155599e-07 
1.618040430507176e-08 
2.5061904054105787e-07 
-7.0771506685825426e-08 
-2.3239442201140083e-07 
1.1744053584299556e-07 
2.3087022816162223e-07 
-1.2094526231329075e-07 
-2.3005243959264521e-07 
1.1782897511406224e-07 
2.5587144726993339e-07 
-5.8969027552335046e-08 
-2.5838000292532465e-07 
-7.3627067732183099e-09 
2.6346244830799716e-07 
1.1115103486207323e-07 
-2.1405635978559746e-07 
-1.8745819031521633e-07 
1.341557455046679e-07 
2.4114840709029409e-07 
2.2535684624691817e-08 
-2.4048582900973655e-07 
-1.8698561112318892e-07 
1.2698706063441431e-07 
2.3884313795525621e-07 
4.7345206838235396e-08 
-2.0841577424806935e-07 
-1.7018211882259902e-07 
1.0995602420288243e-07 
2.2272163210398734e-07 
1.0271200259120394e-07 
-1.7974605212216394e-07 
-2.0603528880129872e-07 
-9.8858328052109993e-09 
2.0150129152399022e-07 
1.6563361334779492e-07 
-8.0894303663130233e-08 
-2.0026939100145702e-07 
-1.1820229440317916e-07 
1.4416804018104565e-07 
1.990188392680091e-07 
7.6558671749707037e-08 
-1.5150943117464039e-07 
-1.7741637806662658e-07 
7.4876523949224468e-09 
1.8378775077233372e-07 
1.8323738698720402e-07 
-4.1119853406833268e-09 
-1.653476415695098e-07 
-1.4842213589772662e-07 
6.4822937450874004e-08 
1.7935995776314949e-07 
-1.4693928619680749e-07 
8.1478460648285293e-08 
1.6526189875991967e-07 
1.1796336796388749e-07 
-9.4098571906980414e-08 
1.7427454235392115e-07 
1.0438711121798601e-07 
-1.1860299087194962e-07 
-1.6266050104577908e-07 
9.7330198958167576e-08 
-1.0342342213476102e-07 
-1.6984959872668312e-07 
-8.4962788088349417e-08 
-1.2494425203980147e-07 
-1.6083351444191282e-07 
-8.6525287082247704e-08 
-1.0189371861744388e-07 
-1.6787160343432964e-07 
-8.2221696852660663e-08 
-1.1869319539194268e-07 
-1.5928863112524743e-07 
-8.6263706887657272e-08 
-9.1098163258616293e-08 
-1.6585219186323004e-07 
-9.4259961452738001e-08 
-1.0155005443926627e-07 
-1.5539553481365027e-07 
-9.5906449387239799e-08 
-6.8089901843662306e-08 
-1.6134109295712606e-07 
1.1440629654306559e-07 
-6.8955093795673215e-08 
1.4498551768949627e-07 
1.1150062715088006e-07 
2.7874007047659005e-08 
1.4737334867512941e-07 
-1.31081026398123e-07 
2.1789564381111286e-08 
-1.1953431821563641e-07 
-1.252972858706633e-07 
2.4445254582980478e-08 
-1.1207600442671338e-07 
1.3695896953759508e-07 
2.5036693781327916e-08 
6.2894749729475426e-08 
1.3153462553290171e-07 
-6.3983627869087656e-08 
5.0850107411581263e-08 
-1.244182833072627e-07 
6.0341299601124959e-08 
4.4255179483713463e-09 
9.9296315324483336e-08 
8.9794623483064796e-08 
1.0256862260673891e-09 
4.8291047820142295e-08 
-1.0292144975828234e-07 
3.8095540216269605e-08 
-3.3905099863700134e-08 
9.3402033360350122e-08 
-3.9560170072659412e-08 
-5.8600315082183754e-09 
-5.8466724024824016e-08 
7.8030400042854652e-08 
-1.1028368370219005e-09 
1.1943285172000135e-08 
-7.5420369365568155e-08 
-4.6034894882940031e-08 
-1.6102682168234375e-08 
2.3830477754622145e-08 
7.195033920477108e-08 
-1.7987326082503308e-08 
-2.5319884626213096e-08 
-3.4071069127708236e-08 
6.6520748892035652e-08 
-4.5857132656368561e-09 
-2.8754083536340747e-08 
-3.9295668962225448e-08 
5.101079142532734e-08 
5.1959407755656919e-09 
-3.3317629790571119e-08 
-4.4571768668709817e-08 
5.1797178679311147e-08 
6.8746844771182692e-09 
-3.1996595278953511e-08 
3.7394628282251487e-08 
4.3211943000905202e-08 
1.0576812494146011e-08 
-3.3733116609043959e-08 
3.5690858751896019e-08 
-5.7752086137162044e-08 
3.8469095818961925e-09 
-3.0902999028558436e-08 
3.1102175499041844e-08 
-5.1004936575484394e-08 
3.1248669850130288e-09 
3.1548056983972119e-08 
3.0971738896011427e-08 
-5.6646705645110999e-08 
3.2896284405955208e-08 
2.6228152208282395e-08 
-2.611254074872179e-08 
5.1980425475385707e-08 
6.8768659503259986e-08 
1.5514440308655011e-09 
-2.2103381294889715e-08 
4.5074920153737022e-08 
-5.4300095044570606e-08 
7.9275422727654912e-08 
1.3971354834108887e-08 
