311
-1.2051157645571933e-07 
-2.4728116702153912e-07 
1.3491941485720592e-08 
-6.0019853938773789e-08 
3.4731851831502147e-08 
-1.5714732809889831e-08 
3.7026779492021968e-08 
2.1155892382271642e-09 
3.0465951978195606e-08 
4.594643740759202e-09 
2.233848665842212e-08 
4.5723312854570813e-09 
1.6790766221948281e-08 
4.163470806755293e-09 
1.3252102375797037e-08 
4.7906611284840339e-09 
1.1507540457878714e-08 
5.7690106899841294e-09 
-1.0704096190304398e-08 
-6.2795178603809727e-09 
-9.6779936504115169e-09 
-6.5384263988606851e-09 
-8.8115700777770269e-09 
-6.4119734325201678e-09 
-7.9334789100475588e-09 
-6.2455951282507236e-09 
-7.3132864833781615e-09 
-6.1521928499079254e-09 
-6.9745362243518794e-09 
-6.2643376017241943e-09 
-6.6104144873690471e-09 
-6.2331525827827791e-09 
-5.9425245642850639e-09 
-5.3292876033387234e-09 
5.2410606688496618e-09 
5.9779861179834594e-09 
-6.0771785603096461e-09 
-6.2450490658906257e-09 
-5.3765575426794867e-09 
5.5304238607405118e-09 
5.1629013799965953e-09 
-5.7855010028693475e-09 
5.2801765048756391e-09 
5.7072566997246268e-09 
4.7895525358730901e-09 
5.3804848937740761e-09 
4.6104974230891778e-09 
5.2781849384376185e-09 
4.7346377204450346e-09 
5.5348099358269966e-09 
4.2804317182300106e-09 
4.85698011565396e-09 
4.4279472984405327e-09 
5.1626953894214743e-09 
3.8583399347436741e-09 
4.8723505862617963e-09 
4.3894507249870031e-09 
4.8754818042191683e-09 
3.7354366663939011e-09 
4.8531479488753848e-09 
3.6320624195712351e-09 
3.7937510222408203e-09 
3.6263832586788913e-09 
4.7687426141786543e-09 
-3.780149474798789e-09 
-4.5409438358491121e-09 
-2.9868832631790263e-09 
3.5772251222121083e-09 
3.9851786370332826e-09 
-4.6728407531282502e-09 
-2.9117885070627326e-09 
-4.469702304137492e-09 
3.8637599647304715e-09 
3.1716121636979197e-09 
-3.5026560072391195e-09 
-4.9330967911667298e-09 
1.6742743607178855e-09 
-3.2756941276297291e-09 
-3.8584105661467466e-09 
4.4793772137515892e-09 
3.4181613239481903e-09 
-6.8884449210851659e-10 
4.2180321173242842e-09 
1.4592617601633757e-08 
1.0720085154475273e-08 
-1.1933475923615578e-08 
-1.7675677179688714e-08 
-8.6594919520625604e-09 
-1.0850155263091136e-08 
-4.2355077589057119e-09 
3.9207037127946699e-09 
4.9270509371136276e-09 
-7.1946692277713025e-09 
-2.0023588893577162e-08 
1.8174422643844331e-08 
-7.8740373496242159e-08 
-5.480301838072066e-08 
8.7605704395121119e-08 
6.034002677926888e-08 
6.6534146103631416e-08 
7.5532679391255324e-08 
-9.1638581154608851e-08 
1.6626905290412725e-07 
-1.2049838550476135e-07 
-2.1481672672794845e-07 
6.5783597394687769e-08 
-1.9854306056321567e-07 
9.9366653558880932e-09 
2.1892319767405019e-07 
5.6911286370765509e-08 
2.0665761142594694e-07 
1.0500858901207012e-07 
-1.844166450152559e-07 
1.6626228226131988e-07 
1.2415744812138835e-07 
-1.8951092008600938e-07 
-5.8053447350367043e-08 
2.627513312882243e-07 
-1.3631929380283478e-08 
-2.0100049841405175e-07 
1.1436619255220088e-07 
1.9423713615841886e-07 
-1.7953429424581897e-07 
-1.1248228549312054e-07 
2.2193695691173913e-07 
2.6830428474566051e-08 
-2.472047231916767e-07 
7.8872058528758628e-08 
2.2264925353258884e-07 
-1.6563473471685838e-07 
-1.1953425961984262e-07 
2.3902138102557681e-07 
-1.6837526362331329e-08 
-2.3898923240194976e-07 
1.4489258059264215e-07 
1.7489354367017899e-07 
-2.2089595586037336e-07 
-5.095176760310432e-08 
2.5961068225538013e-07 
-6.8072378321490849e-08 
-2.2143135936697295e-07 
1.8156833937267421e-07 
1.0869719442417848e-07 
-2.5419022822469207e-07 
4.4535280243960839e-08 
2.5858132216869557e-07 
-1.4782853713792286e-07 
-1.8570012876476791e-07 
2.2813668356550441e-07 
9.8968399043434838e-08 
-2.6739089981224789e-07 
-3.8896635709086128e-09 
2.7706914762897459e-07 
-5.836273677830345e-08 
-2.6348325500204784e-07 
1.0967817597992561e-07 
2.6007803262959333e-07 
-1.1573017938544807e-07 
-2.6063697723284806e-07 
1.1113805564694738e-07 
2.8355778268103967e-07 
-4.8769355705469438e-08 
-2.8524637239353554e-07 
-2.3437549223705537e-08 
2.8393127733551849e-07 
1.3282222555188778e-07 
-2.2948243090615422e-07 
-2.1300051898579033e-07 
1.3721926109597598e-07 
2.6764017007394806e-07 
3.0479137310697811e-08 
-2.6359968300960326e-07 
-2.1037325445114602e-07 
1.3487767124052024e-07 
2.6228849713783799e-07 
5.3770857892691454e-08 
-2.307328107170625e-07 
-1.885453580285101e-07 
1.201610821571114e-07 
2.4548701531171006e-07 
1.0928142127017933e-07 
-2.0060358015102211e-07 
-2.2727220299004553e-07 
-6.8239246186815958e-09 
2.2259569479021789e-07 
1.7713447009888934e-07 
-9.7354461261231397e-08 
-2.1911536708799677e-07 
-1.2320479181464763e-07 
1.6402566164190238e-07 
2.1644665202805671e-07 
7.1472460670595753e-08 
-1.7274786750760358e-07 
-1.8817303883335382e-07 
2.032513698796192e-08 
2.0111769994983001e-07 
1.9261254523967954e-07 
-2.0662435650774238e-08 
-1.8333900127492818e-07 
-1.4946036821515738e-07 
8.3478506785919464e-08 
1.9068143584520571e-07 
-1.4323218915422688e-07 
1.0200363051673863e-07 
1.7841338526023133e-07 
1.1008536206648966e-07 
-1.1309400653303997e-07 
1.7993858858531575e-07 
9.0376394462078365e-08 
-1.3600582464684471e-07 
-1.7082610362000289e-07 
8.3163162476958727e-08 
-1.205537982588113e-07 
-1.7028030759439668e-07 
-6.6113537490223475e-08 
-1.3891386401755924e-07 
-1.641196951329293e-07 
-6.838582129719669e-08 
-1.1709467440943828e-07 
-1.6372727827351324e-07 
-6.1050935163361604e-08 
-1.3057297903230318e-07 
-1.5847183658039077e-07 
-6.5675891021049629e-08 
-1.0537959630244599e-07 
-1.5856158554593488e-07 
-7.1666298003186111e-08 
-1.1340674027004817e-07 
-1.5204966554858419e-07 
-7.362827545469321e-08 
-8.3254356801078266e-08 
-1.5291091444632052e-07 
9.1065282923378309e-08 
-8.3376611281978947e-08 
1.4153523856213381e-07 
8.8378355413759928e-08 
4.6275727771774493e-08 
1.4109260597340555e-07 
-1.0840774107612121e-07 
4.0700511085898559e-08 
-1.2033223974617148e-07 
-1.0312714592685341e-07 
1.8907722455716989e-09 
-1.1359084242564491e-07 
1.1747556987870655e-07 
2.3764943142625518e-09 
7.398816897614945e-08 
1.1531307915151634e-07 
-4.0160103507083719e-08 
6.332274605385885e-08 
-1.146108550177103e-07 
3.6786836963581747e-08 
-1.5232144250832542e-08 
9.8900632687312162e-08 
6.9119115764827836e-08 
1.9533118711387448e-08 
5.9942338835219091e-08 
-8.8161180527732399e-08 
1.729549754332349e-08 
-4.7690892990434956e-08 
8.8542340754051906e-08 
-1.9799137002090045e-08 
1.2033908496122142e-08 
-6.6172844848462762e-08 
6.3775331699946586e-08 
-1.8063639250946348e-08 
2.7630525092055016e-08 
-7.6136735722472961e-08 
-2.9548883344195747e-08 
-3.0790377002290917e-08 
3.7201939439464213e-08 
6.7129479358935752e-08 
-1.7218628332482531e-09 
-3.8155855777444966e-08 
-4.5696559801243223e-08 
5.881617944836839e-08 
1.0033612877317902e-08 
-4.0624839728395329e-08 
-4.8575113666550617e-08 
4.1768511764088557e-08 
1.9123726158498911e-08 
-4.4111975624493152e-08 
-5.3491649112197578e-08 
4.2426028804955806e-08 
1.9677706326996604e-08 
-4.2569340713431034e-08 
4.6336714085306258e-08 
3.5417476579383286e-08 
2.3150823403569397e-08 
-4.3747021416823965e-08 
4.5249479705670084e-08 
-5.2693013849829706e-08 
1.6406608186815456e-08 
-4.0407297587201386e-08 
4.1170043480345828e-08 
-4.8402782818585713e-08 
-9.3032776079698784e-09 
4.1922803362095756e-08 
4.0672569758490398e-08 
-6.0639316594770666e-08 
2.1536719026422997e-08 
3.5791839206806137e-08 
-3.5972809362098938e-08 
5.7686727256884805e-08 
5.9428610701615969e-08 
1.8594068675867741e-08 
-3.7389049705432686e-08 
5.3594852587765668e-08 
-6.3727254377255009e-08 
6.4447289809276319e-08 
4.4540689027974042e-08 
