170
-8.3078431199847643e-08 
-3.632046678684639e-07 
-2.4571596418451562e-07 
-3.3113194849002989e-07 
-2.5152199564305678e-07 
-3.7984729860569393e-07 
-2.5470166939652248e-07 
-3.7849667714129438e-07 
-2.7760883853311897e-07 
-3.6384269732119579e-07 
-2.9998688596635131e-07 
-3.4932812096150233e-07 
-2.9743842902736389e-07 
-3.3623244268481121e-07 
-2.9639292274037152e-07 
-3.292054832660082e-07 
-2.8534402917706482e-07 
-3.0133564642743649e-07 
2.7121620291753203e-07 
2.6686062446162786e-07 
2.4732121967233896e-07 
2.3705219809587021e-07 
2.1782858283534533e-07 
2.0357524779072341e-07 
1.8993727500475424e-07 
1.6885294148131338e-07 
1.7034017788827891e-07 
1.4425178775286544e-07 
1.5126288123775999e-07 
1.2330822436189451e-07 
1.2859828146707674e-07 
1.0049361089575538e-07 
1.051723356702835e-07 
6.9597346444152958e-08 
-8.3966473892559401e-08 
-6.2189919364134316e-08 
8.2345631914425469e-08 
4.4509638483290083e-08 
5.86547662264437e-08 
-2.6265754600308144e-08 
-4.567477918952152e-08 
1.3449480670041104e-08 
-3.1536135413533474e-08 
5.2269377849686835e-09 
-1.33756603055169e-08 
1.8353138713999104e-08 
7.2143970417122642e-10 
2.9513986665103576e-08 
1.0095668199186187e-08 
4.1771592264451304e-08 
2.0989311948212131e-08 
4.7095699327796775e-08 
3.6502834077303098e-08 
6.3807309041959742e-08 
4.6315665380017049e-08 
6.9654943514138387e-08 
6.6458321653900222e-08 
8.0306252530939818e-08 
6.8836496035726759e-08 
8.7198193742861152e-08 
7.1536583285786915e-08 
6.2760623647605377e-08 
6.8179629757331731e-08 
7.7343464766283439e-08 
-6.7531505676414111e-08 
-5.9077689628402777e-08 
-5.7955405509931137e-08 
5.9949253730970105e-08 
6.3911366689450567e-08 
-5.7989014592260513e-08 
-7.2524975326456568e-08 
-6.8958771281148015e-08 
6.6443535966190396e-08 
5.5440516644493259e-08 
-7.0041934996390993e-08 
-4.715026272050335e-08 
6.7765542397350414e-08 
-5.3329093251225016e-08 
-5.8245895045225657e-08 
3.9003113877378877e-08 
5.3753091517343111e-08 
-2.3095064345402155e-08 
4.6130487833024184e-08 
1.0260813501438631e-08 
-1.2901258316285041e-08 
-2.7829835580740547e-09 
-2.9622195520755216e-08 
1.6083830649270308e-08 
-2.8326835629796017e-09 
2.1367156307209796e-08 
6.4869765675844861e-10 
-3.4465876922908788e-08 
3.2370496851958825e-08 
-6.7482956010379299e-08 
-1.6833777734915767e-08 
5.1443497189994753e-08 
-7.8056643040942804e-08 
6.2536625753707931e-08 
-3.9085254161111428e-08 
-1.0323754816744846e-07 
1.1265240932706781e-07 
-8.1698042618824842e-08 
-5.1689955137107023e-08 
1.0351322480783257e-07 
-1.3919302307292265e-07 
5.0382064204199733e-08 
7.1052562832989982e-08 
-1.2722104545833654e-07 
1.141587345760916e-07 
-7.6387517276825968e-09 
-5.9881361029467116e-08 
9.7778704184180422e-08 
-4.9569073401950828e-08 
6.4985693726540295e-08 
-2.940713070947234e-08 
-1.3293740348092337e-08 
6.3689244687696647e-08 
1.3564873429220989e-07 
1.4418891825880725e-08 
6.9499179739905282e-08 
1.6712673369274539e-07 
1.1269765443221428e-07 
4.509624457118489e-08 
1.3135972623865576e-07 
1.9384990791474432e-07 
8.6340803217305143e-08 
7.218775007222379e-08 
1.8734924453320221e-07 
1.338662538532173e-07 
-1.8944656703100818e-09 
9.9364109830805345e-08 
1.0754274988807647e-07 
-3.4487260081682285e-08 
-1.0728148832417089e-07 
3.3793279564859415e-08 
-7.9992358781562708e-08 
-1.7228091635531838e-07 
-3.6463307483896882e-08 
-6.3112818349826591e-09 
-1.8659419837563972e-07 
-1.1824302723270066e-07 
1.0016214502022875e-07 
-4.0136088901573933e-08 
-1.5275194636166613e-07 
7.3023437544919325e-08 
1.5880370594321532e-07 
-6.1752837617890337e-09 
1.009813794267095e-07 
2.6706978991297022e-07 
6.2188508481207706e-08 
-1.6611376633497522e-07 
3.8983992882794113e-08 
2.0527497075236504e-07 
-2.769056794650184e-08 
-1.3586305417960425e-07 
3.1868164875540851e-08 
6.1737987594394517e-08 
2.6972771009935233e-07 
3.2736452861438226e-08 
3.9551066878623156e-07 
5.1680179193737474e-07 
2.8474828390337681e-07 
-1.3044511820106559e-08 
2.7347350792931827e-07 
4.3820722221985866e-07 
5.6350017397503622e-07 
1.5980331652259548e-07 
-4.6754692085153135e-07 
4.0569977142097268e-07 
5.3263940243137502e-07 
