170
-9.8950943061261705e-06 
1.57695993130271e-06 
-1.5995459638642225e-06 
1.7543101465490631e-06 
-1.0163883747621995e-06 
-5.557511271277639e-07 
1.7438690977282944e-06 
-2.978956863459546e-06 
2.5342379722966164e-06 
-2.3849698951369248e-06 
1.3605908808353271e-06 
-1.4245599995344934e-06 
1.1412441443191788e-06 
-1.9544613406013528e-06 
1.9683426560846114e-06 
-2.5846165534492976e-06 
2.1173970701236164e-06 
-2.2005946757829723e-06 
-1.6536754301797135e-06 
1.801039277222061e-06 
-1.5557354469135774e-06 
1.930337160779915e-06 
-1.7513948606081286e-06 
1.9631246382903168e-06 
-1.6491025803287371e-06 
1.626038742501465e-06 
-1.3571552964936609e-06 
1.3881377722441862e-06 
-1.275639412281693e-06 
1.5027153823880338e-06 
-1.460934993302431e-06 
1.6207619722144079e-06 
-1.4423063317340374e-06 
1.3570973478152043e-06 
1.2700131165032835e-06 
-1.4668546004833989e-06 
-1.5296871922221762e-06 
1.579398585965667e-06 
-1.5026073838029438e-06 
-1.4940612225073886e-06 
1.5662732120487126e-06 
1.5238142064775114e-06 
1.5764472715434886e-06 
-1.3280271518323443e-06 
1.3588563063845133e-06 
-1.1868809526815083e-06 
1.3257607535173664e-06 
-1.0738287788115617e-06 
1.258072654807817e-06 
-9.0366170140072283e-07 
9.6648876055328115e-07 
-5.9368780843160326e-07 
8.140349640118259e-07 
-4.1676305023437903e-07 
5.5053191239864864e-07 
-2.5817675695826805e-07 
4.7923716621129908e-07 
-1.1898547629163087e-07 
2.7682464091454789e-07 
2.1364856080070131e-08 
1.2191743690706602e-07 
8.6353970630761246e-08 
4.5426130966660477e-08 
1.2483458153240278e-07 
-6.6588948236952337e-09 
-5.3643014900699542e-08 
-3.2112087042285322e-08 
-2.9722172616934907e-09 
6.1923392480653952e-08 
8.5799031402046497e-08 
-1.5480771457812343e-07 
2.3388152879446818e-07 
2.6644488135478051e-07 
-3.277283702571988e-07 
-3.7121299478467323e-07 
4.1243930062015544e-07 
4.3252961539375825e-07 
5.2393772618385891e-07 
-5.0049243911506785e-07 
-4.8987552751606416e-07 
5.7352328160032047e-07 
5.9668558342198339e-07 
6.2436117631228865e-07 
-5.5679814171477525e-07 
-4.0446171133584303e-07 
-4.9023130469506553e-07 
-6.0338013640851707e-07 
4.4743238072328734e-07 
5.0331521622112488e-07 
4.3392986751978125e-07 
3.7530905607269163e-07 
-4.8856603534941041e-07 
-5.8794596491970678e-07 
-5.132574408695976e-07 
3.8248955470422182e-07 
2.4589923319588777e-07 
3.8731803793908137e-07 
4.8665365317220545e-07 
3.4502861695516662e-07 
-2.5545679343025451e-07 
-3.2533706155189819e-07 
-5.7376953029416536e-07 
4.0029399210820139e-07 
4.5033913997682396e-08 
1.0000465506626128e-07 
6.5744184315247324e-07 
-5.7303160219364722e-07 
-2.145819936437401e-07 
-8.1657051322503508e-08 
-5.4470284508689838e-07 
8.4986470359352464e-07 
4.4240049083400116e-07 
1.6211940175471101e-07 
-3.2660491046820312e-07 
8.9932013173152368e-07 
-5.9756009156462726e-07 
1.9419224532959191e-07 
1.092478474401825e-08 
6.1496954195373791e-07 
-6.0665523892680693e-07 
3.0916258886346604e-07 
2.651099421062323e-07 
7.6019122004220957e-08 
-4.4241022455659834e-07 
4.8978198828315903e-07 
1.1682275064284638e-07 
-1.6258323684341379e-07 
-2.1401439130971282e-07 
7.6769385413039333e-07 
-3.7156162834586558e-07 
4.1261978357494354e-08 
-9.4081970575120924e-08 
5.9540158969341748e-07 
-1.0353803029506088e-06 
4.6060849795972316e-07 
-1.2595529453498813e-07 
8.7108223417530945e-08 
-7.0585664378984525e-07 
8.7610886117390881e-07 
-3.9518872042833757e-07 
5.9031708616739454e-08 
-2.9767540180343198e-07 
1.0855011368093261e-06 
-1.0877932880104083e-06 
4.4031907431912352e-07 
-1.118300426911036e-07 
4.6534658126163297e-07 
-8.7513315198560423e-07 
7.2070908532479665e-07 
2.912204150863745e-07 
-3.9560382670617034e-07 
-3.5273771481580447e-07 
7.9555002299180605e-07 
3.113138687310081e-08 
-5.286641153120144e-07 
-1.375954689012774e-07 
7.2876064670991015e-07 
-2.5200750668526299e-07 
-1.4963781337014846e-07 
-1.9390648663150179e-07 
1.3919721471046588e-06 
-6.0726212906359189e-07 
2.3800882691235535e-08 
-6.2745077617801655e-07 
1.7615611135694906e-06 
-1.2022153864155734e-06 
8.5683063573130575e-07 
-7.6864947840352443e-07 
7.3870103593161126e-07 
-5.8034968974377594e-07 
