170
-1.1469273219241515e-07 
-4.7107474457366365e-07 
-2.6277184000105638e-07 
-3.0902374658300836e-07 
-2.71979514921515e-07 
-3.6760016184821756e-07 
-2.3135707853025347e-07 
-3.8759176224694052e-07 
-2.4208959543475674e-07 
-3.4967434497736926e-07 
-2.8541108981646691e-07 
-3.1512507670351208e-07 
-2.8355719881854371e-07 
-3.1635364743028431e-07 
-2.6983118280787845e-07 
-3.203722234485847e-07 
-2.5921102565422566e-07 
-2.8355547528453671e-07 
2.5396800632246116e-07 
2.4523240847682971e-07 
2.301714000638913e-07 
2.2159573800169642e-07 
1.9655267012511658e-07 
1.936216731635147e-07 
1.7102858167138309e-07 
1.5725373634347121e-07 
1.5698411189908564e-07 
1.3067845973305413e-07 
1.404135459452682e-07 
1.141604992090516e-07 
1.1473111081317447e-07 
9.5503653063209852e-08 
9.4241840797692014e-08 
6.6273174374898407e-08 
-7.6564340956100667e-08 
-5.8083843452094543e-08 
7.5515256559002451e-08 
4.2399508131651411e-08 
5.3116980068108833e-08 
-2.8370845468108229e-08 
-4.0393604062423599e-08 
1.6967728230195837e-08 
-2.8561643736376497e-08 
2.832729248998703e-09 
-1.366634415826958e-08 
1.3453376277361899e-08 
2.0821610308575353e-09 
2.3430846450977014e-08 
9.9145916061820537e-09 
3.5498095509324735e-08 
1.9462953959049083e-08 
4.10056293398287e-08 
3.3671308239842782e-08 
5.725501683000158e-08 
4.2384634836746196e-08 
6.2376214982258936e-08 
6.1856211374973683e-08 
7.2645305467087684e-08 
6.4604494456821524e-08 
8.0719092789024689e-08 
6.6503643950956293e-08 
5.8024491569272287e-08 
6.2768952895426265e-08 
7.1786666181067598e-08 
-6.2696175481460972e-08 
-5.3655924385663435e-08 
-5.4262381463894209e-08 
5.5097400198911489e-08 
5.9494370176990216e-08 
-5.1827286447031581e-08 
-6.7320294824857775e-08 
-6.3067778947704608e-08 
6.2659755527426536e-08 
5.0429840766243981e-08 
-6.6394287701917265e-08 
-4.1307274492108151e-08 
6.536021341951946e-08 
-4.7946683024504823e-08 
-5.4682162490103922e-08 
3.5964357210418834e-08 
5.0897410735750057e-08 
-1.8808056588473496e-08 
4.587838716841479e-08 
8.5673147097286392e-09 
-9.8945483869519904e-09 
-8.1088244420746067e-09 
-3.2284781110703567e-08 
1.5061321248325802e-08 
-6.0097375593016572e-09 
2.356534603626661e-08 
3.1760564055455617e-10 
-3.4663426330760828e-08 
3.1502736186644235e-08 
-7.3350907797771218e-08 
-1.0264619254154253e-08 
4.3307436469523947e-08 
-9.3351344068482922e-08 
7.2878368164615477e-08 
-2.4729408970328645e-08 
-9.9128045430910029e-08 
1.3031062248614698e-07 
-9.1099852155416908e-08 
-1.94024945075746e-08 
9.8505169100051557e-08 
-1.8059282820978901e-07 
5.1449545186354565e-08 
3.7864058573310041e-08 
-1.4022387278988815e-07 
1.515905235013558e-07 
8.166643847174817e-09 
-2.9992570646834696e-08 
1.2966328266953333e-07 
-7.7203567889708689e-08 
9.5133424385680503e-08 
-1.6057313318874116e-08 
-5.387566105918159e-08 
5.9118751563495939e-08 
1.7603699202460445e-07 
2.1484605536819555e-09 
2.7761759701765113e-08 
1.8325995132231943e-07 
1.344275934254917e-07 
3.7354712984173832e-09 
1.0722555654693505e-07 
2.2512696970493128e-07 
8.1138587020524925e-08 
2.799261366806237e-08 
2.0045355062518021e-07 
1.6683933376292993e-07 
-4.1132922793755101e-08 
7.6084124686901866e-08 
1.4446120334529995e-07 
-4.3382349021642625e-08 
-1.6148169263917311e-07 
4.8628673045482423e-08 
-5.590611016867378e-08 
-2.17732823120348e-07 
-5.0340367343808887e-08 
4.0158589202759121e-08 
-2.0384650328638352e-07 
-1.7022215277277984e-07 
1.3237065415908237e-07 
1.3687773685268246e-09 
-2.0817361193319665e-07 
5.0266422187303539e-08 
2.026540700122685e-07 
-1.4438960448136545e-08 
5.1301858590391797e-08 
2.9034788633151494e-07 
8.5531180867428407e-08 
-2.3261905360266961e-07 
-2.9132391511059395e-08 
2.4622988489290714e-07 
-8.2103497554376655e-10 
-1.8867351390763452e-07 
-3.3673105424964824e-08 
7.4371546596480013e-08 
2.9196340522538799e-07 
-1.6924944109198088e-08 
3.2743433490512709e-07 
5.536286314500596e-07 
2.742079760516565e-07 
-9.5330942728142195e-08 
1.6286109483768392e-07 
4.0442165630105413e-07 
6.1368931324461478e-07 
1.3970072210552062e-07 
-5.9492992479219639e-07 
3.3753884317135114e-07 
6.1329297486275996e-07 
