170
-8.7168678938931073e-08 
-3.7628325018374041e-07 
-2.4858578239184642e-07 
-3.3104059438514526e-07 
-2.5364321194648932e-07 
-3.7982049406647924e-07 
-2.5297017951936644e-07 
-3.7948099470011875e-07 
-2.7455805896729679e-07 
-3.6251740599937622e-07 
-2.9831870085299419e-07 
-3.46228624536335e-07 
-2.9569626911486169e-07 
-3.3433801216290381e-07 
-2.9376538655228487e-07 
-3.2821115503804237e-07 
-2.8279303169069903e-07 
-2.9952286512140316e-07 
2.692871146360236e-07 
2.6472785690025686e-07 
2.4534129595968429e-07 
2.3539802250494448e-07 
2.1554089388608137e-07 
2.0240109783868326e-07 
1.8788723653071559e-07 
1.6759446172354369e-07 
1.6874366480707411e-07 
1.4287774293816745e-07 
1.4989671701694221e-07 
1.2233775798799584e-07 
1.2700848056066552e-07 
9.9915819037122223e-08 
1.0394851397301944e-07 
6.9253101952924017e-08 
-8.3108591527582656e-08 
-6.1820894610362102e-08 
8.1523241573649817e-08 
4.4364755262992658e-08 
5.8056211701262063e-08 
-2.6539001172081967e-08 
-4.5184937405525732e-08 
1.3908545173480667e-08 
-3.1277506790181352e-08 
4.8292419165358905e-09 
-1.3443761867869828e-08 
1.7719039237259551e-08 
7.7697925039853656e-10 
2.8785577282014956e-08 
9.9681944285023587e-09 
4.0974130263002772e-08 
2.0752863884769565e-08 
4.6307764200167283e-08 
3.6157651016396139e-08 
6.295351983969633e-08 
4.587613440239745e-08 
6.8739599565485462e-08 
6.5942553730247185e-08 
7.9387090690753466e-08 
6.839672280330692e-08 
8.6407790082796022e-08 
7.1051509589771636e-08 
6.2141233392261803e-08 
6.7642924821247538e-08 
7.66169231879494e-08 
-6.708231908380099e-08 
-5.8364337592069119e-08 
-5.7570293891481368e-08 
5.9347873221322257e-08 
6.3497776591668354e-08 
-5.7168868036524522e-08 
-7.1998193467889028e-08 
-6.8275064161107812e-08 
6.6054458937775915e-08 
5.4832849009440586e-08 
-6.9677431641290455e-08 
-4.6441514204005335e-08 
6.7551199485237277e-08 
-5.272869685268276e-08 
-5.7844119271303051e-08 
3.8647346413250904e-08 
5.3434196670450325e-08 
-2.2527596141038558e-08 
4.6110941148710656e-08 
9.9974266427090477e-09 
-1.2464816126791073e-08 
-3.49076342552829e-09 
-2.9978204694969296e-08 
1.6143228774070662e-08 
-3.3359525182389936e-09 
2.1769332880779413e-08 
5.7329071028527448e-10 
-3.4670225424405052e-08 
3.2523763775495934e-08 
-6.8473234406963354e-08 
-1.6073596595386935e-08 
5.0973039394490704e-08 
-8.0368744483583783e-08 
6.3739474234305061e-08 
-3.7446286597860764e-08 
-1.0355187033748435e-07 
1.1526414803414064e-07 
-8.2808796895835569e-08 
-4.814521777924386e-08 
1.0404711913206509e-07 
-1.445987614567119e-07 
5.020446969338009e-08 
6.763473942252243e-08 
-1.2993768695042884e-07 
1.1881878923464507e-07 
-5.4686917102924522e-09 
-5.7091849701814721e-08 
1.024836409311344e-07 
-5.268909149607398e-08 
6.8911965251165936e-08 
-2.8581120825371348e-08 
-1.8501332181757492e-08 
6.3771591412577595e-08 
1.4072636182395913e-07 
1.2263351014024326e-08 
6.4593707740997867e-08 
1.6975640037897257e-07 
1.1500936231261821e-07 
3.9716574760618898e-08 
1.2904426724701777e-07 
1.9812488498058838e-07 
8.5263447533118521e-08 
6.7041907790681055e-08 
1.8982174753668955e-07 
1.3785194784713147e-07 
-7.3494842635553129e-09 
9.7128861892472183e-08 
1.123147804439925e-07 
-3.6535217043432669e-08 
-1.1452775031044431e-07 
3.5741640238538647e-08 
-7.7982108805650687e-08 
-1.7909711259616271e-07 
-3.803445658662331e-08 
-7.0907417775619641e-10 
-1.9025889025489692e-07 
-1.2516249569107387e-07 
1.0488105173259101e-07 
-3.5540415821545027e-08 
-1.6085442744560353e-07 
7.0408522695232168e-08 
1.6464921490510435e-07 
-7.9547811227919266e-09 
9.4993978268526077e-08 
2.7100266063124113e-07 
6.4442293435620912e-08 
-1.7612518355828818e-07 
2.9755947368084912e-08 
2.1106051895555919e-07 
-2.5038427134891429e-08 
-1.4373795056780305e-07 
2.2579652001121587e-08 
6.2738561166880604e-08 
2.7280581510778302e-07 
2.6086988547262975e-08 
3.8675738361997956e-07 
5.2269967253006556e-07 
2.8299134509650223e-07 
-2.5129505840549838e-08 
2.5817990451530379e-07 
4.3357168661708141e-07 
5.7143068815529532e-07 
1.5714418817012401e-07 
-4.872392090344375e-07 
3.9608208988331644e-07 
5.4578067029581271e-07 
