369
3.2473674343393305e-10 
2.5328587244110613e-09 
2.2417462087645296e-09 
1.3773467217651965e-09 
7.1557293346187284e-10 
1.782734008891627e-10 
-9.0440056761628171e-11 
-2.5986123140533795e-10 
-2.1240963679459915e-10 
-2.4822547061155604e-10 
-1.7983160654788458e-10 
-2.0321676389372969e-10 
-1.4802890276629361e-10 
-1.8168287205797811e-10 
-1.5250703920448603e-10 
-1.8658176317820343e-10 
-1.5494522389869669e-10 
-1.8250956662571746e-10 
1.5081818934620992e-10 
1.6788504588974623e-10 
1.4232024302457049e-10 
1.6691233035736884e-10 
1.4120808299476858e-10 
1.5983050850784683e-10 
1.3683714235054682e-10 
1.4768207962756238e-10 
1.2758684328898133e-10 
1.4176594682545205e-10 
1.2570863743550592e-10 
1.4372763218576872e-10 
1.2930850784431074e-10 
1.4507507601654812e-10 
1.2379124679639825e-10 
1.2631391852775444e-10 
-1.1289563376871564e-10 
-1.3872979995394306e-10 
1.3434485887673183e-10 
1.4598065741281817e-10 
1.1963981960719903e-10 
-1.2836694164011393e-10 
-1.2302663155809696e-10 
1.3451642549653699e-10 
-1.2547059189719852e-10 
-1.3519166129385348e-10 
-1.1682477121492963e-10 
-1.2119272594115789e-10 
-1.1208241125758993e-10 
-1.2114605290243397e-10 
-1.1446187760980218e-10 
-1.24199966514806e-10 
-1.1598210565501217e-10 
-1.1635290462766036e-10 
-1.0090636475306014e-10 
-1.1307660010109874e-10 
-1.1093438624723081e-10 
-1.0659304999636134e-10 
-1.0337241606714798e-10 
-1.11715595016615e-10 
-1.097630325729363e-10 
-1.2115296332345983e-10 
-8.1558042900019043e-11 
-1.7459329096969453e-11 
-1.1975776444430586e-10 
-2.1664213699568589e-10 
-4.4732916673361615e-12 
-1.8466401351871314e-10 
4.4243054982355892e-10 
-5.2188706041822167e-10 
5.3245324925648504e-10 
-1.94431450133072e-10 
8.3562191718549814e-10 
8.8483463097751445e-12 
5.1255181152539462e-10 
-8.7627412742372862e-10 
-3.4174902992680807e-10 
-1.1839818398139667e-09 
-1.5598590530658059e-09 
8.4186001286373844e-10 
-9.3503144358559741e-10 
7.4468499102700393e-10 
1.3154883178384351e-10 
3.0152503618247379e-09 
1.5088194579660717e-09 
1.0097457914276343e-08 
1.3434475475456693e-08 
-1.3147653680863436e-08 
-1.4749878501104631e-08 
-3.8608765424112012e-09 
-1.3392172944296737e-08 
-2.047984616583762e-09 
2.7660976482086716e-09 
1.2631860325984065e-09 
-2.3769639231353066e-09 
-2.0909908845572736e-08 
1.9536677096073016e-08 
-6.4497387074216139e-08 
-6.1040595743710264e-08 
7.3603038879078645e-08 
5.881936736120562e-08 
4.9299942311680344e-08 
7.698127817920039e-08 
-7.3133948924140773e-08 
1.555498005869527e-07 
-8.4169273382955006e-08 
-2.0354213429545607e-07 
3.8205032775482513e-08 
-1.7792330593230893e-07 
-1.6696648978608492e-08 
1.9565604029888119e-07 
7.2022513660180605e-08 
1.7355338161978409e-07 
1.185545906515656e-07 
-1.5189807779757865e-07 
1.6381575549636104e-07 
9.0010937633962492e-08 
-1.8336785513591335e-07 
-3.0603559000530285e-08 
2.3639384536301049e-07 
-3.7599946685292557e-08 
-1.7922226579230411e-07 
1.1788568340142272e-07 
1.5759167198628561e-07 
-1.7876989846396479e-07 
-8.4728510569598648e-08 
2.0237626336136304e-07 
-1.3395979100516183e-09 
-2.2141095400038743e-07 
8.9478699789653675e-08 
1.8442872745254443e-07 
-1.6992437748143738e-07 
-8.8330282005980742e-08 
2.1891521993073367e-07 
-4.1329242903520638e-08 
-2.119305105739227e-07 
1.4690268289375318e-07 
1.3725298793513821e-07 
-2.1314565313389109e-07 
-2.6081774367375016e-08 
2.3170038932055218e-07 
-8.8025142936462403e-08 
-1.9016665552669166e-07 
1.7902128243633525e-07 
7.4432544524019119e-08 
-2.409179610428888e-07 
6.0696150276642077e-08 
2.2596120753313805e-07 
-1.5688387760048981e-07 
-1.5643166335434512e-07 
2.1742767968431705e-07 
6.6635167857607794e-08 
-2.5195219168052944e-07 
1.4791864684491484e-08 
2.4934226678683484e-07 
-7.8101352426655219e-08 
-2.3793869581817679e-07 
1.1640306513852557e-07 
2.2894195331664532e-07 
-1.283796181596424e-07 
-2.3570763845123885e-07 
1.157991284326105e-07 
2.544439349956773e-07 
-6.5836424103562176e-08 
-2.6465185152501344e-07 
-1.0283851790856328e-08 
2.6200940690067286e-07 
1.066922997432221e-07 
-2.2222884054138955e-07 
-1.9090358924985507e-07 
1.3162646610158716e-07 
2.4056173226520884e-07 
1.4692860206657761e-08 
-2.4660477970315828e-07 
-1.9157680556019673e-07 
1.2563095876128209e-07 
2.3798936596227022e-07 
4.0464797441243778e-08 
-2.1641473890126563e-07 
-1.7337263577164331e-07 
1.0774264099709921e-07 
2.2303436131986894e-07 
9.612389486581493e-08 
-1.8690841958691218e-07 
-2.1140154547491776e-07 
-1.2322645422115663e-08 
2.0110014391790592e-07 
1.6301818591715231e-07 
-9.0044818565004564e-08 
-2.0408618072728399e-07 
-1.2264088206029632e-07 
1.4436296128839817e-07 
1.9865582791383635e-07 
7.0400547075902087e-08 
-1.5940947529445136e-07 
-1.8064477345134311e-07 
4.8462570628459628e-09 
1.8530066404675362e-07 
1.8130680715346248e-07 
-1.1732977421052504e-08 
-1.7175477165458802e-07 
-1.5127122557248323e-07 
6.3481890593865768e-08 
1.8046190576184072e-07 
-1.4199491961184935e-07 
8.8482000613599784e-08 
1.7067331638346321e-07 
1.1998666066163214e-07 
-9.3896814473448719e-08 
1.7467883221470832e-07 
9.7240410852418734e-08 
-1.2421992752179089e-07 
-1.6748893092833735e-07 
9.8174643550326828e-08 
-1.0378818222245071e-07 
-1.6970911744523803e-07 
-7.7046041418200154e-08 
-1.2996812107612479e-07 
-1.6514104464613344e-07 
-8.6249479051856599e-08 
-1.0266948509234495e-07 
-1.6696632215157355e-07 
-7.423058410697965e-08 
-1.2353532547717949e-07 
-1.6308752652475016e-07 
-8.489704935435335e-08 
-9.2099042798725788e-08 
-1.6464430571273153e-07 
-8.6506054416572568e-08 
-1.0640384875113051e-07 
-1.5872802200382265e-07 
-9.3981855720894817e-08 
-6.959325342543733e-08 
-1.6022914604144111e-07 
1.0748106164182209e-07 
-7.4442366759372042e-08 
1.4860906888844099e-07 
1.0899270121076688e-07 
3.0410492871311079e-08 
1.4721608728072793e-07 
-1.2490693671444468e-07 
2.8060733239728687e-08 
-1.2397461797137549e-07 
-1.2277548922936497e-07 
2.0825950871475474e-08 
-1.1372748347241792e-07 
1.3227675718304573e-07 
1.8643063543534726e-08 
6.9119129142251643e-08 
1.3084374313083459e-07 
-5.9798673918820601e-08 
5.5266295370246358e-08 
-1.2278740165029631e-07 
5.4560349710321481e-08 
-2.4814589967701673e-09 
1.0257106142168763e-07 
8.6988972328771752e-08 
7.188512981863181e-09 
5.2855609839212661e-08 
-1.0080606008351556e-07 
3.1644576541432116e-08 
-3.9729651919969615e-08 
9.5372105234111607e-08 
-3.3727136357308929e-08 
3.290380544299657e-10 
-6.4029415217926589e-08 
7.5801020522830145e-08 
-7.1766216677577898e-09 
1.8562958369350108e-08 
-7.7984239053229826e-08 
-4.0927641177317436e-08 
-2.31304641351833e-08 
3.0656830915461635e-08 
7.483850924498749e-08 
-1.2683538380134789e-08 
-3.1621868216620114e-08 
-4.0296683181898494e-08 
6.4511872941951844e-08 
2.6119338695679629e-09 
-3.654339756332299e-08 
-4.7333896818478036e-08 
5.2185970628180133e-08 
1.1152481959057259e-08 
-3.9045028649634227e-08 
-4.9433334334336825e-08 
4.5804100412955399e-08 
1.5210651297438734e-08 
-4.0002746691815506e-08 
4.5748319006500382e-08 
4.6695183549629658e-08 
1.6314362325806071e-08 
-4.0006573054618625e-08 
4.1891176317062502e-08 
-5.1848378941224166e-08 
1.3340189352997748e-08 
-3.9594149519153159e-08 
3.9373904947449982e-08 
-5.6481013125095764e-08 
-1.8921466149988013e-09 
3.847882881257183e-08 
3.8219912111841535e-08 
-5.7171925710735866e-08 
2.3422649674056261e-08 
3.5517333435936978e-08 
-3.6513993165779812e-08 
5.2025123935451038e-08 
5.1806359154050768e-08 
1.5591084343723188e-08 
-3.2697086836074305e-08 
4.8753452598097804e-08 
-5.2018725945803467e-08 
4.3443655334003853e-08 
1.6650141436809626e-08 
-4.5751111780126433e-08 
-4.7857754941419753e-08 
5.7082332767497018e-08 
-2.9852376180025268e-08 
-3.2541869329982069e-08 
4.290971813761573e-08 
-5.4491687280864007e-08 
5.5001696334630048e-08 
-2.7857190006259928e-08 
-2.0261525520696323e-08 
4.8829052058014911e-08 
5.0273093965425749e-08 
-4.5409295144254963e-08 
3.2782185701041761e-08 
1.4234200833607716e-08 
-4.0160223424220204e-08 
4.1477756074192096e-08 
-3.6967838760647927e-08 
2.3177195352439155e-08 
-7.7053679235806429e-09 
-2.932456188711527e-08 
3.1498918784855875e-08 
-2.2939801933112044e-08 
1.9793777960515771e-08 
-9.2462877588191636e-09 
-8.9191478508332144e-09 
2.3163228418459621e-08 
1.7593525260483638e-08 
-1.0528711140962735e-08 
9.6912640574014297e-09 
-2.8681950071937033e-09 
-1.1262867027348084e-08 
1.2357531410113057e-08 
-8.3689365219529648e-09 
4.5403376320480496e-09 
-3.8787490977077318e-09 
5.5693326960284293e-10 
8.417771456051581e-09 
-7.7037482791913137e-09 
3.9644285526353537e-09 
-1.6617816848413621e-10 
6.7944609398040099e-10 
2.5633240873322755e-09 
-2.2410064570639264e-09 
8.4172667121398855e-09 
-4.4800075215888731e-10 
-2.3534353857126419e-09 
3.6093547023528623e-09 
-3.7501684472685111e-09 
4.3821410896376689e-09 
-9.624591266480288e-09 
3.2843730785893005e-09 
9.1487439417197831e-09 
-6.8163749676796158e-09 
6.7477591576212282e-09 
7.2997532909334908e-09 
-2.600556148863647e-08 
3.1906035236364977e-08 
