369
8.9947200166076098e-11 
2.590904281280226e-09 
2.4732228498778204e-09 
1.2339669599006983e-09 
8.1271356568194738e-10 
3.1386003104982972e-11 
-2.0726549940880498e-13 
-3.5231254158645537e-10 
-1.1625153121822785e-10 
-3.0276575850779157e-10 
-9.040530817293721e-11 
-2.4199330403351002e-10 
-6.8521794722340938e-11 
-2.1047099816228763e-10 
-8.2080927683806277e-11 
-2.0823125944584993e-10 
-9.1962099623954022e-11 
-1.985643495135782e-10 
9.3076397147924642e-11 
1.787079857257628e-10 
8.8831932385387889e-11 
1.7483379278965771e-10 
9.2480088267184197e-11 
1.6445412257628117e-10 
9.2851009142618102e-11 
1.5013075966942492e-10 
8.5400514275598508e-11 
1.4229287756052923e-10 
8.5393862664855951e-11 
1.4218231854108221e-10 
9.1104181190124728e-11 
1.4195442563562637e-10 
8.9351689582906506e-11 
1.2272368578438815e-10 
-8.2232328104034127e-11 
-1.3364075379797054e-10 
9.9181522724003829e-11 
1.3916854329846681e-10 
8.8239552187166943e-11 
-1.2168692189999502e-10 
-9.3697870137316061e-11 
1.2630862651727078e-10 
-9.4899560450701772e-11 
-1.2667871594344735e-10 
-8.9847952960385525e-11 
-1.1239020541167904e-10 
-8.5669276511108847e-11 
-1.1263403517810623e-10 
-8.8256790445641729e-11 
-1.1297302117125065e-10 
-9.2730960067093186e-11 
-1.0887781116784856e-10 
-7.521857720864646e-11 
-1.0095840547844332e-10 
-9.3187132162507117e-11 
-9.6942732549531085e-11 
-7.5836326873972609e-11 
-1.02965521209041e-10 
-9.2988852347185646e-11 
-1.0623171012419306e-10 
-6.3147962176335619e-11 
-1.6751031637000995e-11 
-9.4543668766838422e-11 
-1.9832122221128921e-10 
-8.8127504680664997e-12 
-1.826230793118181e-10 
3.8570733203582322e-10 
-4.9890106126569756e-10 
4.9683403843488757e-10 
-2.0843944459825713e-10 
7.7222887918293488e-10 
2.8784305406243424e-11 
5.2739713410834584e-10 
-8.0770574462303349e-10 
-2.4547224823148529e-10 
-1.1664680964883551e-09 
-1.3421450732688256e-09 
8.7419987901973847e-10 
-7.8863139865465135e-10 
8.5550596892302688e-10 
2.4370083512458808e-10 
3.1881199750616803e-09 
1.3090459774369691e-09 
1.1093753798549928e-08 
1.2997614997932632e-08 
-1.5059764012341741e-08 
-1.4884384754922848e-08 
-5.3068669363586417e-09 
-1.3712247774338374e-08 
-1.6016861815906137e-09 
1.9168734837998878e-09 
1.3605894816161444e-09 
-4.3538442525132514e-09 
-2.3617694984513858e-08 
1.5607245965532381e-08 
-7.6246283899747117e-08 
-5.7214502784810397e-08 
9.0824583109285597e-08 
5.7446477102041067e-08 
6.2976351533899607e-08 
7.8375942311147787e-08 
-9.5065338912300257e-08 
1.6347684676314603e-07 
-1.1745242121931895e-07 
-2.1791132773610069e-07 
6.884787396987014e-08 
-1.959052902093794e-07 
5.6102962490197136e-09 
2.2188234842032069e-07 
5.4188403040495621e-08 
2.0387842664013367e-07 
1.1002063948245922e-07 
-1.8672756964243095e-07 
1.6373882895976659e-07 
1.2104208155016675e-07 
-1.944660690796032e-07 
-6.0201135745391307e-08 
2.603668049156821e-07 
-1.7770838531295416e-08 
-2.0541628772269388e-07 
1.1228516186658399e-07 
1.9104320490340651e-07 
-1.8408609859267788e-07 
-1.1555606965350994e-07 
2.1973976384599684e-07 
2.2270603249947955e-08 
-2.5055560828164003e-07 
7.630528256267304e-08 
2.2003095407226675e-07 
-1.7106947186632417e-07 
-1.2141648906318549e-07 
2.3655489912643488e-07 
-2.1563571769866435e-08 
-2.4291700525571379e-07 
1.4352525378667804e-07 
1.7110565764889849e-07 
-2.2586078171844814e-07 
-5.3005988897332756e-08 
2.5804141085416839e-07 
-7.4185621029368963e-08 
-2.2399135707888284e-07 
1.8039906822211759e-07 
1.0440721834890891e-07 
-2.59978663151683e-07 
4.3758942615126129e-08 
2.5668286086596105e-07 
-1.5432436587688972e-07 
-1.8869411073159796e-07 
2.2774051773844274e-07 
9.409328443401708e-08 
-2.7313472909606885e-07 
-5.3926854445995542e-09 
2.7668219103102133e-07 
-6.5210644992457036e-08 
-2.6782539923138528e-07 
1.0854703181218592e-07 
2.5906812386354254e-07 
-1.2258569090588273e-07 
-2.6504774273567016e-07 
1.0912452336329431e-07 
2.8296928826264947e-07 
-5.5110337361550243e-08 
-2.9021300093497628e-07 
-2.6226085083478694e-08 
2.8329142993265462e-07 
1.2856753451629852e-07 
-2.3625836853668022e-07 
-2.164214965457118e-07 
1.3554754341712601e-07 
2.6677965358332546e-07 
2.3996371191230434e-08 
-2.6941677795331197e-07 
-2.1396198710290979e-07 
1.336295064919994e-07 
2.6217503179157247e-07 
4.7596962328023641e-08 
-2.3738304835231522e-07 
-1.9162503070023933e-07 
1.1866106978130354e-07 
2.4559084546762403e-07 
1.0393865210895436e-07 
-2.070915383064538e-07 
-2.3172396602939003e-07 
-8.9785003319114585e-09 
2.2270328917833227e-07 
1.7487010576583456e-07 
-1.0507196520335274e-07 
-2.2270646137038807e-07 
-1.269291828865147e-07 
1.6429274689570823e-07 
2.165044452842238e-07 
6.6300452301337096e-08 
-1.795842835323201e-07 
-1.9114235005268937e-07 
1.8217224477914113e-08 
2.0268960986116416e-07 
1.9120707586849725e-07 
-2.710277197002064e-08 
-1.8905761879681407e-07 
-1.5197850337288022e-07 
8.2492687543273088e-08 
1.9204316237662089e-07 
-1.3918334978770759e-07 
1.0799959032395155e-07 
1.8343016006029937e-07 
1.1180054398730358e-07 
-1.1310024358174805e-07 
1.808408388215108e-07 
8.4364762594343496e-08 
-1.4085294307266249e-07 
-1.7550730341524787e-07 
8.3807748152301571e-08 
-1.2099740774556581e-07 
-1.7091912647082163e-07 
-5.9371471723543568e-08 
-1.4325916647021977e-07 
-1.6846184989645607e-07 
-6.8036196746300862e-08 
-1.1785646935022983e-07 
-1.6379697739712564e-07 
-5.4250551883804421e-08 
-1.3474662333783675e-07 
-1.6250207843342967e-07 
-6.4389514817630905e-08 
-1.0625076108274052e-07 
-1.5848901076976297e-07 
-6.5128551871015864e-08 
-1.1750305403799794e-07 
-1.5573563969923655e-07 
-7.2069940507446497e-08 
-8.4501747275847694e-08 
-1.5302505174397785e-07 
8.5489836684732932e-08 
-8.7935335712389249e-08 
1.4562375579077627e-07 
8.655981053763815e-08 
4.8238184514498722e-08 
1.4219525978303736e-07 
-1.0372198174761755e-07 
4.5724068772688033e-08 
-1.2506006818013579e-07 
-1.0161953646535784e-07 
-6.2112565988636235e-10 
-1.1605961061725297e-07 
1.1445330425198598e-07 
-2.365202946425706e-09 
7.9796957098295169e-08 
1.1573892574664462e-07 
-3.7543036931448091e-08 
6.7581637450899814e-08 
-1.1439425880808923e-07 
3.30958670292896e-08 
-2.0790717738737277e-08 
1.0248042125738246e-07 
6.8152656693229377e-08 
2.4619812534568284e-08 
6.4096649391718968e-08 
-8.8145358535408204e-08 
1.2775734844979959e-08 
-5.2580554503849458e-08 
9.1472779928760596e-08 
-1.5794336548835888e-08 
1.674075415377799e-08 
-7.172098608373589e-08 
6.3763103433258719e-08 
-2.2517523169352416e-08 
3.2763314971814897e-08 
-7.9309251272668703e-08 
-2.6487966130978532e-08 
-3.6420628281901558e-08 
4.2922908976856592e-08 
7.1603620278909019e-08 
1.2613263077196572e-09 
-4.3294764433333449e-08 
-5.0738786736777143e-08 
5.8626143989122785e-08 
1.5377139162854281e-08 
-4.7133553589476139e-08 
-5.615245048100952e-08 
4.5173926780008277e-08 
2.2849522336735813e-08 
-4.8712302724767583e-08 
-5.742815781103816e-08 
3.9013311588510997e-08 
2.5994516880284268e-08 
-4.9095380808871697e-08 
5.3863062312517521e-08 
4.1704123900316829e-08 
2.6339476627678494e-08 
-4.8558517301900628e-08 
5.0124097527269745e-08 
-4.9189727527680477e-08 
2.2693836181334754e-08 
-4.7789812987605324e-08 
4.736943764893932e-08 
-5.689489322052294e-08 
-1.0272819723503914e-08 
4.6268639649281012e-08 
4.5920146954159656e-08 
-6.1010695247913939e-08 
1.7411978772598058e-08 
4.3096059177957969e-08 
-4.3870587435816233e-08 
5.7489484412569699e-08 
5.1100325290694622e-08 
2.3039425441940719e-08 
-3.9805823244215182e-08 
5.4448922013860743e-08 
-5.7079065885163812e-08 
4.0873259033705695e-08 
2.3534858219465522e-08 
-5.1470795923303535e-08 
-5.3211588218739583e-08 
5.9068530526121168e-08 
-2.5787067641717507e-08 
-3.8608624405247724e-08 
4.8224435505929251e-08 
-5.7535801261197531e-08 
5.6547785955212937e-08 
-2.375895962652108e-08 
-2.6068590575995376e-08 
5.225032696870686e-08 
5.2498272534687965e-08 
-4.440110313017134e-08 
2.9682800805030675e-08 
1.95951031097702e-08 
-4.3307203612592022e-08 
4.1010887375274555e-08 
-3.5571502991055987e-08 
1.9502689244566982e-08 
-2.8440113700005369e-09 
-3.2497391631010706e-08 
3.1045802816861781e-08 
-2.0099519039250313e-08 
1.6744568471842191e-08 
-4.9181196889607857e-09 
-1.3584941710649731e-08 
2.291877742404618e-08 
1.5302447275906319e-08 
-6.9063778195027132e-09 
6.1408606618970422e-09 
1.4997567582509095e-09 
-1.5022140869127175e-08 
1.0413804480702457e-08 
-5.5359125946279377e-09 
8.8949603154815534e-10 
-3.4717078966748937e-10 
-3.4439216246500562e-09 
1.2419889642639608e-08 
-6.2031736510121218e-09 
1.1623549544442251e-09 
3.5279471213136265e-09 
-2.7245496984109496e-09 
6.673324386458694e-09 
-6.1033331219391141e-09 
1.1108358153829135e-08 
2.2824097533428065e-09 
-5.9419623146178944e-09 
7.4729481908222576e-09 
-7.5495849955743635e-09 
8.3616995301258344e-09 
-1.4471757245583471e-08 
3.3729904474108094e-09 
1.4013981921512177e-08 
-1.0989046570332714e-08 
1.1147302628013927e-08 
1.1720444197104733e-08 
-3.4769716969612533e-08 
4.2208533715546862e-08 
