1 1 64 1078500 0.23722628    7.1100    2.5100    7.3700    1.8119    0.6393    1.8773  0.009  0.009  0.026    0.0524    0.0053    0.0000  400.0000 4000.0000
1 2 64 1078500 0.44672657    3.8000    0.2800    3.8500    1.8219    0.1331    1.8463  0.018  0.018  0.251    0.0895    0.0054    0.0000  400.0000 4000.0000
1 4 64 1078500 0.79512567    4.2300    0.3000    4.2900    3.6107    0.2528    3.6589  0.018  0.018  0.264    0.0902    0.0054    0.0000  400.0000 4000.0000
1 8 64 1078500 1.30337079    4.9700    0.3700    5.0400    6.9619    0.5166    7.0529  0.019  0.019  0.259    0.0929    0.0054    0.0000  400.0000 4000.0000
1 16 64 1078500 1.91559633    5.8600    0.4800    5.9400   12.0449    0.9775   12.2178  0.022  0.022  0.273    0.1051    0.0056    0.0000  400.0000 4000.0000
1 32 64 1078500 2.50359712    7.5000    0.6700    7.5900   20.1593    1.7961   20.3964  0.026  0.026  0.298    0.1223    0.0054    0.0000  400.0000 4000.0000
1 64 64 1078500 2.95750708    7.8800    1.0700    8.1700   25.0101    3.3946   25.9303  0.043  0.041  0.315    0.1881    0.0057    0.0000  400.0000 4000.0000
1 128 64 1078500 3.25233645   10.0800    1.6600   10.1600   35.1929    5.7973   35.4803  0.061  0.060  0.369    0.2592    0.0055    0.0000  400.0000 4000.0000
1 256 64 1078500 3.42295082   10.4800    2.5500   10.6000   38.5076    9.3868   38.9580  0.111  0.110  0.456    0.4606    0.0056    0.0000  400.0000 4000.0000
1 512 64 1078500 3.51515152    9.1200    2.1100    9.5200   34.4404    7.9649   35.9227  0.248  0.238  1.074    1.0119    0.0061    0.0000  400.0000 4000.0000
1 1024 64 1078500 3.56313993   10.0000    4.2600   10.1500   38.2740   16.3055   38.8402  0.447  0.440  1.049    1.8049    0.0057    0.0000  400.0000 4000.0000
2 1 64 1078500 0.23722628    5.3800    2.5000    6.3100    1.3713    0.6360    1.6060  0.012  0.010  0.026    0.0638    0.0051    0.0001  400.0000 4000.0000
2 2 64 1078500 0.44672657    2.2800    0.2400    2.8200    1.0952    0.1170    1.3526  0.030  0.025  0.285    0.1387    0.0057    0.0000  400.0000 4000.0000
2 4 64 1078500 0.79512567    2.6200    0.2800    3.0600    2.2395    0.2351    2.6161  0.030  0.025  0.284    0.1361    0.0056    0.0000  400.0000 4000.0000
2 8 64 1078500 1.30337079    3.0200    0.3300    3.6300    4.2304    0.4676    5.0830  0.032  0.026  0.286    0.1430    0.0056    0.0000  400.0000 4000.0000
2 16 64 1078500 1.91559633    3.7100    0.4500    4.4800    7.6255    0.9308    9.2211  0.035  0.029  0.287    0.1570    0.0056    0.0000  400.0000 4000.0000
2 32 64 1078500 2.50359712    5.2700    0.6500    6.1400   14.1714    1.7352   16.5069  0.038  0.032  0.308    0.1676    0.0056    0.0000  400.0000 4000.0000
2 64 64 1078500 2.95750708    6.6700    0.9500    7.5600   21.1681    3.0105   24.0059  0.051  0.044  0.355    0.2189    0.0056    0.0000  400.0000 4000.0000
2 128 64 1078500 3.25233645    7.9900    1.6400    8.7500   27.8989    5.7387   30.5523  0.077  0.070  0.373    0.3235    0.0057    0.0000  400.0000 4000.0000
2 256 64 1078500 3.42295082    9.6100    2.6200   10.6200   35.3361    9.6441   39.0170  0.121  0.110  0.443    0.5011    0.0057    0.0000  400.0000 4000.0000
2 512 64 1078500 3.51515152   12.1600    3.8700   13.4400   45.8831   14.5884   50.7383  0.186  0.169  0.586    0.7631    0.0057    0.0000  400.0000 4000.0000
2 1024 64 1078500 3.56313993   16.0200    5.5300   17.2200   61.2862   21.1465   65.8955  0.279  0.260  0.809    1.1343    0.0059    0.0000  400.0000 4000.0000
4 1 64 1078500 0.23722628    4.3600    1.9700    6.2600    1.1107    0.5009    1.5951  0.015  0.010  0.033    0.0760    0.0059    0.0001  400.0000 4000.0000
4 2 64 1078500 0.44672657    1.5100    0.1800    1.7600    0.7261    0.0876    0.8461  0.046  0.040  0.381    0.2014    0.0058    0.0000  400.0000 4000.0000
4 4 64 1078500 0.79512567    1.7100    0.2000    1.9800    1.4591    0.1696    1.6898  0.046  0.040  0.394    0.2005    0.0058    0.0000  400.0000 4000.0000
4 8 64 1078500 1.30337079    1.9500    0.2300    2.2800    2.7309    0.3231    3.1861  0.049  0.042  0.414    0.2131    0.0058    0.0000  400.0000 4000.0000
4 16 64 1078500 1.91559633    2.4900    0.3600    2.8700    5.1201    0.7394    5.8984  0.052  0.045  0.361    0.2266    0.0059    0.0000  400.0000 4000.0000
4 32 64 1078500 2.50359712    3.4700    0.4300    4.0400    9.3223    1.1532   10.8505  0.057  0.049  0.464    0.2468    0.0059    0.0000  400.0000 4000.0000
4 64 64 1078500 2.95750708    5.2100    0.8000    5.8000   16.5398    2.5563   18.4028  0.065  0.058  0.418    0.2762    0.0059    0.0000  400.0000 4000.0000
4 128 64 1078500 3.25233645    7.2900    1.3800    8.0200   25.4703    4.8288   27.9957  0.084  0.076  0.443    0.3533    0.0058    0.0000  400.0000 4000.0000
4 256 64 1078500 3.42295082   10.6300    2.7600   11.3500   39.0679   10.1387   41.7193  0.110  0.102  0.422    0.4557    0.0060    0.0000  400.0000 4000.0000
4 512 64 1078500 3.51515152   14.3300    4.4600   15.7300   54.0950   16.8331   59.3693  0.158  0.144  0.508    0.6500    0.0059    0.0000  400.0000 4000.0000
4 1024 64 1078500 3.56313993   17.3000    5.8000   19.5900   66.1739   22.1729   74.9643  0.259  0.228  0.771    1.0520    0.0060    0.0000  400.0000 4000.0000
8 1 64 1078500 0.23722628    2.5700    1.4700    4.1900    0.6545    0.3734    1.0682  0.025  0.016  0.045    0.1173    0.0054    0.0001  400.0000 4000.0000
8 2 64 1078500 0.44672657    1.0900    0.1300    1.2300    0.5249    0.0635    0.5905  0.064  0.057  0.526    0.2724    0.0059    0.0000  400.0000 4000.0000
8 4 64 1078500 0.79512567    1.1900    0.1500    1.3400    1.0120    0.1283    1.1400  0.066  0.059  0.521    0.2821    0.0061    0.0000  400.0000 4000.0000
8 8 64 1078500 1.30337079    1.4100    0.1900    1.5600    1.9760    0.2632    2.1837  0.068  0.061  0.508    0.2885    0.0060    0.0000  400.0000 4000.0000
8 16 64 1078500 1.91559633    1.7900    0.2400    2.0000    3.6732    0.4841    4.1195  0.073  0.065  0.552    0.3090    0.0060    0.0000  400.0000 4000.0000
8 32 64 1078500 2.50359712    2.5200    0.1700    2.7600    6.7843    0.4558    7.4098  0.079  0.072  1.173    0.3330    0.0060    0.0000  400.0000 4000.0000
8 64 64 1078500 2.95750708    3.9600    0.6100    4.3600   12.5885    1.9350   13.8364  0.085  0.077  0.552    0.3577    0.0060    0.0000  400.0000 4000.0000
8 128 64 1078500 3.25233645    6.4800    1.0500    7.0400   22.6429    3.6556   24.5712  0.094  0.087  0.585    0.3960    0.0061    0.0000  400.0000 4000.0000
8 256 64 1078500 3.42295082   10.0600    2.7200   10.8500   36.9574    9.9836   39.8641  0.116  0.107  0.428    0.4810    0.0060    0.0000  400.0000 4000.0000
8 512 64 1078500 3.51515152   17.0900    3.5900   18.6800   64.5119   13.5526   70.5147  0.133  0.121  0.631    0.5486    0.0063    0.0000  400.0000 4000.0000
8 1024 64 1078500 3.56313993   21.3300    4.0100   23.4300   81.5912   15.3558   89.6460  0.210  0.191  1.114    0.8568    0.0060    0.0000  400.0000 4000.0000
12 1 64 1078500 0.23722628    3.0200    1.0200    4.2500    0.7688    0.2601    1.0825  0.022  0.015  0.064    0.1020    0.0052    0.0001  400.0000 4000.0000
12 2 64 1078500 0.44672657    0.8000    0.1200    0.8900    0.3837    0.0552    0.4256  0.087  0.079  0.605    0.3673    0.0064    0.0000  400.0000 4000.0000
12 4 64 1078500 0.79512567    0.8900    0.1300    0.9900    0.7598    0.1100    0.8466  0.088  0.079  0.607    0.3708    0.0064    0.0000  400.0000 4000.0000
12 8 64 1078500 1.30337079    1.0600    0.1800    1.1700    1.4799    0.2504    1.6428  0.090  0.081  0.534    0.3803    0.0064    0.0000  400.0000 4000.0000
12 16 64 1078500 1.91559633    1.3900    0.2600    1.5300    2.8502    0.5310    3.1520  0.094  0.085  0.503    0.3942    0.0065    0.0000  400.0000 4000.0000
12 32 64 1078500 2.50359712    1.8700    0.3000    2.0800    5.0332    0.7983    5.5782  0.106  0.096  0.670    0.4437    0.0064    0.0000  400.0000 4000.0000
12 64 64 1078500 2.95750708    2.8000    0.7600    3.0300    8.8765    2.4131    9.6244  0.120  0.111  0.443    0.5021    0.0068    0.0000  400.0000 4000.0000
12 128 64 1078500 3.25233645    5.6600    0.9300    6.6900   19.7543    3.2641   23.3566  0.108  0.091  0.655    0.4521    0.0064    0.0000  400.0000 4000.0000
12 256 64 1078500 3.42295082    7.7300    1.6900    9.0900   28.4159    6.1994   33.3913  0.150  0.128  0.690    0.6218    0.0066    0.0000  400.0000 4000.0000
12 512 64 1078500 3.51515152   16.4700    2.9400   18.4800   62.1538   11.0882   69.7430  0.138  0.123  0.771    0.5697    0.0064    0.0000  400.0000 4000.0000
12 1024 64 1078500 3.56313993   21.9900    6.4600   24.4000   84.1162   24.7008   93.3648  0.203  0.183  0.693    0.8328    0.0065    0.0000  400.0000 4000.0000
18 1 64 1078500 0.23722628    2.3400    1.0300    3.2000    0.5973    0.2635    0.8141  0.028  0.020  0.063    0.1268    0.0052    0.0001  400.0000 4000.0000
18 2 64 1078500 0.44672657    0.5700    0.0900    0.6100    0.2720    0.0416    0.2920  0.123  0.114  0.803    0.5126    0.0072    0.0000  400.0000 4000.0000
18 4 64 1078500 0.79512567    0.6300    0.1200    0.6700    0.5367    0.1003    0.5728  0.124  0.117  0.666    0.5194    0.0073    0.0001  400.0000 4000.0000
18 8 64 1078500 1.30337079    0.7600    0.1400    0.8100    1.0574    0.1902    1.1271  0.126  0.119  0.703    0.5265    0.0070    0.0001  400.0000 4000.0000
18 16 64 1078500 1.91559633    0.9400    0.2200    1.0000    1.9263    0.4427    2.0639  0.139  0.130  0.604    0.5762    0.0071    0.0001  400.0000 4000.0000
18 32 64 1078500 2.50359712    1.3600    0.2800    1.4600    3.6602    0.7614    3.9123  0.146  0.137  0.702    0.6054    0.0072    0.0000  400.0000 4000.0000
18 64 64 1078500 2.95750708    2.1100    0.4500    2.2700    6.7097    1.4299    7.2086  0.159  0.148  0.748    0.6584    0.0070    0.0000  400.0000 4000.0000
18 128 64 1078500 3.25233645    4.0700    0.8300    4.5300   14.2276    2.9128   15.8175  0.150  0.135  0.734    0.6223    0.0072    0.0000  400.0000 4000.0000
18 256 64 1078500 3.42295082    6.2500    1.6700    8.1700   22.9731    6.1560   30.0113  0.186  0.142  0.695    0.7657    0.0071    0.0000  400.0000 4000.0000
18 512 64 1078500 3.51515152   10.3400    2.3300   13.5500   39.0438    8.8021   51.1256  0.219  0.167  0.972    0.8972    0.0070    0.0000  400.0000 4000.0000
18 1024 64 1078500 3.56313993   20.8500    5.3700   23.5200   79.7617   20.5553   89.9836  0.214  0.190  0.832    0.8791    0.0071    0.0001  400.0000 4000.0000
36 1 64 1078500 0.23722628    1.4600    1.1500    1.7900    0.3728    0.2934    0.4567  0.045  0.036  0.057    0.1940    0.0052    0.0001  400.0000 4000.0000
36 2 64 1078500 0.44672657    0.2000    0.0500    0.2100    0.0949    0.0229    0.1015  0.352  0.329  1.457    1.4319    0.0079    0.0001  400.0000 4000.0000
36 4 64 1078500 0.79512567    0.2200    0.0600    0.2400    0.1899    0.0497    0.2053  0.352  0.326  1.345    1.4298    0.0076    0.0001  400.0000 4000.0000
36 8 64 1078500 1.30337079    0.2600    0.0400    0.2900    0.3698    0.0528    0.4042  0.361  0.331  2.529    1.4667    0.0071    0.0001  400.0000 4000.0000
36 16 64 1078500 1.91559633    0.3500    0.0900    0.3700    0.7207    0.1840    0.7703  0.371  0.347  1.452    1.5055    0.0077    0.0001  400.0000 4000.0000
36 32 64 1078500 2.50359712    0.5200    0.1300    0.5600    1.3850    0.3530    1.5142  0.386  0.353  1.514    1.5652    0.0073    0.0001  400.0000 4000.0000
36 64 64 1078500 2.95750708    1.3100    0.2400    1.4600    4.1648    0.7735    4.6398  0.257  0.230  1.382    1.0484    0.0073    0.0001  400.0000 4000.0000
36 128 64 1078500 3.25233645    2.1500    0.3400    2.3900    7.5198    1.1731    8.3373  0.284  0.257  1.823    1.1592    0.0076    0.0002  400.0000 4000.0000
36 256 64 1078500 3.42295082    3.5300    0.7800    4.0600   12.9835    2.8490   14.9330  0.329  0.286  1.501    1.3390    0.0074    0.0003  400.0000 4000.0000
36 512 64 1078500 3.51515152    5.8500    0.7400    6.9600   22.0943    2.7894   26.2872  0.387  0.325  3.066    1.5703    0.0075    0.0002  400.0000 4000.0000
36 1024 64 1078500 3.56313993    9.6200    0.7600   11.5100   36.8059    2.9074   44.0370  0.465  0.388  5.883    1.8817    0.0080    0.0002  400.0000 4000.0000
72 1 64 1078500 0.23722628    1.2100    0.0200    1.5100    0.3091    0.0041    0.3837  0.054  0.043  4.031    0.2334    0.0061    0.0002  400.0000 4000.0000
72 2 64 1078500 0.44672657    0.1700    0.0200    0.1800    0.0808    0.0098    0.0869  0.413  0.385  3.413    1.6777    0.0083    0.0002  400.0000 4000.0000
72 4 64 1078500 0.79512567    0.1800    0.0200    0.2000    0.1543    0.0187    0.1667  0.433  0.401  3.575    1.7572    0.0084    0.0003  400.0000 4000.0000
72 8 64 1078500 1.30337079    0.2200    0.0300    0.2400    0.3101    0.0368    0.3392  0.431  0.394  3.629    1.7487    0.0082    0.0002  400.0000 4000.0000
72 16 64 1078500 1.91559633    0.3000    0.0400    0.3200    0.6077    0.0776    0.6537  0.440  0.409  3.444    1.7837    0.0080    0.0001  400.0000 4000.0000
72 32 64 1078500 2.50359712    0.6800    0.1400    0.7500    1.8373    0.3645    2.0178  0.291  0.265  1.466    1.1887    0.0086    0.0001  400.0000 4000.0000
72 64 64 1078500 2.95750708    1.0900    0.1000    1.2000    3.4689    0.3310    3.7984  0.308  0.281  3.230    1.2581    0.0085    0.0002  400.0000 4000.0000
72 128 64 1078500 3.25233645    1.8400    0.1900    2.0900    6.4209    0.6494    7.2826  0.333  0.294  3.292    1.3572    0.0085    0.0003  400.0000 4000.0000
72 256 64 1078500 3.42295082    3.3300    0.3100    3.8400   12.2567    1.1300   14.1291  0.349  0.303  3.784    1.4197    0.0080    0.0004  400.0000 4000.0000
72 512 64 1078500 3.51515152    6.0800    0.6700    7.0700   22.9656    2.5107   26.6936  0.372  0.320  3.406    1.5149    0.0086    0.0004  400.0000 4000.0000
72 1024 64 1078500 3.56313993   10.8300    1.5400   12.7600   41.4460    5.8805   48.8141  0.413  0.350  2.909    1.6753    0.0081    0.0004  400.0000 4000.0000
1 1 128 1078500 0.24339623    8.5500    2.2900    8.7800    2.2341    0.5990    2.2934  0.030  0.029  0.110    0.1340    0.0053    0.0000  400.0000 4000.0000
1 2 128 1078500 0.47166154    6.8800    0.7300    6.9500    3.4833    0.3680    3.5180  0.038  0.038  0.360    0.1682    0.0055    0.0000  400.0000 4000.0000
1 4 128 1078500 0.88508453    7.2300    0.7400    7.3100    6.8737    0.7078    6.9494  0.038  0.038  0.374    0.1702    0.0054    0.0000  400.0000 4000.0000
1 8 128 1078500 1.57561905    7.8200    0.8400    7.9000   13.2336    1.4183   13.3659  0.040  0.040  0.373    0.1762    0.0054    0.0000  400.0000 4000.0000
1 16 128 1078500 2.58338538    7.4400    0.9300    7.5100   20.6504    2.5667   20.8412  0.051  0.051  0.412    0.2212    0.0054    0.0001  400.0000 4000.0000
1 32 128 1078500 3.79797980    8.0000    1.2000    8.1100   32.6363    4.8825   33.0529  0.065  0.064  0.434    0.2762    0.0055    0.0000  400.0000 4000.0000
1 64 128 1078500 4.96518607    7.4700    1.4100    7.6800   39.8390    7.5348   40.9576  0.106  0.103  0.562    0.4417    0.0054    0.0000  400.0000 4000.0000
1 128 128 1078500 5.86666667    7.1200    1.9800    7.3100   44.8459   12.4562   46.0568  0.189  0.184  0.680    0.7724    0.0055    0.0001  400.0000 4000.0000
1 256 128 1078500 6.45241810    6.9500    2.6400    7.0500   48.1748   18.3115   48.8713  0.352  0.347  0.925    1.4238    0.0057    0.0000  400.0000 4000.0000
1 512 128 1078500 6.79146141    6.0200    3.0700    6.0700   43.8926   22.4099   44.2539  0.772  0.766  1.512    3.1049    0.0056    0.0000  400.0000 4000.0000
1 1024 128 1078500 6.97470489    6.5100    3.2900    6.5600   48.7807   24.6333   49.1227  1.389  1.379  2.751    5.5742    0.0058    0.0001  400.0000 4000.0000
2 1 128 1078500 0.24339623   10.1400    5.2500   11.4700    2.6499    1.3721    2.9967  0.025  0.022  0.048    0.1154    0.0053    0.0001  400.0000 4000.0000
2 2 128 1078500 0.47166154    6.1900    0.7600    6.9900    3.1327    0.3860    3.5377  0.042  0.037  0.343    0.1858    0.0057    0.0001  400.0000 4000.0000
2 4 128 1078500 0.88508453    6.1600    0.7700    7.2200    5.8512    0.7282    6.8596  0.045  0.039  0.363    0.1980    0.0057    0.0001  400.0000 4000.0000
2 8 128 1078500 1.57561905    6.8700    0.8900    7.7900   11.6200    1.4980   13.1831  0.046  0.040  0.353    0.1990    0.0057    0.0001  400.0000 4000.0000
2 16 128 1078500 2.58338538    6.7400    1.0000    8.1200   18.7085    2.7790   22.5323  0.057  0.047  0.381    0.2434    0.0057    0.0001  400.0000 4000.0000
2 32 128 1078500 3.79797980    7.9200    1.2500    8.9800   32.2949    5.0930   36.6341  0.066  0.058  0.416    0.2796    0.0059    0.0001  400.0000 4000.0000
2 64 128 1078500 4.96518607    8.7800    1.8600    9.5800   46.7909    9.8959   51.0901  0.090  0.083  0.428    0.3792    0.0057    0.0001  400.0000 4000.0000
2 128 128 1078500 5.86666667    9.0800    1.4800   10.0100   57.2238    9.3198   63.0515  0.148  0.134  0.909    0.6089    0.0056    0.0001  400.0000 4000.0000
2 256 128 1078500 6.45241810   10.7200    3.8400   11.5600   74.2900   26.6035   80.0818  0.228  0.211  0.637    0.9299    0.0058    0.0001  400.0000 4000.0000
2 512 128 1078500 6.79146141   11.6700    4.6800   12.1700   85.1141   34.1483   88.7749  0.398  0.382  0.992    1.6100    0.0058    0.0001  400.0000 4000.0000
2 1024 128 1078500 6.97470489    9.1600    3.7000    9.5800   68.6083   27.7047   71.7503  0.988  0.944  2.446    3.9696    0.0063    0.0001  400.0000 4000.0000
4 1 128 1078500 0.24339623    9.6000    4.9800   15.4800    2.5095    1.3008    4.0443  0.026  0.016  0.051    0.1215    0.0055    0.0001  400.0000 4000.0000
4 2 128 1078500 0.47166154    4.7800    0.5700    5.4800    2.4233    0.2865    2.7738  0.055  0.048  0.462    0.2359    0.0058    0.0000  400.0000 4000.0000
4 4 128 1078500 0.88508453    5.0300    0.5700    5.8100    4.7777    0.5413    5.5257  0.055  0.048  0.489    0.2390    0.0057    0.0000  400.0000 4000.0000
4 8 128 1078500 1.57561905    5.5400    0.6600    6.3300    9.3646    1.1136   10.7174  0.057  0.049  0.475    0.2435    0.0058    0.0000  400.0000 4000.0000
4 16 128 1078500 2.58338538    6.3300    0.9900    7.1700   17.5570    2.7538   19.8835  0.060  0.053  0.385    0.2588    0.0059    0.0000  400.0000 4000.0000
4 32 128 1078500 3.79797980    7.4900    1.1300    8.3800   30.5527    4.5983   34.1824  0.069  0.062  0.461    0.2947    0.0059    0.0000  400.0000 4000.0000
4 64 128 1078500 4.96518607    8.7900    1.5600    9.5900   46.8686    8.3250   51.1468  0.090  0.083  0.509    0.3788    0.0058    0.0001  400.0000 4000.0000
4 128 128 1078500 5.86666667   10.2800    2.4700   11.2500   64.7608   15.5661   70.8505  0.131  0.120  0.544    0.5408    0.0059    0.0000  400.0000 4000.0000
4 256 128 1078500 6.45241810   13.9500    3.9400   14.7900   96.6387   27.2953  102.4675  0.175  0.165  0.621    0.7189    0.0059    0.0000  400.0000 4000.0000
4 512 128 1078500 6.79146141   17.5700    5.5200   18.2500  128.1239   40.2302  133.1085  0.264  0.255  0.842    1.0758    0.0059    0.0000  400.0000 4000.0000
4 1024 128 1078500 6.97470489   20.2700    8.4600   21.2000  151.8040   63.3823  158.8018  0.446  0.427  1.069    1.8046    0.0061    0.0001  400.0000 4000.0000
8 1 128 1078500 0.24339623    4.0500    0.4500    8.3000    1.0573    0.1182    2.1686  0.062  0.030  0.559    0.2667    0.0056    0.0000  400.0000 4000.0000
8 2 128 1078500 0.47166154    3.2000    0.5000    3.5500    1.6204    0.2554    1.7999  0.082  0.073  0.518    0.3447    0.0060    0.0000  400.0000 4000.0000
8 4 128 1078500 0.88508453    3.3100    0.5300    3.7200    3.1487    0.5046    3.5314  0.084  0.075  0.525    0.3541    0.0059    0.0000  400.0000 4000.0000
8 8 128 1078500 1.57561905    3.6800    0.6000    4.1200    6.2297    1.0106    6.9715  0.085  0.076  0.524    0.3578    0.0059    0.0000  400.0000 4000.0000
8 16 128 1078500 2.58338538    4.3700    0.7100    4.9600   12.1158    1.9707   13.7532  0.087  0.077  0.537    0.3674    0.0059    0.0000  400.0000 4000.0000
8 32 128 1078500 3.79797980    5.5000    1.0900    6.0300   22.4389    4.4622   24.5925  0.094  0.086  0.475    0.3954    0.0060    0.0000  400.0000 4000.0000
8 64 128 1078500 4.96518607    7.7300    1.3700    8.2900   41.2238    7.3167   44.2108  0.103  0.096  0.579    0.4289    0.0060    0.0000  400.0000 4000.0000
8 128 128 1078500 5.86666667   10.6200    1.9900   11.6300   66.9095   12.5377   73.2871  0.127  0.116  0.676    0.5244    0.0060    0.0000  400.0000 4000.0000
8 256 128 1078500 6.45241810   15.6900    3.8200   17.0800  108.6765   26.4452  118.3291  0.156  0.143  0.641    0.6421    0.0062    0.0001  400.0000 4000.0000
8 512 128 1078500 6.79146141   22.6800    3.0900   23.9600  165.4119   22.5293  174.7167  0.205  0.194  1.504    0.8376    0.0061    0.0000  400.0000 4000.0000
8 1024 128 1078500 6.97470489   30.7600    6.9400   33.3400  230.3832   51.9464  249.7116  0.294  0.271  1.304    1.1957    0.0063    0.0001  400.0000 4000.0000
12 1 128 1078500 0.24339623    4.4900    0.4100    8.7300    1.1722    0.1082    2.2824  0.056  0.029  0.611    0.2424    0.0057    0.0000  400.0000 4000.0000
12 2 128 1078500 0.47166154    2.5200    0.5300    2.8300    1.2742    0.2692    1.4335  0.104  0.092  0.492    0.4341    0.0062    0.0000  400.0000 4000.0000
12 4 128 1078500 0.88508453    2.6200    0.5600    2.8900    2.4945    0.5343    2.7481  0.106  0.096  0.495    0.4431    0.0062    0.0001  400.0000 4000.0000
12 8 128 1078500 1.57561905    2.8700    0.5600    3.1600    4.8557    0.9456    5.3398  0.109  0.099  0.560    0.4547    0.0062    0.0001  400.0000 4000.0000
12 16 128 1078500 2.58338538    3.4200    0.7400    3.7100    9.4929    2.0461   10.2861  0.112  0.103  0.517    0.4649    0.0063    0.0001  400.0000 4000.0000
12 32 128 1078500 3.79797980    4.4500    0.9700    4.9500   18.1478    3.9647   20.1850  0.117  0.105  0.534    0.4854    0.0063    0.0001  400.0000 4000.0000
12 64 128 1078500 4.96518607    6.4400    1.6600    7.0300   34.3560    8.8612   37.5008  0.123  0.113  0.478    0.5122    0.0063    0.0001  400.0000 4000.0000
12 128 128 1078500 5.86666667    9.1300    1.6600    9.8900   57.5066   10.4572   62.3039  0.147  0.136  0.810    0.6076    0.0061    0.0000  400.0000 4000.0000
12 256 128 1078500 6.45241810   16.9400    4.4600   18.5300  117.3939   30.9108  128.4085  0.144  0.132  0.548    0.5966    0.0065    0.0001  400.0000 4000.0000
12 512 128 1078500 6.79146141   22.0900    6.1600   24.0600  161.1048   44.9014  175.4295  0.210  0.193  0.755    0.8605    0.0065    0.0000  400.0000 4000.0000
12 1024 128 1078500 6.97470489   33.5800    5.8600   37.5200  251.4928   43.8864  280.9707  0.269  0.241  1.544    1.0981    0.0067    0.0001  400.0000 4000.0000
18 1 128 1078500 0.24339623    4.4700    0.4200    8.1700    1.1678    0.1085    2.1362  0.057  0.031  0.609    0.2433    0.0057    0.0001  400.0000 4000.0000
18 2 128 1078500 0.47166154    1.8500    0.4900    1.9900    0.9350    0.2483    1.0069  0.142  0.131  0.533    0.5872    0.0070    0.0001  400.0000 4000.0000
18 4 128 1078500 0.88508453    1.9400    0.4800    2.0900    1.8470    0.4545    1.9870  0.143  0.133  0.582    0.5943    0.0070    0.0001  400.0000 4000.0000
18 8 128 1078500 1.57561905    2.1400    0.5600    2.3100    3.6195    0.9428    3.9067  0.146  0.136  0.561    0.6061    0.0070    0.0001  400.0000 4000.0000
18 16 128 1078500 2.58338538    2.5300    0.6900    2.7100    7.0062    1.9050    7.5298  0.151  0.141  0.556    0.6256    0.0071    0.0001  400.0000 4000.0000
18 32 128 1078500 3.79797980    3.2200    0.8900    3.4700   13.1472    3.6480   14.1654  0.161  0.149  0.581    0.6653    0.0071    0.0001  400.0000 4000.0000
18 64 128 1078500 4.96518607    4.6400    1.3300    5.0400   24.7528    7.0832   26.8464  0.171  0.158  0.598    0.7056    0.0072    0.0001  400.0000 4000.0000
18 128 128 1078500 5.86666667    7.0500    1.7500    7.7400   44.3995   11.0377   48.7613  0.191  0.174  0.767    0.7840    0.0070    0.0000  400.0000 4000.0000
18 256 128 1078500 6.45241810   14.0500    3.9000   16.0000   97.3373   27.0012  110.8817  0.174  0.153  0.627    0.7176    0.0070    0.0001  400.0000 4000.0000
18 512 128 1078500 6.79146141   20.8100    4.2900   23.7400  151.7703   31.2880  173.1347  0.223  0.196  1.083    0.9141    0.0071    0.0001  400.0000 4000.0000
18 1024 128 1078500 6.97470489   30.5700    5.7000   33.2100  228.9162   42.6973  248.6998  0.296  0.273  1.587    1.2054    0.0070    0.0001  400.0000 4000.0000
36 1 128 1078500 0.24339623    2.7000    0.2400    3.0500    0.7064    0.0621    0.7978  0.093  0.083  1.064    0.3912    0.0057    0.0001  400.0000 4000.0000
36 2 128 1078500 0.47166154    0.7100    0.1500    0.7700    0.3601    0.0761    0.3925  0.367  0.337  1.739    1.4921    0.0074    0.0001  400.0000 4000.0000
36 4 128 1078500 0.88508453    0.7500    0.1700    0.8000    0.7163    0.1600    0.7623  0.370  0.347  1.655    1.5003    0.0078    0.0001  400.0000 4000.0000
36 8 128 1078500 1.57561905    0.8500    0.2500    0.9100    1.4303    0.4267    1.5336  0.370  0.345  1.241    1.5037    0.0078    0.0001  400.0000 4000.0000
36 16 128 1078500 2.58338538    0.9300    0.2100    1.0000    2.5736    0.5779    2.7680  0.411  0.383  1.832    1.6680    0.0076    0.0001  400.0000 4000.0000
36 32 128 1078500 3.79797980    1.2500    0.1900    1.3500    5.1148    0.7622    5.5205  0.414  0.384  2.778    1.6778    0.0074    0.0001  400.0000 4000.0000
36 64 128 1078500 4.96518607    1.8800    0.3100    2.0200   10.0361    1.6721   10.7575  0.422  0.394  2.533    1.7105    0.0076    0.0001  400.0000 4000.0000
36 128 128 1078500 5.86666667    4.3800    0.6100    4.9100   27.5763    3.8685   30.9472  0.307  0.274  2.190    1.2496    0.0070    0.0001  400.0000 4000.0000
36 256 128 1078500 6.45241810    7.2900    0.8300    8.4000   50.5346    5.7230   58.2189  0.335  0.291  2.960    1.3628    0.0072    0.0001  400.0000 4000.0000
36 512 128 1078500 6.79146141   11.4800    1.0900   13.7100   83.7177    7.9565   99.9847  0.405  0.339  4.258    1.6404    0.0072    0.0001  400.0000 4000.0000
36 1024 128 1078500 6.97470489   20.2100    0.9800   21.8800  151.3430    7.3525  163.8551  0.448  0.414  9.216    1.8129    0.0074    0.0006  400.0000 4000.0000
72 1 128 1078500 0.24339623    4.0200    0.0800    4.6000    1.0512    0.0214    1.2020  0.063  0.055  3.084    0.2714    0.0067    0.0001  400.0000 4000.0000
72 2 128 1078500 0.47166154    0.5900    0.0100    0.6500    0.2967    0.0058    0.3294  0.446  0.402 22.716    1.8092    0.0082    0.0002  400.0000 4000.0000
72 4 128 1078500 0.88508453    0.6500    0.0800    0.6900    0.6150    0.0800    0.6589  0.430  0.402  3.307    1.7461    0.0078    0.0001  400.0000 4000.0000
72 8 128 1078500 1.57561905    0.6700    0.0700    0.7100    1.1299    0.1191    1.2071  0.469  0.439  4.444    1.8990    0.0081    0.0001  400.0000 4000.0000
72 16 128 1078500 2.58338538    0.8000    0.1000    0.8500    2.2110    0.2731    2.3668  0.479  0.447  3.877    1.9411    0.0086    0.0001  400.0000 4000.0000
72 32 128 1078500 3.79797980    1.0900    0.1400    1.2000    4.4429    0.5683    4.8927  0.477  0.433  3.726    1.9312    0.0080    0.0001  400.0000 4000.0000
72 64 128 1078500 4.96518607    2.2400    0.2500    2.4800   11.9415    1.3364   13.2459  0.355  0.320  3.169    1.4435    0.0085    0.0001  400.0000 4000.0000
72 128 128 1078500 5.86666667    3.5800    0.0500    4.1200   22.5303    0.2957   25.9612  0.376  0.326 28.642    1.5286    0.0081    0.0002  400.0000 4000.0000
72 256 128 1078500 6.45241810    6.3100    0.6000    7.1500   43.6917    4.1891   49.5234  0.388  0.342  4.044    1.5756    0.0080    0.0001  400.0000 4000.0000
72 512 128 1078500 6.79146141   10.9800    0.9500   12.2700   80.0803    6.9163   89.4650  0.423  0.379  4.899    1.7175    0.0085    0.0001  400.0000 4000.0000
72 1024 128 1078500 6.97470489   20.6900    1.0300   23.0600  154.9576    7.7328  172.6715  0.437  0.392  8.763    1.7744    0.0082    0.0010  400.0000 4000.0000
1 1 256 1078500 0.24664107    7.4800    2.9000    7.7200    1.9807    0.7676    2.0444  0.133  0.129  0.343    0.5475    0.0054    0.0004  400.0000 4000.0000
1 2 256 1078500 0.48536305    6.8100    1.2800    6.9100    3.5503    0.6689    3.6030  0.148  0.146  0.788    0.6106    0.0056    0.0004  400.0000 4000.0000
1 4 256 1078500 0.93881508    6.9500    1.3000    7.0400    7.0099    1.3149    7.0940  0.150  0.148  0.801    0.6186    0.0059    0.0004  400.0000 4000.0000
1 8 256 1078500 1.76179775    7.2300    1.3000    7.3200   13.6821    2.4638   13.8433  0.154  0.152  0.855    0.6331    0.0057    0.0004  400.0000 4000.0000
1 16 256 1078500 3.13659745    6.4400    1.4000    6.5000   21.6837    4.7291   21.8998  0.194  0.193  0.891    0.7945    0.0057    0.0004  400.0000 4000.0000
1 32 256 1078500 5.14339269    5.9700    1.5500    6.0400   32.9746    8.5719   33.3760  0.256  0.253  0.983    1.0397    0.0057    0.0004  400.0000 4000.0000
1 64 256 1078500 7.56270096    5.5900    1.8300    5.6500   45.3658   14.8203   45.8846  0.372  0.367  1.138    1.5039    0.0056    0.0004  400.0000 4000.0000
1 128 256 1078500 9.88828829    4.9600    1.7400    5.0100   52.6928   18.4678   53.1764  0.640  0.634  1.826    2.5769    0.0057    0.0004  400.0000 4000.0000
1 256 256 1078500 11.68488290    4.6400    2.1400    4.6700   58.1795   26.8657   58.5903  1.159  1.151  2.510    4.6536    0.0057    0.0004  400.0000 4000.0000
1 512 256 1078500 12.85245902    3.7200    2.5000    3.7400   51.3472   34.5651   51.6005  2.627  2.614  3.902   10.5243    0.0058    0.0004  400.0000 4000.0000
1 1024 256 1078500 13.52834840    3.9300    2.9700    3.9500   57.1502   43.1606   57.3706  4.720  4.702  6.250   18.8985    0.0058    0.0004  400.0000 4000.0000
2 1 256 1078500 0.24664107   10.5600    3.5900   13.5600    2.7970    0.9494    3.5921  0.094  0.073  0.277    0.3924    0.0054    0.0003  400.0000 4000.0000
2 2 256 1078500 0.48536305    9.6900    1.7500   11.7200    5.0487    0.9131    6.1068  0.104  0.086  0.577    0.4348    0.0058    0.0002  400.0000 4000.0000
2 4 256 1078500 0.93881508   10.5300    1.7100   11.8000   10.6131    1.7189   11.8957  0.099  0.089  0.613    0.4143    0.0058    0.0003  400.0000 4000.0000
2 8 256 1078500 1.76179775   10.3200    1.7900   12.1400   19.5205    3.3948   22.9618  0.108  0.092  0.621    0.4491    0.0058    0.0003  400.0000 4000.0000
2 16 256 1078500 3.13659745    9.0900    1.9200   11.2900   30.6308    6.4767   38.0155  0.138  0.111  0.651    0.5678    0.0060    0.0003  400.0000 4000.0000
2 32 256 1078500 5.14339269    9.2800    2.1600   10.3300   51.2596   11.9416   57.0379  0.164  0.148  0.706    0.6751    0.0057    0.0003  400.0000 4000.0000
2 64 256 1078500 7.56270096    8.9300    2.5900    9.7200   72.4849   20.9989   78.9570  0.233  0.213  0.803    0.9480    0.0058    0.0003  400.0000 4000.0000
2 128 256 1078500 9.88828829    7.9500    3.3100    8.8100   84.4282   35.1397   93.5151  0.399  0.361  0.960    1.6157    0.0060    0.0002  400.0000 4000.0000
2 256 256 1078500 11.68488290    7.8100    3.9700    8.3500   97.9817   49.8277  104.8053  0.688  0.643  1.353    2.7712    0.0060    0.0002  400.0000 4000.0000
2 512 256 1078500 12.85245902    7.7400    3.3000    8.0800  106.8108   45.5775  111.5291  1.263  1.209  2.959    5.0695    0.0059    0.0003  400.0000 4000.0000
2 1024 256 1078500 13.52834840    7.2100    3.6100    7.5200  104.7702   52.4511  109.2920  2.575  2.468  5.143   10.3173    0.0059    0.0003  400.0000 4000.0000
4 1 256 1078500 0.24664107   15.6900   10.3000   23.0300    4.1539    2.7284    6.0981  0.063  0.043  0.097    0.2699    0.0055    0.0002  400.0000 4000.0000
4 2 256 1078500 0.48536305   11.1300    1.9600   13.5300    5.8027    1.0217    7.0487  0.091  0.075  0.516    0.3807    0.0059    0.0002  400.0000 4000.0000
4 4 256 1078500 0.93881508   11.4800    1.9300   13.8700   11.5678    1.9484   13.9796  0.091  0.075  0.541    0.3819    0.0059    0.0002  400.0000 4000.0000
4 8 256 1078500 1.76179775   11.8700    1.1800   14.3500   22.4480    2.2289   27.1463  0.094  0.078  0.946    0.3930    0.0059    0.0001  400.0000 4000.0000
4 16 256 1078500 3.13659745   11.9700    2.1700   14.1400   40.3149    7.2926   47.6053  0.104  0.088  0.578    0.4356    0.0058    0.0002  400.0000 4000.0000
4 32 256 1078500 5.14339269   11.7100    2.5300   13.3700   64.6655   13.9681   73.8496  0.130  0.114  0.604    0.5389    0.0058    0.0002  400.0000 4000.0000
4 64 256 1078500 7.56270096   12.1900    3.1500   13.5600   98.9663   25.5820  110.1026  0.170  0.153  0.659    0.6991    0.0059    0.0001  400.0000 4000.0000
4 128 256 1078500 9.88828829   12.9400    4.2600   13.7800  137.3478   45.2736  146.3479  0.245  0.230  0.745    1.0000    0.0059    0.0001  400.0000 4000.0000
4 256 256 1078500 11.68488290   12.9500    5.6700   13.5200  162.4760   71.1018  169.6018  0.415  0.398  0.949    1.6784    0.0061    0.0002  400.0000 4000.0000
4 512 256 1078500 12.85245902   13.0500    5.3500   13.5100  180.0591   73.8859  186.4031  0.749  0.724  1.825    3.0148    0.0061    0.0002  400.0000 4000.0000
4 1024 256 1078500 13.52834840   13.4600    6.1000   13.8500  195.5805   88.6770  201.1494  1.379  1.341  3.042    5.5356    0.0062    0.0002  400.0000 4000.0000
8 1 256 1078500 0.24664107   11.6400    6.4800   17.2300    3.0838    1.7148    4.5630  0.085  0.058  0.153    0.3586    0.0057    0.0002  400.0000 4000.0000
8 2 256 1078500 0.48536305    9.9400    1.6900   11.0300    5.1827    0.8821    5.7458  0.102  0.092  0.597    0.4245    0.0060    0.0001  400.0000 4000.0000
8 4 256 1078500 0.93881508   10.2500    1.7800   11.2300   10.3299    1.7898   11.3174  0.102  0.093  0.589    0.4259    0.0061    0.0001  400.0000 4000.0000
8 8 256 1078500 1.76179775   10.6500    1.9000   11.6000   20.1515    3.5851   21.9467  0.105  0.096  0.588    0.4362    0.0060    0.0001  400.0000 4000.0000
8 16 256 1078500 3.13659745   11.2900    1.9500   12.5700   38.0187    6.5512   42.3184  0.111  0.100  0.643    0.4613    0.0060    0.0001  400.0000 4000.0000
8 32 256 1078500 5.14339269   12.0100    2.3400   12.9700   66.3073   12.9199   71.6410  0.127  0.118  0.652    0.5265    0.0060    0.0001  400.0000 4000.0000
8 64 256 1078500 7.56270096   13.8000    3.0200   14.8800  112.0384   24.4833  120.8592  0.150  0.140  0.689    0.6198    0.0060    0.0001  400.0000 4000.0000
8 128 256 1078500 9.88828829   16.8100    3.0700   17.7200  178.4722   32.5902  188.1716  0.189  0.179  1.035    0.7738    0.0060    0.0001  400.0000 4000.0000
8 256 256 1078500 11.68488290   19.2900    4.6500   20.4000  242.0792   58.2951  256.0107  0.279  0.263  1.157    1.1330    0.0062    0.0001  400.0000 4000.0000
8 512 256 1078500 12.85245902   20.8800    6.7600   21.7300  288.1209   93.2793  299.8799  0.468  0.450  1.446    1.8914    0.0064    0.0001  400.0000 4000.0000
8 1024 256 1078500 13.52834840   20.8200    7.7200   21.6000  302.4888  112.1484  313.8006  0.892  0.860  2.405    3.5872    0.0065    0.0001  400.0000 4000.0000
12 1 256 1078500 0.24664107    8.3300    1.4400   11.3900    2.2058    0.3826    3.0162  0.119  0.087  0.688    0.4943    0.0057    0.0001  400.0000 4000.0000
12 2 256 1078500 0.48536305    7.6000    1.2200    8.1900    3.9593    0.6344    4.2666  0.133  0.123  0.831    0.5509    0.0062    0.0001  400.0000 4000.0000
12 4 256 1078500 0.93881508    7.7600    1.4200    8.4200    7.8201    1.4280    8.4906  0.135  0.124  0.738    0.5575    0.0062    0.0001  400.0000 4000.0000
12 8 256 1078500 1.76179775    8.1300    1.5000    8.7900   15.3824    2.8470   16.6243  0.137  0.127  0.740    0.5665    0.0062    0.0001  400.0000 4000.0000
12 16 256 1078500 3.13659745    8.6100    1.5900    9.3000   28.9884    5.3412   31.3220  0.145  0.135  0.789    0.6002    0.0063    0.0001  400.0000 4000.0000
12 32 256 1078500 5.14339269    9.6300    1.9800   10.5200   53.1870   10.9422   58.0829  0.159  0.145  0.770    0.6525    0.0062    0.0001  400.0000 4000.0000
12 64 256 1078500 7.56270096   11.4700    2.5300   12.2800   93.1737   20.5644   99.7547  0.181  0.169  0.820    0.7423    0.0062    0.0001  400.0000 4000.0000
12 128 256 1078500 9.88828829   16.2500    2.9000   17.3800  172.4830   30.7795  184.5332  0.196  0.183  1.095    0.8011    0.0064    0.0001  400.0000 4000.0000
12 256 256 1078500 11.68488290   19.3200    3.8300   21.2000  242.4358   48.1142  266.0376  0.278  0.254  1.402    1.1328    0.0067    0.0001  400.0000 4000.0000
12 512 256 1078500 12.85245902   25.2100    6.7700   26.9300  347.8989   93.4940  371.6628  0.388  0.363  1.443    1.5705    0.0065    0.0001  400.0000 4000.0000
12 1024 256 1078500 13.52834840   26.3200    6.9500   27.8500  382.3093  100.9157  404.6027  0.706  0.667  2.673    2.8438    0.0068    0.0001  400.0000 4000.0000
18 1 256 1078500 0.24664107    5.5800    1.4700    7.1000    1.4770    0.3881    1.8808  0.178  0.140  0.678    0.7301    0.0060    0.0000  400.0000 4000.0000
18 2 256 1078500 0.48536305    5.7400    1.3500    6.0900    2.9905    0.7034    3.1756  0.176  0.166  0.749    0.7256    0.0070    0.0001  400.0000 4000.0000
18 4 256 1078500 0.93881508    5.8500    1.3000    6.3100    5.8969    1.3067    6.3603  0.179  0.166  0.806    0.7358    0.0071    0.0001  400.0000 4000.0000
18 8 256 1078500 1.76179775    6.0900    1.3400    6.4900   11.5112    2.5412   12.2723  0.183  0.172  0.829    0.7532    0.0071    0.0001  400.0000 4000.0000
18 16 256 1078500 3.13659745    6.6900    1.4900    7.1900   22.5442    5.0204   24.1991  0.187  0.174  0.840    0.7691    0.0072    0.0001  400.0000 4000.0000
18 32 256 1078500 5.14339269    7.6600    1.8500    8.1800   42.2952   10.1912   45.1540  0.199  0.187  0.827    0.8183    0.0071    0.0001  400.0000 4000.0000
18 64 256 1078500 7.56270096   10.3000    2.7000   11.2000   83.6793   21.9107   90.9746  0.202  0.185  0.769    0.8268    0.0070    0.0001  400.0000 4000.0000
18 128 256 1078500 9.88828829   13.6100    2.6200   14.8600  144.5397   27.8694  157.7758  0.233  0.214  1.210    0.9540    0.0069    0.0001  400.0000 4000.0000
18 256 256 1078500 11.68488290   17.3200    3.3200   19.8200  217.3341   41.6309  248.6864  0.310  0.271  1.620    1.2625    0.0070    0.0001  400.0000 4000.0000
18 512 256 1078500 12.85245902   24.3700    7.0400   26.9300  336.3179   97.1110  371.6331  0.401  0.363  1.389    1.6254    0.0071    0.0001  400.0000 4000.0000
18 1024 256 1078500 13.52834840   30.0500    7.2800   32.1600  436.4813  105.7304  467.1350  0.618  0.577  2.551    2.4947    0.0073    0.0001  400.0000 4000.0000
36 1 256 1078500 0.24664107    4.6500    0.6400    6.2400    1.2323    0.1707    1.6531  0.214  0.159  1.542    0.8721    0.0062    0.0001  400.0000 4000.0000
36 2 256 1078500 0.48536305    2.5700    0.3300    2.7600    1.3390    0.1695    1.4397  0.394  0.366  3.109    1.5962    0.0075    0.0001  400.0000 4000.0000
36 4 256 1078500 0.93881508    2.6400    0.4300    2.8400    2.6627    0.4320    2.8610  0.396  0.368  2.439    1.6054    0.0075    0.0001  400.0000 4000.0000
36 8 256 1078500 1.76179775    2.7900    0.4500    2.9800    5.2808    0.8421    5.6427  0.399  0.373  2.503    1.6172    0.0070    0.0001  400.0000 4000.0000
36 16 256 1078500 3.13659745    2.9000    0.3300    3.1800    9.7540    1.1159   10.7094  0.432  0.394  3.777    1.7503    0.0075    0.0002  400.0000 4000.0000
36 32 256 1078500 5.14339269    3.3200    0.6000    3.5600   18.3231    3.2893   19.6715  0.460  0.428  2.563    1.8614    0.0071    0.0001  400.0000 4000.0000
36 64 256 1078500 7.56270096    4.4000    0.4900    4.7600   35.7019    3.9895   38.6684  0.472  0.436  4.226    1.9102    0.0073    0.0002  400.0000 4000.0000
36 128 256 1078500 9.88828829    5.9700    0.6400    6.6500   63.4282    6.7666   70.5942  0.532  0.478  4.983    2.1478    0.0071    0.0001  400.0000 4000.0000
36 256 256 1078500 11.68488290   15.6000    1.3600   17.2700  195.7291   17.0602  216.6434  0.344  0.311  3.953    1.3995    0.0071    0.0001  400.0000 4000.0000
36 512 256 1078500 12.85245902   22.0300    2.0000   24.3200  303.9642   27.5944  335.6304  0.444  0.402  4.888    1.7961    0.0070    0.0001  400.0000 4000.0000
36 1024 256 1078500 13.52834840   27.7500    1.7300   30.4800  403.1233   25.0642  442.7185  0.669  0.609 10.762    2.6991    0.0074    0.0001  400.0000 4000.0000
72 1 256 1078500 0.24664107    8.0800    0.5300    9.9700    2.1403    0.1410    2.6396  0.123  0.100  1.866    0.5122    0.0068    0.0002  400.0000 4000.0000
72 2 256 1078500 0.48536305    2.0900    0.1600    2.2500    1.0873    0.0851    1.1717  0.484  0.450  6.190    1.9628    0.0081    0.0002  400.0000 4000.0000
72 4 256 1078500 0.93881508    2.2000    0.1700    2.3400    2.2163    0.1732    2.3625  0.475  0.446  6.083    1.9261    0.0082    0.0002  400.0000 4000.0000
72 8 256 1078500 1.76179775    2.2800    0.1600    2.4500    4.3192    0.3110    4.6339  0.488  0.455  6.776    1.9760    0.0079    0.0002  400.0000 4000.0000
72 16 256 1078500 3.13659745    2.2100    0.2800    2.4500    7.4565    0.9436    8.2642  0.565  0.510  4.467    2.2857    0.0083    0.0002  400.0000 4000.0000
72 32 256 1078500 5.14339269    2.7200    0.3400    2.9400   15.0130    1.8612   16.2554  0.561  0.519  4.529    2.2712    0.0084    0.0002  400.0000 4000.0000
72 64 256 1078500 7.56270096    3.5300    0.3800    3.8500   28.6285    3.0671   31.2683  0.589  0.539  5.497    2.3804    0.0083    0.0002  400.0000 4000.0000
72 128 256 1078500 9.88828829    7.0600    0.4600    7.9600   74.9839    4.8578   84.5029  0.450  0.399  6.941    1.8230    0.0079    0.0006  400.0000 4000.0000
72 256 256 1078500 11.68488290   11.1900    0.8000   12.5400  140.4491    9.9831  157.3374  0.480  0.429  6.755    1.9452    0.0080    0.0001  400.0000 4000.0000
72 512 256 1078500 12.85245902   19.2200    1.1000   20.9500  265.2646   15.1597  289.1046  0.508  0.467  8.897    2.0595    0.0084    0.0001  400.0000 4000.0000
72 1024 256 1078500 13.52834840   25.5300    1.0300   28.6100  370.9171   14.9054  415.6099  0.727  0.649 18.097    2.9346    0.0082    0.0005  400.0000 4000.0000
1 1 512 1078500 0.24830591    7.0200    6.3000    7.2500    1.8711    1.6795    1.9325  0.561  0.544  0.626    2.2627    0.0055    0.0013  400.0000 4000.0000
1 2 512 1078500 0.49255869    6.5900    1.9600    6.6500    3.4843    1.0359    3.5147  0.603  0.598  2.030    2.4307    0.0057    0.0014  400.0000 4000.0000
1 4 512 1078500 0.96838195    6.7100    2.0500    6.7600    6.9758    2.1295    7.0279  0.603  0.598  1.974    2.4281    0.0057    0.0012  400.0000 4000.0000
1 8 512 1078500 1.87312177    6.7600    2.0100    6.8100   13.5957    4.0382   13.6983  0.619  0.614  2.082    2.4913    0.0056    0.0014  400.0000 4000.0000
1 16 512 1078500 3.51522286    5.6000    1.9500    5.6500   21.1412    7.3683   21.3328  0.795  0.788  2.283    3.1994    0.0057    0.0014  400.0000 4000.0000
1 32 512 1078500 6.25855006    5.0500    2.0300    5.0800   33.9215   13.6536   34.1462  0.992  0.985  2.464    3.9838    0.0057    0.0014  400.0000 4000.0000
1 64 512 1078500 10.26339634    4.3600    2.0600    4.3800   48.0044   22.7518   48.3080  1.401  1.393  2.957    5.6232    0.0057    0.0014  400.0000 4000.0000
1 128 512 1078500 15.09212038    3.5100    1.9800    3.5300   56.9307   32.1549   57.2606  2.363  2.350  4.184    9.4711    0.0058    0.0013  400.0000 4000.0000
1 256 512 1078500 19.73445479    3.0200    2.0700    3.0500   64.0615   43.9079   64.7328  4.200  4.157  6.128   16.8208    0.0059    0.0014  400.0000 4000.0000
1 512 512 1078500 23.32126376    2.5400    2.0300    2.5500   63.6835   50.7571   63.9602  8.451  8.414 10.603   33.8225    0.0059    0.0011  400.0000 4000.0000
1 1024 512 1078500 25.65247950    2.4800    2.1300    2.4900   68.4189   58.5646   68.6970 15.732 15.668 18.379   62.9483    0.0063    0.0014  400.0000 4000.0000
2 1 512 1078500 0.24830591   13.4000    3.7800   13.9900    3.5735    1.0085    3.7300  0.294  0.282  1.042    1.1927    0.0055    0.0011  400.0000 4000.0000
2 2 512 1078500 0.49255869   10.7000    2.7000   12.1000    5.6593    1.4262    6.3982  0.371  0.329  1.474    1.5036    0.0060    0.0011  400.0000 4000.0000
2 4 512 1078500 0.96838195   10.7400    2.5100   12.2700   11.1708    2.6133   12.7592  0.376  0.330  1.609    1.5234    0.0059    0.0012  400.0000 4000.0000
2 8 512 1078500 1.87312177   10.9400    2.8300   12.2600   22.0012    5.6836   24.6647  0.382  0.341  1.480    1.5470    0.0059    0.0012  400.0000 4000.0000
2 16 512 1078500 3.51522286    9.6900    2.5000   10.4900   36.5737    9.4485   39.5817  0.460  0.425  1.780    1.8576    0.0063    0.0010  400.0000 4000.0000
2 32 512 1078500 6.25855006    8.6200    2.7500    9.3300   57.9573   18.4739   62.7231  0.580  0.536  1.821    2.3401    0.0060    0.0012  400.0000 4000.0000
2 64 512 1078500 10.26339634    7.7300    2.6400    8.2300   85.2281   29.0695   90.6514  0.789  0.742  2.314    3.1759    0.0060    0.0012  400.0000 4000.0000
2 128 512 1078500 15.09212038    6.2800    2.5900    6.6100  101.7820   41.9710  107.0758  1.322  1.256  3.206    5.3069    0.0059    0.0011  400.0000 4000.0000
2 256 512 1078500 19.73445479    5.4300    2.8600    5.7100  114.9566   60.6088  120.9257  2.341  2.225  4.440    9.3836    0.0061    0.0010  400.0000 4000.0000
2 512 512 1078500 23.32126376    4.6100    2.9700    4.6900  115.4096   74.3084  117.4778  4.663  4.581  7.242   18.6730    0.0059    0.0009  400.0000 4000.0000
2 1024 512 1078500 25.65247950    4.5400    3.0300    4.6700  125.0771   83.4172  128.6331  8.606  8.368 12.903   34.4428    0.0063    0.0010  400.0000 4000.0000
4 1 512 1078500 0.24830591   21.4800   16.2500   26.6100    5.7273    4.3324    7.0949  0.183  0.148  0.242    0.7504    0.0056    0.0006  400.0000 4000.0000
4 2 512 1078500 0.49255869   17.0800    3.7600   19.8400    9.0342    1.9888   10.4927  0.233  0.200  1.057    0.9488    0.0061    0.0006  400.0000 4000.0000
4 4 512 1078500 0.96838195   17.1500    3.9600   19.9000   17.8307    4.1180   20.6929  0.236  0.203  1.021    0.9610    0.0060    0.0007  400.0000 4000.0000
4 8 512 1078500 1.87312177   17.3100    3.8500   19.7500   34.8099    7.7353   39.7165  0.242  0.212  1.087    0.9842    0.0060    0.0007  400.0000 4000.0000
4 16 512 1078500 3.51522286   15.5500    3.8800   17.5100   58.6831   14.6521   66.0905  0.287  0.255  1.148    1.1643    0.0060    0.0006  400.0000 4000.0000
4 32 512 1078500 6.25855006   14.4500    4.1700   15.8300   97.0776   28.0039  106.3688  0.346  0.316  1.201    1.4044    0.0061    0.0006  400.0000 4000.0000
4 64 512 1078500 10.26339634   13.0100    3.6300   13.9300  143.3761   39.9836  153.4922  0.469  0.438  1.683    1.8952    0.0061    0.0006  400.0000 4000.0000
4 128 512 1078500 15.09212038   11.1700    3.3300   11.6500  181.0534   54.0346  188.7721  0.743  0.713  2.490    2.9913    0.0060    0.0006  400.0000 4000.0000
4 256 512 1078500 19.73445479    9.8200    4.0800   10.2600  208.1730   86.3963  217.3521  1.293  1.238  3.115    5.1906    0.0063    0.0007  400.0000 4000.0000
4 512 512 1078500 23.32126376    8.1700    4.4300    8.3300  204.6335  110.9618  208.6352  2.630  2.579  4.850   10.5408    0.0067    0.0005  400.0000 4000.0000
4 1024 512 1078500 25.65247950    8.0500    5.4100    8.2500  221.8592  149.0813  227.2306  4.852  4.737  7.220   19.4281    0.0063    0.0007  400.0000 4000.0000
8 1 512 1078500 0.24830591   11.8200    4.5800   18.5200    3.1525    1.2217    4.9376  0.333  0.213  0.860    1.3503    0.0057    0.0001  400.0000 4000.0000
8 2 512 1078500 0.49255869   21.1100    1.9500   22.6400   11.1624    1.0322   11.9716  0.188  0.176  2.037    0.7717    0.0062    0.0002  400.0000 4000.0000
8 4 512 1078500 0.96838195   21.3300    2.2800   22.7100   22.1771    2.3658   23.6086  0.190  0.178  1.777    0.7769    0.0062    0.0002  400.0000 4000.0000
8 8 512 1078500 1.87312177   21.4900    2.1400   23.0600   43.2212    4.3133   46.3730  0.195  0.181  1.950    0.7966    0.0061    0.0002  400.0000 4000.0000
8 16 512 1078500 3.51522286   19.9500    2.7300   21.2300   75.3155   10.2875   80.1247  0.223  0.210  1.635    0.9119    0.0066    0.0002  400.0000 4000.0000
8 32 512 1078500 6.25855006   19.5100    3.1000   20.4800  131.1315   20.8105  137.6463  0.257  0.244  1.616    1.0443    0.0060    0.0002  400.0000 4000.0000
8 64 512 1078500 10.26339634   19.1700    3.5300   20.0500  211.2810   38.8640  220.9313  0.318  0.304  1.731    1.2918    0.0061    0.0002  400.0000 4000.0000
8 128 512 1078500 15.09212038   17.1200    4.9600   17.8400  277.4984   80.3684  289.0509  0.485  0.466  1.674    1.9584    0.0062    0.0002  400.0000 4000.0000
8 256 512 1078500 19.73445479   15.7200    5.0500   16.4200  333.1029  107.0954  347.9867  0.808  0.773  2.513    3.2515    0.0064    0.0002  400.0000 4000.0000
8 512 512 1078500 23.32126376   14.7300    5.8000   15.2400  368.7826  145.1724  381.6550  1.459  1.410  3.707    5.8586    0.0065    0.0002  400.0000 4000.0000
8 1024 512 1078500 25.65247950   13.8600    6.3600   14.2700  381.8200  175.0615  393.1488  2.819  2.738  6.149   11.2978    0.0066    0.0002  400.0000 4000.0000
12 1 512 1078500 0.24830591   11.2200    4.2700   18.0300    2.9924    1.1378    4.8062  0.351  0.219  0.923    1.4216    0.0057    0.0001  400.0000 4000.0000
12 2 512 1078500 0.49255869   19.5900    2.7200   21.2200   10.3619    1.4389   11.2236  0.203  0.187  1.461    0.8305    0.0063    0.0002  400.0000 4000.0000
12 4 512 1078500 0.96838195   19.6900    2.6700   20.9100   20.4714    2.7733   21.7451  0.205  0.193  1.516    0.8405    0.0064    0.0002  400.0000 4000.0000
12 8 512 1078500 1.87312177   20.0000    2.1900   21.3000   40.2161    4.4046   42.8449  0.209  0.196  1.909    0.8551    0.0062    0.0002  400.0000 4000.0000
12 16 512 1078500 3.51522286   19.1300    1.7200   20.3200   72.2056    6.5063   76.6987  0.233  0.219  2.585    0.9507    0.0063    0.0002  400.0000 4000.0000
12 32 512 1078500 6.25855006   19.1700    3.4100   20.2800  128.8336   22.9475  136.2678  0.261  0.247  1.466    1.0633    0.0064    0.0002  400.0000 4000.0000
12 64 512 1078500 10.26339634   19.6800    3.0200   20.7000  216.8585   33.2835  228.1281  0.310  0.295  2.021    1.2599    0.0064    0.0002  400.0000 4000.0000
12 128 512 1078500 15.09212038   19.0200    2.6200   19.9900  308.1775   42.4354  323.9615  0.437  0.415  3.171    1.7658    0.0066    0.0002  400.0000 4000.0000
12 256 512 1078500 19.73445479   19.0200    4.2700   20.2300  403.1340   90.5443  428.7159  0.667  0.628  2.972    2.6905    0.0066    0.0002  400.0000 4000.0000
12 512 512 1078500 23.32126376   18.5700    4.5000   19.6400  464.9031  112.7671  491.8683  1.158  1.094  4.772    4.6522    0.0068    0.0002  400.0000 4000.0000
12 1024 512 1078500 25.65247950   18.6000    7.4900   19.5800  512.3814  206.3148  539.2923  2.101  1.996  5.217    8.4277    0.0077    0.0002  400.0000 4000.0000
18 1 512 1078500 0.24830591   10.1700    3.3600   14.5000    2.7117    0.8950    3.8650  0.387  0.272  1.174    1.5670    0.0057    0.0001  400.0000 4000.0000
18 2 512 1078500 0.49255869   15.7600    1.6000   16.7800    8.3337    0.8467    8.8748  0.252  0.237  2.483    1.0305    0.0072    0.0002  400.0000 4000.0000
18 4 512 1078500 0.96838195   15.8100    0.9400   16.8700   16.4384    0.9800   17.5453  0.256  0.240  4.290    1.0444    0.0071    0.0002  400.0000 4000.0000
18 8 512 1078500 1.87312177   16.1600    1.7900   17.2800   32.5040    3.6098   34.7562  0.259  0.242  2.329    1.0559    0.0071    0.0002  400.0000 4000.0000
18 16 512 1078500 3.51522286   16.1100    1.2500   17.0200   60.8203    4.7035   64.2305  0.277  0.262  3.576    1.1275    0.0072    0.0002  400.0000 4000.0000
18 32 512 1078500 6.25855006   16.4500    2.1600   17.4900  110.5276   14.5277  117.5550  0.304  0.286  2.315    1.2384    0.0070    0.0002  400.0000 4000.0000
18 64 512 1078500 10.26339634   17.8000    2.7400   18.7100  196.1466   30.1655  206.1392  0.343  0.326  2.230    1.3932    0.0071    0.0002  400.0000 4000.0000
18 128 512 1078500 15.09212038   17.0900    2.1600   19.3700  276.9845   35.0732  313.9455  0.486  0.429  3.836    1.9648    0.0072    0.0002  400.0000 4000.0000
18 256 512 1078500 19.73445479   18.7500    2.7700   20.7800  397.2932   58.6790  440.2340  0.677  0.611  4.586    2.7314    0.0072    0.0002  400.0000 4000.0000
18 512 512 1078500 23.32126376   19.7500    4.4300   22.0700  494.4940  110.8598  552.7590  1.088  0.974  4.855    4.3771    0.0072    0.0002  400.0000 4000.0000
18 1024 512 1078500 25.65247950   23.8900    5.3300   24.6300  658.0024  146.7426  678.3296  1.636  1.587  7.335    6.5694    0.0081    0.0002  400.0000 4000.0000
36 1 512 1078500 0.24830591    6.1300    2.0300   11.8000    1.6348    0.5409    3.1473  0.643  0.334  1.942    2.5881    0.0057    0.0001  400.0000 4000.0000
36 2 512 1078500 0.49255869    6.3200    0.2200    6.8500    3.3427    0.1154    3.6206  0.629  0.581 18.216    2.5381    0.0076    0.0001  400.0000 4000.0000
36 4 512 1078500 0.96838195    6.4300    0.2600    7.0500    6.6865    0.2694    7.3261  0.629  0.574 15.608    2.5372    0.0075    0.0001  400.0000 4000.0000
36 8 512 1078500 1.87312177    6.5300    0.3400    7.1500   13.1430    0.6762   14.3815  0.640  0.585 12.437    2.5806    0.0071    0.0001  400.0000 4000.0000
36 16 512 1078500 3.51522286    6.4400    0.3200    7.0900   24.3215    1.2143   26.7605  0.692  0.628 13.851    2.7875    0.0074    0.0001  400.0000 4000.0000
36 32 512 1078500 6.25855006    7.1700    0.3200    7.8700   48.2147    2.1480   52.8581  0.698  0.636 15.659    2.8128    0.0076    0.0001  400.0000 4000.0000
36 64 512 1078500 10.26339634    9.5000    0.3200   10.3500  104.6712    3.5229  114.0430  0.643  0.590 19.096    2.5926    0.0075    0.0001  400.0000 4000.0000
36 128 512 1078500 15.09212038   10.9000    0.4900   12.1000  176.6709    7.9366  196.0963  0.762  0.686 16.953    3.0685    0.0073    0.0001  400.0000 4000.0000
36 256 512 1078500 19.73445479   12.1000    0.6200   14.0800  256.3319   13.1417  298.3272  1.050  0.902 20.476    4.2217    0.0074    0.0001  400.0000 4000.0000
36 512 512 1078500 23.32126376   24.3800    1.2900   27.8800  610.4006   32.1864  698.2281  0.882  0.771 16.721    3.5509    0.0076    0.0001  400.0000 4000.0000
36 1024 512 1078500 25.65247950   29.2000    2.6100   33.6000  804.3207   71.9523  925.4557  1.338  1.163 14.959    5.3768    0.0076    0.0001  400.0000 4000.0000
72 1 512 1078500 0.24830591   14.2600    1.4400   17.9300    3.8012    0.3836    4.7799  0.276  0.220  2.739    1.1252    0.0065    0.0001  400.0000 4000.0000
72 2 512 1078500 0.49255869    5.7300    0.2300    6.1500    3.0280    0.1194    3.2504  0.694  0.647 17.609    2.8039    0.0089    0.0001  400.0000 4000.0000
72 4 512 1078500 0.96838195    5.8500    0.3200    6.3300    6.0847    0.3358    6.5865  0.691  0.638 12.522    2.7890    0.0080    0.0001  400.0000 4000.0000
72 8 512 1078500 1.87312177    4.0700    0.0200    6.3900    8.1778    0.0348   12.8469  1.028  0.655 241.411    4.1384    0.0083    0.0002  400.0000 4000.0000
72 16 512 1078500 3.51522286    6.0800    0.3100    6.5900   22.9478    1.1829   24.8628  0.733  0.676 14.217    2.9574    0.0086    0.0001  400.0000 4000.0000
72 32 512 1078500 6.25855006    6.1100    0.3500    6.6200   41.0346    2.3602   44.5144  0.820  0.756 14.252    3.3045    0.0085    0.0001  400.0000 4000.0000
72 64 512 1078500 10.26339634    6.9900    0.3100    7.6000   77.0416    3.4645   83.7173  0.873  0.804 19.418    3.5185    0.0084    0.0002  400.0000 4000.0000
72 128 512 1078500 15.09212038    8.6900    0.4300    9.3500  140.7783    6.9899  151.5755  0.956  0.888 19.248    3.8486    0.0082    0.0001  400.0000 4000.0000
72 256 512 1078500 19.73445479   16.9900    0.5100   19.0900  359.9577   10.7284  404.5505  0.748  0.665 25.082    3.0171    0.0086    0.0002  400.0000 4000.0000
72 512 512 1078500 23.32126376   20.8200    0.7300   23.7200  521.2843   18.2162  594.0090  1.032  0.906 29.544    4.1563    0.0083    0.0001  400.0000 4000.0000
72 1024 512 1078500 25.65247950   25.0200    1.3200   28.1500  689.0886   36.3035  775.3282  1.562  1.388 29.649    6.2751    0.0084    0.0001  400.0000 4000.0000
1 1 1024 1078500 0.24914925    6.9600    2.1200    7.0400    1.8613    0.5673    1.8846  2.256  2.228  7.400    9.0409    0.0056    0.0083  400.0000 4000.0000
1 2 1024 1078500 0.49624785    6.4300    2.7400    6.5700    3.4240    1.4618    3.5025  2.453  2.398  5.746    9.8292    0.0057    0.0025  400.0000 4000.0000
1 4 1024 1078500 0.98392146    6.1700    2.7100    6.2900    6.5141    2.8639    6.6482  2.579  2.527  5.865   10.3319    0.0057    0.0025  400.0000 4000.0000
1 8 1024 1078500 1.93441971    6.3600    2.7700    6.4300   13.2128    5.7496   13.3459  2.543  2.517  5.843   10.1881    0.0057    0.0025  400.0000 4000.0000
1 16 1024 1078500 3.74173498    5.1900    2.5700    5.2800   20.8711   10.3452   21.2253  3.219  3.166  6.495   12.8946    0.0057    0.0025  400.0000 4000.0000
1 32 1024 1078500 7.02207240    4.4700    2.4800    4.5300   33.7055   18.7300   34.1369  3.987  3.937  7.175   15.9649    0.0057    0.0021  400.0000 4000.0000
1 64 1024 1078500 12.50245320    3.8100    2.3300    3.8500   51.1848   31.2702   51.6985  5.251  5.199  8.595   21.0217    0.0057    0.0026  400.0000 4000.0000
1 128 1024 1078500 20.50339817    2.5500    2.0000    2.5700   56.1198   43.9428   56.5861  9.578  9.499 12.232   38.3327    0.0064    0.0025  400.0000 4000.0000
1 256 1024 1078500 30.15094773    2.0600    1.7400    2.0800   66.6966   56.3466   67.2329 16.119 15.990 19.079   64.4939    0.0063    0.0025  400.0000 4000.0000
1 512 1024 1078500 39.42676881    1.6600    1.5200    1.6700   70.1999   64.4206   70.6646 30.628 30.427 33.376  122.5335    0.0064    0.0025  400.0000 4000.0000
1 1024 1024 1078500 46.59399964    1.5000    1.4200    1.5100   75.1557   70.9952   75.6708 57.217 56.828 60.570  228.8954    0.0079    0.0025  400.0000 4000.0000
2 1 1024 1078500 0.24914925   13.4600    7.8700   13.7700    3.6019    2.1055    3.6841  1.166  1.140  1.994    4.6793    0.0054    0.0019  400.0000 4000.0000
2 2 1024 1078500 0.49624785   11.3900    4.6100   11.9200    6.0706    2.4562    6.3524  1.383  1.322  3.420    5.5523    0.0060    0.0016  400.0000 4000.0000
2 4 1024 1078500 0.98392146   11.2400    4.6300   11.7100   11.8702    4.8916   12.3699  1.415  1.358  3.434    5.6797    0.0062    0.0017  400.0000 4000.0000
2 8 1024 1078500 1.93441971   11.4900    4.6100   12.1500   23.8691    9.5793   25.2320  1.407  1.331  3.507    5.6488    0.0059    0.0017  400.0000 4000.0000
2 16 1024 1078500 3.74173498   10.1200    4.3600   10.6200   40.6732   17.4979   42.6718  1.652  1.575  3.840    6.6267    0.0061    0.0017  400.0000 4000.0000
2 32 1024 1078500 7.02207240    7.0400    4.2000    7.3000   53.0707   31.6699   55.0135  2.532  2.443  4.243   10.1473    0.0060    0.0017  400.0000 4000.0000
2 64 1024 1078500 12.50245320    6.6900    3.9900    6.8600   89.8336   53.5233   92.1527  2.992  2.917  5.021   11.9867    0.0062    0.0018  400.0000 4000.0000
2 128 1024 1078500 20.50339817    4.5800    3.5700    4.6800  100.7348   78.6429  103.0127  5.336  5.218  6.835   21.3653    0.0068    0.0018  400.0000 4000.0000
2 256 1024 1078500 30.15094773    3.8500    3.0100    3.9600  124.6852   97.4684  128.0663  8.622  8.395 11.030   34.5094    0.0062    0.0018  400.0000 4000.0000
2 512 1024 1078500 39.42676881    3.1600    1.9900    3.2400  133.8816   84.4025  136.9739 16.060 15.697 25.474   64.2605    0.0065    0.0016  400.0000 4000.0000
2 1024 1024 1078500 46.59399964    2.7300    2.3800    2.8100  136.7140  119.2242  140.7666 31.454 30.549 36.068  125.8409    0.0069    0.0023  400.0000 4000.0000
4 1 1024 1078500 0.24914925   25.5500    9.9400   27.1600    6.8345    2.6601    7.2660  0.614  0.578  1.578    2.4749    0.0059    0.0006  400.0000 4000.0000
4 2 1024 1078500 0.49624785   19.7900    6.3600   21.4500   10.5423    3.3887   11.4317  0.797  0.735  2.478    3.2054    0.0061    0.0010  400.0000 4000.0000
4 4 1024 1078500 0.98392146   21.2300    6.4400   23.4900   22.4254    6.8087   24.8178  0.749  0.677  2.467    3.0148    0.0064    0.0010  400.0000 4000.0000
4 8 1024 1078500 1.93441971   18.0300    6.3600   19.1900   37.4439   13.2134   39.8647  0.897  0.843  2.542    3.6073    0.0061    0.0010  400.0000 4000.0000
4 16 1024 1078500 3.74173498   17.4700    6.1700   18.5800   70.1899   24.7945   74.6573  0.957  0.900  2.710    3.8477    0.0060    0.0009  400.0000 4000.0000
4 32 1024 1078500 7.02207240   13.8500    6.3000   14.5400  104.4265   47.4798  109.6134  1.287  1.226  2.830    5.1665    0.0061    0.0009  400.0000 4000.0000
4 64 1024 1078500 12.50245320   11.4400    6.2300   11.8800  153.5243   83.6149  159.4605  1.751  1.685  3.214    7.0223    0.0063    0.0009  400.0000 4000.0000
4 128 1024 1078500 20.50339817    9.1900    5.7400    9.4800  202.3692  126.2665  208.6940  2.656  2.576  4.257   10.6447    0.0064    0.0009  400.0000 4000.0000
4 256 1024 1078500 30.15094773    6.8200    4.9500    7.1500  220.6483  160.3090  231.4030  4.872  4.646  6.706   19.5102    0.0070    0.0010  400.0000 4000.0000
4 512 1024 1078500 39.42676881    5.9100    3.7800    6.0000  250.0650  159.8595  254.1837  8.598  8.459 13.450   34.4138    0.0064    0.0010  400.0000 4000.0000
4 1024 1024 1078500 46.59399964    5.1000    4.5600    5.2300  255.2714  228.3638  261.8477 16.846 16.423 18.831   67.4078    0.0068    0.0010  400.0000 4000.0000
8 1 1024 1078500 0.24914925   47.2900   14.1000   50.0900   12.6523    3.7719   13.4012  0.332  0.313  1.113    1.3453    0.0059    0.0004  400.0000 4000.0000
8 2 1024 1078500 0.49624785   33.5300    7.5300   35.1900   17.8671    4.0121   18.7481  0.470  0.448  2.093    1.8989    0.0063    0.0008  400.0000 4000.0000
8 4 1024 1078500 0.98392146   33.3400    7.7200   34.6700   35.2216    8.1602   36.6283  0.477  0.459  2.058    1.9262    0.0063    0.0008  400.0000 4000.0000
8 8 1024 1078500 1.93441971   32.7400    7.9800   33.9700   67.9935   16.5754   70.5612  0.494  0.476  2.027    1.9948    0.0062    0.0008  400.0000 4000.0000
8 16 1024 1078500 3.74173498   28.9000    7.5000   29.9300  116.1098   30.1463  120.2289  0.579  0.559  2.229    2.3339    0.0062    0.0008  400.0000 4000.0000
8 32 1024 1078500 7.02207240   24.2100    7.8900   25.1100  182.5745   59.4609  189.3405  0.736  0.710  2.260    2.9629    0.0062    0.0008  400.0000 4000.0000
8 64 1024 1078500 12.50245320   20.3900    7.4400   21.0600  273.6880   99.8242  282.6806  0.982  0.951  2.692    3.9469    0.0063    0.0008  400.0000 4000.0000
8 128 1024 1078500 20.50339817   16.1500    7.1700   16.7300  355.5807  157.8467  368.2194  1.512  1.460  3.405    6.0664    0.0064    0.0008  400.0000 4000.0000
8 256 1024 1078500 30.15094773   13.2300    7.6000   13.7100  428.1865  246.1971  443.8646  2.511  2.422  4.367   10.0636    0.0068    0.0008  400.0000 4000.0000
8 512 1024 1078500 39.42676881    9.9600    7.3000   10.1700  421.8268  308.9046  430.4498  5.097  4.995  6.960   20.4112    0.0071    0.0008  400.0000 4000.0000
8 1024 1024 1078500 46.59399964    8.6200    7.1600    9.0000  431.1517  358.4072  450.4433  9.974  9.547 11.998   39.9233    0.0084    0.0008  400.0000 4000.0000
12 1 1024 1078500 0.24914925   64.8800   41.5300   69.1700   17.3559   11.1106   18.5053  0.242  0.227  0.378    0.9853    0.0060    0.0004  400.0000 4000.0000
12 2 1024 1078500 0.49624785   37.1000    8.7800   38.7200   19.7667    4.6763   20.6337  0.425  0.407  1.796    1.7188    0.0064    0.0007  400.0000 4000.0000
12 4 1024 1078500 0.98392146   37.6900    7.3100   39.5100   39.8190    7.7245   41.7428  0.422  0.402  2.175    1.7064    0.0064    0.0007  400.0000 4000.0000
12 8 1024 1078500 1.93441971   36.0100    8.7100   38.1600   74.8013   18.0934   79.2597  0.449  0.424  1.857    1.8160    0.0065    0.0007  400.0000 4000.0000
12 16 1024 1078500 3.74173498   32.7200    7.8900   34.1000  131.4440   31.7063  137.0055  0.511  0.490  2.119    2.0640    0.0065    0.0007  400.0000 4000.0000
12 32 1024 1078500 7.02207240   28.1000    8.0000   29.2100  211.8509   60.3433  220.2258  0.634  0.610  2.227    2.5567    0.0065    0.0007  400.0000 4000.0000
12 64 1024 1078500 12.50245320   25.5300    8.5900   26.5400  342.6865  115.2964  356.3094  0.784  0.754  2.331    3.1565    0.0064    0.0007  400.0000 4000.0000
12 128 1024 1078500 20.50339817   18.5800    7.7300   19.4700  409.0938  170.2295  428.6240  1.314  1.254  3.158    5.2761    0.0067    0.0007  400.0000 4000.0000
12 256 1024 1078500 30.15094773   16.4100    6.4200   17.2100  531.1526  207.9286  557.2293  2.024  1.929  5.170    8.1173    0.0067    0.0007  400.0000 4000.0000
12 512 1024 1078500 39.42676881   13.6100    7.6400   14.2700  576.3391  323.5326  603.9083  3.731  3.560  6.646   14.9465    0.0076    0.0007  400.0000 4000.0000
12 1024 1024 1078500 46.59399964   11.2800    8.2300   11.8700  564.1038  411.5281  593.8253  7.623  7.242 10.449   30.5176    0.0080    0.0007  400.0000 4000.0000
18 1 1024 1078500 0.24914925   37.9500   21.9600   83.7700   10.1517    5.8749   22.4094  0.414  0.187  0.715    1.6720    0.0060    0.0004  400.0000 4000.0000
18 2 1024 1078500 0.49624785   36.5400    6.2600   38.0200   19.4703    3.3371   20.2596  0.431  0.415  2.517    1.7466    0.0071    0.0006  400.0000 4000.0000
18 4 1024 1078500 0.98392146   35.9600    7.7900   37.4800   37.9886    8.2247   39.5929  0.442  0.424  2.042    1.7901    0.0070    0.0006  400.0000 4000.0000
18 8 1024 1078500 1.93441971   35.7500    6.7000   37.3900   74.2514   13.9150   77.6709  0.453  0.432  2.414    1.8310    0.0070    0.0006  400.0000 4000.0000
18 16 1024 1078500 3.74173498   33.2300    5.6600   34.4500  133.4892   22.7242  138.4218  0.503  0.485  2.957    2.0347    0.0072    0.0006  400.0000 4000.0000
18 32 1024 1078500 7.02207240   31.3600    5.9300   32.7100  236.4469   44.6823  246.5948  0.568  0.545  3.007    2.2947    0.0070    0.0006  400.0000 4000.0000
18 64 1024 1078500 12.50245320   28.3700    6.0000   29.5100  380.8303   80.5821  396.2188  0.706  0.678  3.335    2.8445    0.0071    0.0006  400.0000 4000.0000
18 128 1024 1078500 20.50339817   22.7700    7.4200   23.9600  501.3595  163.2946  527.5638  1.072  1.019  3.292    4.3106    0.0072    0.0006  400.0000 4000.0000
18 256 1024 1078500 30.15094773   18.5100    7.0700   19.5700  599.2670  228.9007  633.5201  1.794  1.697  4.697    7.1985    0.0075    0.0006  400.0000 4000.0000
18 512 1024 1078500 39.42676881   16.8300    7.2400   17.4000  712.5114  306.5816  736.7411  3.018  2.918  7.013   12.0961    0.0079    0.0006  400.0000 4000.0000
18 1024 1024 1078500 46.59399964   14.9900    8.4500   15.5400  749.7178  422.7975  777.5045  5.736  5.531 10.171   22.9694    0.0078    0.0006  400.0000 4000.0000
36 1 1024 1078500 0.24914925   11.8700    6.8400   19.5000    3.1761    1.8287    5.2157  1.322  0.805  2.296    5.3044    0.0056    0.0003  400.0000 4000.0000
36 2 1024 1078500 0.49624785   19.2600    2.0700   20.5900   10.2620    1.1014   10.9690  0.818  0.766  7.625    3.2956    0.0072    0.0005  400.0000 4000.0000
36 4 1024 1078500 0.98392146   19.4400    2.7700   20.6900   20.5338    2.9248   21.8622  0.818  0.768  5.743    3.2944    0.0073    0.0004  400.0000 4000.0000
36 8 1024 1078500 1.93441971   19.5100    2.5200   20.9800   40.5213    5.2316   43.5692  0.829  0.771  6.422    3.3375    0.0071    0.0009  400.0000 4000.0000
36 16 1024 1078500 3.74173498   18.0300    1.4700   19.9000   72.4353    5.8947   79.9541  0.928  0.840 11.399    3.7320    0.0072    0.0005  400.0000 4000.0000
36 32 1024 1078500 7.02207240   18.7300    1.2800   20.0300  141.1854    9.6362  151.0523  0.952  0.890 13.945    3.8293    0.0077    0.0004  400.0000 4000.0000
36 64 1024 1078500 12.50245320   18.8200    2.9700   20.1100  252.6539   39.8095  270.0233  1.064  0.995  6.751    4.2766    0.0073    0.0003  400.0000 4000.0000
36 128 1024 1078500 20.50339817   19.1700    2.2700   20.6400  422.0757   50.0685  454.4685  1.274  1.183 10.736    5.1161    0.0072    0.0006  400.0000 4000.0000
36 256 1024 1078500 30.15094773   17.7600    1.6400   19.3300  574.9187   53.1931  625.7418  1.870  1.718 20.210    7.5021    0.0075    0.0004  400.0000 4000.0000
36 512 1024 1078500 39.42676881   16.7700    2.5700   17.6000  709.7345  108.9439  745.1392  3.029  2.885 19.736   12.1413    0.0074    0.0005  400.0000 4000.0000
36 1024 1024 1078500 46.59399964   21.0600    7.0500   22.8600 1053.4885  352.7020 1143.8104  4.082  3.760 12.192   16.3506    0.0073    0.0012  400.0000 4000.0000
72 1 1024 1078500 0.24914925   26.6000    5.3500   52.3300    7.1150    1.4302   13.9992  0.590  0.300  2.936    2.3802    0.0065    0.0005  400.0000 4000.0000
72 2 1024 1078500 0.49624785   13.6400    0.9100   14.6500    7.2702    0.4857    7.8051  1.155  1.076 17.291    4.6454    0.0080    0.0004  400.0000 4000.0000
72 4 1024 1078500 0.98392146   13.9500    0.6700   15.0000   14.7393    0.7102   15.8437  1.140  1.060 23.654    4.5843    0.0085    0.0005  400.0000 4000.0000
72 8 1024 1078500 1.93441971   13.6900    0.3200   15.0400   28.4330    0.6668   31.2385  1.182  1.075 50.387    4.7511    0.0081    0.0006  400.0000 4000.0000
72 16 1024 1078500 3.74173498   13.6800    0.9800   14.7900   54.9737    3.9257   59.4242  1.222  1.131 17.116    4.9138    0.0081    0.0005  400.0000 4000.0000
72 32 1024 1078500 7.02207240   13.9300    1.2600   14.9700  105.0599    9.5145  112.8519  1.279  1.191 14.124    5.1424    0.0087    0.0005  400.0000 4000.0000
72 64 1024 1078500 12.50245320   17.0300    1.1300   18.0800  228.5680   15.2314  242.7700  1.176  1.107 17.645    4.7285    0.0083    0.0010  400.0000 4000.0000
72 128 1024 1078500 20.50339817   16.4900    0.4200   18.2200  363.0583    9.3375  401.0965  1.481  1.340 57.566    5.9487    0.0086    0.0005  400.0000 4000.0000
72 256 1024 1078500 30.15094773   17.0100    0.9400   18.4300  550.8399   30.5777  596.7892  1.952  1.801 35.158    7.8336    0.0085    0.0005  400.0000 4000.0000
72 512 1024 1078500 39.42676881   20.4600    2.4700   22.3500  866.0977  104.4762  946.0534  2.482  2.273 20.580    9.9579    0.0084    0.0005  400.0000 4000.0000
72 1024 1024 1078500 46.59399964   19.0100    1.7600   20.6900  951.1666   88.0868 1035.3121  4.521  4.154 48.818   18.1103    0.0077    0.0005  400.0000 4000.0000
1 1 2048 1078500 0.24957369    6.2200    2.2900    6.3500    1.6656    0.6147    1.7015 10.078  9.865 27.305   40.3323    0.0060    0.0251  400.0000 4000.0000
1 2 2048 1078500 0.49811595    3.2100    1.8200    3.2400    1.7177    0.9755    1.7333 19.547 19.371 34.419   78.2066    0.0070    0.0206  400.0000 4000.0000
1 4 2048 1078500 0.99189161    3.2300    1.7700    3.2500    3.4361    1.8819    3.4641 19.542 19.384 35.681   78.1891    0.0064    0.0205  400.0000 4000.0000
1 8 2048 1078500 1.96664699    3.0700    1.6300    3.1100    6.4933    3.4508    6.5571 20.683 20.482 38.918   82.7534    0.0070    0.0207  400.0000 4000.0000
1 16 2048 1078500 3.86649519    2.8100    1.5400    2.8300   11.6562    6.3878   11.7500 23.044 22.859 42.049   92.1943    0.0064    0.0207  400.0000 4000.0000
1 32 2048 1078500 7.47896129    2.6200    1.5100    2.6400   21.0337   12.1077   21.2050 25.540 25.334 44.368  102.1800    0.0065    0.0207  400.0000 4000.0000
1 64 2048 1078500 14.03577114    2.2900    1.4000    2.3100   34.4696   21.0645   34.8882 31.169 30.795 51.005  124.6986    0.0066    0.0206  400.0000 4000.0000
1 128 2048 1078500 24.99025843    1.8100    1.2100    1.8300   48.6886   32.5014   49.1226 44.133 43.743 66.114  176.5546    0.0066    0.0207  400.0000 4000.0000
1 256 2048 1078500 40.98339909    1.4200    1.0600    1.4300   62.4838   46.7663   62.8944 68.779 68.330 91.895  275.1395    0.0064    0.0208  400.0000 4000.0000
1 512 2048 1078500 60.26859670    1.1200    0.9400    1.1300   72.4508   60.7593   73.3096 118.635 117.245 141.463  474.5634    0.0071    0.0207  400.0000 4000.0000
1 1024 2048 1078500 78.81138737    0.8900    0.8000    0.8900   74.9141   67.5197   75.3884 229.468 228.024 254.598  917.8970    0.0087    0.0208  400.0000 4000.0000
2 1 2048 1078500 0.24957369   12.2000    2.9000   12.4900    3.2690    0.7781    3.3459  5.135  5.017 21.571   20.5571    0.0057    0.0129  400.0000 4000.0000
2 2 2048 1078500 0.49811595    6.0200    3.2000    6.1300    3.2178    1.7132    3.2773 10.434 10.245 19.598   41.7578    0.0067    0.0121  400.0000 4000.0000
2 4 2048 1078500 0.99189161    6.0300    3.1600    6.1400    6.4254    3.3689    6.5362 10.451 10.274 19.933   41.8235    0.0065    0.0124  400.0000 4000.0000
2 8 2048 1078500 1.96664699    5.9300    2.7100    6.0100   12.5324    5.7330   12.6928 10.716 10.581 23.426   42.8864    0.0068    0.0123  400.0000 4000.0000
2 16 2048 1078500 3.86649519    5.4600    2.8700    5.5500   22.6684   11.9033   23.0409 11.849 11.658 22.565   47.4181    0.0068    0.0122  400.0000 4000.0000
2 32 2048 1078500 7.47896129    4.9900    3.2300    5.0800   40.0958   25.9762   40.7891 13.398 13.170 20.680   53.6131    0.0069    0.0126  400.0000 4000.0000
2 64 2048 1078500 14.03577114    4.4000    2.4900    4.4700   66.2810   37.5467   67.3474 16.210 15.953 28.615   64.8612    0.0068    0.0122  400.0000 4000.0000
2 128 2048 1078500 24.99025843    3.5000    2.5100    3.5800   93.9903   67.3225   96.0556 22.862 22.370 31.918   91.4694    0.0068    0.0125  400.0000 4000.0000
2 256 2048 1078500 40.98339909    2.7900    1.8900    2.8500  122.7023   83.0348  125.4639 35.025 34.254 51.757  140.1206    0.0064    0.0124  400.0000 4000.0000
2 512 2048 1078500 60.26859670    2.1400    1.6500    2.2000  138.7778  106.4915  142.1572 61.935 60.462 80.712  247.7636    0.0074    0.0125  400.0000 4000.0000
2 1024 2048 1078500 78.81138737    1.7400    1.4900    1.7900  147.4233  126.2637  151.7630 116.605 113.271 136.146  466.4501    0.0086    0.0126  400.0000 4000.0000
4 1 2048 1078500 0.24957369   23.8700    4.4600   24.7000    6.3975    1.1965    6.6180  2.624  2.536 14.029   10.5130    0.0059    0.0081  400.0000 4000.0000
4 2 2048 1078500 0.49811595   10.8000    4.6000   11.0600    5.7749    2.4582    5.9133  5.814  5.678 13.659   23.2783    0.0070    0.0039  400.0000 4000.0000
4 4 2048 1078500 0.99189161   10.8200    4.9100   11.0800   11.5221    5.2268   11.8032  5.828  5.689 12.847   23.3337    0.0067    0.0039  400.0000 4000.0000
4 8 2048 1078500 1.96664699   10.7900    4.8000   11.0800   22.7900   10.1315   23.3953  5.893  5.740 13.256   23.5946    0.0072    0.0039  400.0000 4000.0000
4 16 2048 1078500 3.86649519    9.9000    4.8600   10.1100   41.1099   20.1958   41.9578  6.534  6.402 13.300   26.1572    0.0071    0.0039  400.0000 4000.0000
4 32 2048 1078500 7.47896129    9.2600    4.8600    9.4500   74.3937   39.0593   75.8710  7.221  7.080 13.753   28.9067    0.0068    0.0039  400.0000 4000.0000
4 64 2048 1078500 14.03577114    8.1800    4.9500    8.3000  123.2493   74.6262  125.1405  8.717  8.585 14.397   34.8916    0.0070    0.0039  400.0000 4000.0000
4 128 2048 1078500 24.99025843    6.5700    3.8600    6.6800  176.2186  103.4869  179.1730 12.194 11.993 20.764   48.7992    0.0074    0.0039  400.0000 4000.0000
4 256 2048 1078500 40.98339909    5.2600    3.6200    5.3200  231.3464  159.5195  234.2549 18.576 18.346 26.941   74.3292    0.0069    0.0038  400.0000 4000.0000
4 512 2048 1078500 60.26859670    4.1300    3.3100    4.1800  267.0866  213.9259  270.5995 32.181 31.764 40.178  128.7523    0.0083    0.0039  400.0000 4000.0000
4 1024 2048 1078500 78.81138737    3.2200    2.7800    3.2900  272.8802  235.5293  278.8117 62.996 61.656 72.986  252.0117    0.0075    0.0039  400.0000 4000.0000
8 1 2048 1078500 0.24957369   44.3200   14.4800   46.9500   11.8770    3.8790   12.5813  1.413  1.334  4.327    5.6712    0.0059    0.0047  400.0000 4000.0000
8 2 2048 1078500 0.49811595   16.4000    5.3100   16.8700    8.7697    2.8424    9.0221  3.829  3.721 11.812   15.3367    0.0070    0.0038  400.0000 4000.0000
8 4 2048 1078500 0.99189161   16.4300    4.5900   16.9900   17.5005    4.8922   18.0983  3.837  3.710 13.726   15.3707    0.0072    0.0038  400.0000 4000.0000
8 8 2048 1078500 1.96664699   16.6000    6.5100   17.1500   35.0498   13.7504   36.2090  3.832  3.709  9.767   15.3500    0.0078    0.0038  400.0000 4000.0000
8 16 2048 1078500 3.86649519   15.4900    6.4700   15.9100   64.2900   26.8763   66.0344  4.178  4.068  9.994   16.7339    0.0073    0.0038  400.0000 4000.0000
8 32 2048 1078500 7.47896129   14.6600    6.2100   15.0500  117.7004   49.9004  120.8429  4.564  4.445 10.765   18.2795    0.0072    0.0038  400.0000 4000.0000
8 64 2048 1078500 14.03577114   13.3600    4.4100   13.6200  201.2884   66.4031  205.2535  5.338  5.234 16.180   21.3736    0.0073    0.0038  400.0000 4000.0000
8 128 2048 1078500 24.99025843   11.0000    4.9700   11.2000  295.1118  133.2841  300.4714  7.281  7.151 16.122   29.1499    0.0075    0.0038  400.0000 4000.0000
8 256 2048 1078500 40.98339909    9.0100    4.6800    9.1900  396.3957  205.8606  404.2763 10.842 10.630 20.876   43.3941    0.0080    0.0038  400.0000 4000.0000
8 512 2048 1078500 60.26859670    7.1900    4.5100    7.3300  465.5986  291.9868  474.4712 18.460 18.115 29.437   73.8679    0.0077    0.0038  400.0000 4000.0000
8 1024 2048 1078500 78.81138737    5.4900    4.0400    5.6400  464.4247  341.7048  477.0378 37.014 36.036 50.308  148.0867    0.0088    0.0038  400.0000 4000.0000
12 1 2048 1078500 0.24957369   59.8300   21.0000   64.2800   16.0322    5.6272   17.2244  1.047  0.975  2.983    4.2069    0.0061    0.0045  400.0000 4000.0000
12 2 2048 1078500 0.49811595   22.6300    6.4600   23.4200   12.1047    3.4556   12.5275  2.774  2.680  9.716   11.1169    0.0068    0.0037  400.0000 4000.0000
12 4 2048 1078500 0.99189161   22.5800    4.0700   23.3200   24.0476    4.3351   24.8378  2.792  2.704 15.490   11.1920    0.0072    0.0038  400.0000 4000.0000
12 8 2048 1078500 1.96664699   23.0700    4.1600   23.9300   48.7134    8.7898   50.5372  2.757  2.657 15.279   11.0499    0.0070    0.0037  400.0000 4000.0000
12 16 2048 1078500 3.86649519   21.3300    4.4200   22.1400   88.5551   18.3557   91.9276  3.033  2.922 14.633   12.1547    0.0070    0.0038  400.0000 4000.0000
12 32 2048 1078500 7.47896129   20.1000    4.3700   20.8400  161.4000   35.0612  167.3228  3.328  3.211 15.322   13.3364    0.0071    0.0037  400.0000 4000.0000
12 64 2048 1078500 14.03577114   18.0600    4.9300   18.9300  272.2470   74.3333  285.2736  3.946  3.766 14.454   15.8094    0.0073    0.0037  400.0000 4000.0000
12 128 2048 1078500 24.99025843   15.1300    4.5100   15.7200  406.0840  121.0369  421.8180  5.292  5.094 17.753   21.1902    0.0073    0.0037  400.0000 4000.0000
12 256 2048 1078500 40.98339909   12.0600    4.5700   12.6600  530.6161  201.1525  556.9959  8.099  7.716 21.365   32.4217    0.0078    0.0038  400.0000 4000.0000
12 512 2048 1078500 60.26859670    9.7100    4.2700   10.1400  628.3952  276.4034  656.3715 13.678 13.095 31.096   54.7386    0.0078    0.0038  400.0000 4000.0000
12 1024 2048 1078500 78.81138737    7.7100    4.6000    7.9600  652.5203  389.5967  673.2610 26.345 25.533 44.123  105.4062    0.0085    0.0038  400.0000 4000.0000
18 1 2048 1078500 0.24957369   79.2900   22.0900   87.4300   21.2470    5.9185   23.4280  0.790  0.717  2.836    3.1788    0.0057    0.0045  400.0000 4000.0000
18 2 2048 1078500 0.49811595   24.1900    3.2300   24.9800   12.9377    1.7249   13.3594  2.595  2.513 19.465   10.4033    0.0074    0.0036  400.0000 4000.0000
18 4 2048 1078500 0.99189161   24.0000    3.1900   24.9900   25.5591    3.3950   26.6110  2.627  2.523 19.779   10.5322    0.0074    0.0037  400.0000 4000.0000
18 8 2048 1078500 1.96664699   25.0300    3.0800   25.8400   52.8472    6.5056   54.5617  2.541  2.461 20.644   10.1885    0.0076    0.0037  400.0000 4000.0000
18 16 2048 1078500 3.86649519   23.0600    3.4500   23.7500   95.7550   14.3355   98.5928  2.805  2.724 18.737   11.2441    0.0077    0.0037  400.0000 4000.0000
18 32 2048 1078500 7.47896129   21.2300    3.1700   22.4200  170.4694   25.4710  180.0815  3.151  2.983 21.091   12.6293    0.0077    0.0037  400.0000 4000.0000
18 64 2048 1078500 14.03577114   19.9100    4.0400   20.4800  300.0777   60.9000  308.6945  3.580  3.481 17.642   14.3459    0.0076    0.0037  400.0000 4000.0000
18 128 2048 1078500 24.99025843   16.7400    3.5500   17.2200  449.3018   95.1660  461.9683  4.782  4.651 22.579   19.1548    0.0083    0.0037  400.0000 4000.0000
18 256 2048 1078500 40.98339909   13.9800    4.4600   14.3500  615.4178  196.2588  631.2895  6.983  6.808 21.898   27.9598    0.0080    0.0036  400.0000 4000.0000
18 512 2048 1078500 60.26859670   12.0800    4.0900   12.2700  781.5272  264.3949  794.1848 10.998 10.823 32.509   44.0191    0.0082    0.0037  400.0000 4000.0000
18 1024 2048 1078500 78.81138737    9.2700    4.6300    9.5200  784.2084  391.8346  805.2953 21.921 21.347 43.871   87.7110    0.0090    0.0037  400.0000 4000.0000
36 1 2048 1078500 0.24957369  110.7600   27.0100  136.9400   29.6800    7.2371   36.6975  0.566  0.457  2.319    2.2818    0.0065    0.0042  400.0000 4000.0000
36 2 2048 1078500 0.49811595   18.3800    5.2500   19.1500    9.8319    2.8071   10.2447  3.415  3.277 11.960   13.6815    0.0073    0.0016  400.0000 4000.0000
36 4 2048 1078500 0.99189161   23.1000    4.6700   24.8800   24.5988    4.9738   26.4934  2.730  2.535 13.501   10.9417    0.0076    0.0017  400.0000 4000.0000
36 8 2048 1078500 1.96664699   19.6700    5.2400   21.4300   41.5415   11.0658   45.2565  3.233  2.967 12.136   12.9538    0.0076    0.0017  400.0000 4000.0000
36 16 2048 1078500 3.86649519   24.6700    5.8700   26.4700  102.4401   24.3653  109.9104  2.622  2.444 11.024   10.5100    0.0073    0.0017  400.0000 4000.0000
36 32 2048 1078500 7.47896129   18.1300    4.8200   19.2100  145.5908   38.6682  154.2838  3.690  3.482 13.893   14.7813    0.0075    0.0018  400.0000 4000.0000
36 64 2048 1078500 14.03577114   18.3300    4.9300   19.8900  276.1968   74.2251  299.7255  3.890  3.585 14.475   15.5828    0.0075    0.0017  400.0000 4000.0000
36 128 2048 1078500 24.99025843   19.5900    4.2900   20.5700  525.5292  115.2033  551.9680  4.089  3.893 18.652   16.3781    0.0076    0.0017  400.0000 4000.0000
36 256 2048 1078500 40.98339909   15.6600    5.2600   16.4300  688.9167  231.3441  723.1690  6.238  5.943 18.577   24.9774    0.0077    0.0017  400.0000 4000.0000
36 512 2048 1078500 60.26859670   15.1400    5.8900   15.8900  980.0188  381.0609 1027.9704  8.770  8.361 22.556   35.1096    0.0084    0.0016  400.0000 4000.0000
36 1024 2048 1078500 78.81138737   11.3300    6.1800   12.4800  958.5239  523.3740 1055.7546 17.934 16.282 32.845   71.7612    0.0073    0.0017  400.0000 4000.0000
72 1 2048 1078500 0.24957369  146.3200   27.0100  174.3500   39.2095    7.2393   46.7220  0.428  0.359  2.319    1.7345    0.0066    0.0039  400.0000 4000.0000
72 2 2048 1078500 0.49811595   18.1800    3.1500   19.2000    9.7243    1.6831   10.2670  3.453  3.270 19.949   13.8358    0.0081    0.0019  400.0000 4000.0000
72 4 2048 1078500 0.99189161   18.1000    3.5500   18.9700   19.2797    3.7801   20.2004  3.483  3.324 17.764   13.9575    0.0082    0.0020  400.0000 4000.0000
72 8 2048 1078500 1.96664699   17.9100    2.0400   18.8800   37.8305    4.3149   39.8715  3.550  3.368 31.125   14.2257    0.0079    0.0019  400.0000 4000.0000
72 16 2048 1078500 3.86649519   16.9200    3.8900   17.8900   70.2485   16.1492   74.2641  3.824  3.617 16.632   15.3196    0.0080    0.0018  400.0000 4000.0000
72 32 2048 1078500 7.47896129   17.7100    4.0100   18.5300  142.1936   32.2375  148.8398  3.778  3.609 16.664   15.1384    0.0088    0.0019  400.0000 4000.0000
72 64 2048 1078500 14.03577114   16.7500    1.7300   17.6900  252.4169   26.0645  266.5959  4.256  4.030 41.221   17.0522    0.0086    0.0018  400.0000 4000.0000
72 128 2048 1078500 24.99025843   16.1600    3.4200   16.9500  433.5524   91.7268  454.9065  4.956  4.724 23.426   19.8530    0.0085    0.0018  400.0000 4000.0000
72 256 2048 1078500 40.98339909   15.1100    2.8600   15.9300  664.9652  126.0380  700.8972  6.463  6.132 34.098   25.8802    0.0083    0.0018  400.0000 4000.0000
72 512 2048 1078500 60.26859670   14.1300    2.2600   15.0800  914.6404  146.2456  975.8104  9.397  8.808 58.772   37.6221    0.0096    0.0018  400.0000 4000.0000
72 1024 2048 1078500 78.81138737   12.2300    4.8300   12.9500 1034.7033  409.0860 1095.7714 16.614 15.688 42.021   66.4873    0.0092    0.0018  400.0000 4000.0000
1 1 4096 1078500 0.24978661    6.4100    2.8300    6.5200    1.7187    0.7581    1.7492 39.055 38.375 88.540  156.2400    0.0066    0.0937  400.0000 4000.0000
1 2 4096 1078500 0.49905597    1.6100    1.0100    1.7200    0.8611    0.5421    0.9193 155.913 146.049 247.682  623.6751    0.0068    0.1163  400.0000 4000.0000
1 4 4096 1078500 0.99592830    1.6200    1.0300    1.7900    1.7301    1.1030    1.9089 155.202 140.669 243.447  620.8303    0.0068    0.1154  400.0000 4000.0000
1 8 4096 1078500 1.98317912    1.6100    1.0700    1.7200    3.4286    2.2730    3.6558 156.635 146.899 236.263  626.5613    0.0069    0.1167  400.0000 4000.0000
1 16 4096 1078500 3.93209804    1.5300    1.0300    1.6300    6.4601    4.3698    6.8909 166.262 155.867 245.792  665.0674    0.0067    0.1153  400.0000 4000.0000
1 32 4096 1078500 7.73064613    1.4800    1.0100    1.6300   12.2744    8.3592   13.5446 175.009 158.598 256.979  700.0579    0.0066    0.1227  400.0000 4000.0000
1 64 4096 1078500 14.95341386    1.3400    0.9400    1.4300   21.5460   15.0895   22.9754 199.400 186.995 284.721  797.6218    0.0069    0.1172  400.0000 4000.0000
1 128 4096 1078500 28.06316846    1.1500    0.8400    1.2300   34.5843   25.4557   37.0336 248.452 232.021 337.550  993.8322    0.0068    0.1158  400.0000 4000.0000
1 256 4096 1078500 49.96586836    1.0000    0.7400    1.1000   53.4664   39.6620   59.1165 321.419 290.699 433.289 1285.7026    0.0078    0.1177  400.0000 4000.0000
1 512 4096 1078500 81.94339954    0.7000    0.6100    0.7500   61.3246   53.2729   65.6191 560.464 523.784 645.173 2241.8846    0.0097    0.1213  400.0000 4000.0000
1 1024 4096 1078500 120.50389178    0.5500    0.4900    0.5700   70.7284   63.1880   74.0154 971.893 928.732 1087.871 3887.6038    0.0110    0.1173  400.0000 4000.0000
2 1 4096 1078500 0.24978661   11.6700    4.3100   12.1800    3.1293    1.1547    3.2678 21.451 20.541 58.133   85.8213    0.0059    0.0579  400.0000 4000.0000
2 2 4096 1078500 0.49905597    3.4000    1.8800    3.6700    1.8239    1.0048    1.9678 73.610 68.227 133.623  294.4673    0.0068    0.0692  400.0000 4000.0000
2 4 4096 1078500 0.99592830    3.6200    1.9300    4.5500    3.8692    2.0635    4.8678 69.398 55.163 130.129  277.6176    0.0072    0.0683  400.0000 4000.0000
2 8 4096 1078500 1.98317912    3.4200    2.0500    3.7000    7.2725    4.3677    7.8840 73.844 68.117 122.957  295.4024    0.0080    0.0670  400.0000 4000.0000
2 16 4096 1078500 3.93209804    3.2200    2.2400    3.5000   13.5942    9.4636   14.7658 79.010 72.740 113.495  316.0648    0.0082    0.0668  400.0000 4000.0000
2 32 4096 1078500 7.73064613    3.0800    1.9500    3.3500   25.5266   16.1767   27.7989 84.153 77.274 132.792  336.6368    0.0073    0.0689  400.0000 4000.0000
2 64 4096 1078500 14.95341386    2.8000    1.7400    3.0000   44.9573   27.9024   48.2293 95.564 89.080 153.975  382.2782    0.0077    0.0669  400.0000 4000.0000
2 128 4096 1078500 28.06316846    2.3100    1.8300    2.4700   69.7362   54.9928   74.5228 123.215 115.301 156.249  492.8852    0.0079    0.0649  400.0000 4000.0000
2 256 4096 1078500 49.96586836    1.8200    1.5200    1.9700   97.5018   81.4334  105.6963 176.254 162.589 211.033  705.0429    0.0076    0.0660  400.0000 4000.0000
2 512 4096 1078500 81.94339954    1.4100    1.1300    1.5300  124.3695   99.6779  134.8468 276.356 254.883 344.813 1105.4517    0.0088    0.0676  400.0000 4000.0000
2 1024 4096 1078500 120.50389178    1.0500    0.9700    1.1100  135.5422  125.6654  144.0992 507.152 477.036 547.012 2028.6405    0.0114    0.0649  400.0000 4000.0000
4 1 4096 1078500 0.24978661   22.0300    7.4100   22.6500    5.9090    1.9863    6.0744 11.360 11.051 33.795   45.4601    0.0064    0.0203  400.0000 4000.0000
4 2 4096 1078500 0.49905597    6.3400    4.2600    6.8100    3.3990    2.2819    3.6477 39.499 36.807 58.837  158.0223    0.0072    0.0380  400.0000 4000.0000
4 4 4096 1078500 0.99592830    6.4400    3.5500    6.9000    6.8830    3.7916    7.3806 39.012 36.381 70.820  156.0724    0.0077    0.0378  400.0000 4000.0000
4 8 4096 1078500 1.98317912    6.5200    3.5500    6.9600   13.8753    7.5500   14.8144 38.704 36.251 71.131  154.8436    0.0085    0.0369  400.0000 4000.0000
4 16 4096 1078500 3.93209804    6.1500    3.6400    6.5900   25.9666   15.3515   27.8027 41.364 38.632 69.965  165.4802    0.0076    0.0371  400.0000 4000.0000
4 32 4096 1078500 7.73064613    5.8600    3.8200    6.3100   48.6442   31.7141   52.4099 44.160 40.987 67.734  176.6674    0.0082    0.0372  400.0000 4000.0000
4 64 4096 1078500 14.95341386    5.3300    3.4800    5.7100   85.5207   55.8944   91.6497 50.237 46.877 76.864  200.9720    0.0082    0.0378  400.0000 4000.0000
4 128 4096 1078500 28.06316846    4.4400    3.2100    4.7400  133.7342   96.8738  142.8074 64.251 60.169 88.698  257.0297    0.0082    0.0372  400.0000 4000.0000
4 256 4096 1078500 49.96586836    3.5800    2.5900    3.8200  192.2941  138.9335  204.7231 89.369 83.943 123.693  357.5027    0.0076    0.0378  400.0000 4000.0000
4 512 4096 1078500 81.94339954    2.7200    2.2900    2.9000  239.4831  201.3211  255.3546 143.518 134.598 170.723  574.1038    0.0100    0.0377  400.0000 4000.0000
4 1024 4096 1078500 120.50389178    1.9900    1.7900    2.1200  257.1424  232.0865  273.8886 267.325 250.980 296.185 1069.3286    0.0100    0.0368  400.0000 4000.0000
8 1 4096 1078500 0.24978661   35.1400   12.6000   36.2500    9.4253    3.3786    9.7217  7.122  6.905 19.868   28.5080    0.0061    0.0203  400.0000 4000.0000
8 2 4096 1078500 0.49905597   11.3500    5.6900   12.0900    6.0802    3.0473    6.4795 22.081 20.721 44.059   88.3505    0.0072    0.0296  400.0000 4000.0000
8 4 4096 1078500 0.99592830   11.3900    5.9800   12.0500   12.1829    6.3916   12.8833 22.041 20.842 42.011   88.1875    0.0077    0.0294  400.0000 4000.0000
8 8 4096 1078500 1.98317912   11.4700    5.3100   12.2100   24.4226   11.3010   25.9998 21.989 20.655 47.521   87.9843    0.0078    0.0294  400.0000 4000.0000
8 16 4096 1078500 3.93209804   10.8400    5.6500   11.5300   45.7729   23.8726   48.6750 23.465 22.066 44.992   93.8877    0.0078    0.0295  400.0000 4000.0000
8 32 4096 1078500 7.73064613   10.3800    6.8600   11.0800   86.1712   56.9628   91.9880 24.929 23.352 37.711   99.7410    0.0078    0.0296  400.0000 4000.0000
8 64 4096 1078500 14.95341386    9.6600    5.2000   10.2500  155.1770   83.4372  164.6246 27.686 26.097 51.491  110.7735    0.0078    0.0294  400.0000 4000.0000
8 128 4096 1078500 28.06316846    8.0700    5.3800    8.6900  243.2048  162.2259  261.9352 35.331 32.804 52.967  141.3495    0.0085    0.0294  400.0000 4000.0000
8 256 4096 1078500 49.96586836    6.5900    4.7200    7.0300  353.8114  253.1927  377.3352 48.571 45.543 67.874  194.3120    0.0073    0.0284  400.0000 4000.0000
8 512 4096 1078500 81.94339954    4.8900    4.0300    5.2200  430.2187  354.6249  459.6641 79.890 74.772 96.920  319.5899    0.0092    0.0295  400.0000 4000.0000
8 1024 4096 1078500 120.50389178    3.4400    2.9300    3.6900  444.7176  378.5273  477.7297 154.571 143.890 181.600  618.3137    0.0097    0.0295  400.0000 4000.0000
12 1 4096 1078500 0.24978661   37.9600   14.2400   39.0600   10.1801    3.8195   10.4755  6.594  6.408 17.574   26.3957    0.0062    0.0202  400.0000 4000.0000
12 2 4096 1078500 0.49905597   15.9400    6.2800   16.9600    8.5414    3.3634    9.0859 15.719 14.777 39.917   62.9016    0.0085    0.0306  400.0000 4000.0000
12 4 4096 1078500 0.99592830   15.8100    6.5200   16.8000   16.9037    6.9752   17.9674 15.885 14.945 38.496   63.5695    0.0084    0.0309  400.0000 4000.0000
12 8 4096 1078500 1.98317912   15.8300    6.9900   16.8000   33.7030   14.8780   35.7769 15.934 15.011 36.096   63.7657    0.0081    0.0306  400.0000 4000.0000
12 16 4096 1078500 3.93209804   15.1400    6.1800   16.1400   63.9237   26.0862   68.1494 16.802 15.761 41.174   67.2391    0.0086    0.0307  400.0000 4000.0000
12 32 4096 1078500 7.73064613   14.3900    7.0200   15.4300  119.4261   58.2789  128.1161 17.987 16.767 36.860   71.9793    0.0077    0.0306  400.0000 4000.0000
12 64 4096 1078500 14.95341386   13.5200    6.7200   14.3900  217.1550  107.8686  231.0578 19.784 18.594 39.829   79.1657    0.0085    0.0306  400.0000 4000.0000
12 128 4096 1078500 28.06316846   11.2700    6.5300   12.1100  339.6078  196.7072  364.8809 25.301 23.549 43.682  101.2335    0.0084    0.0305  400.0000 4000.0000
12 256 4096 1078500 49.96586836    8.7600    5.1200    9.6500  470.2424  274.5141  517.4993 36.545 33.208 62.602  146.2074    0.0071    0.0306  400.0000 4000.0000
12 512 4096 1078500 81.94339954    6.6100    5.0500    7.1700  581.8898  444.2968  631.2445 59.066 54.448 77.359  236.2950    0.0080    0.0285  400.0000 4000.0000
12 1024 4096 1078500 120.50389178    4.6500    3.9300    5.0000  601.9023  508.8903  647.0620 114.205 106.235 135.079  456.8538    0.0100    0.0289  400.0000 4000.0000
18 1 4096 1078500 0.24978661   39.3900   15.5400   40.2900   10.5655    4.1677   10.8051  6.353  6.212 16.106   25.4349    0.0063    0.0206  400.0000 4000.0000
18 2 4096 1078500 0.49905597   19.9600    5.2800   21.2100   10.6982    2.8286   11.3639 12.550 11.815 47.465   50.2269    0.0087    0.0309  400.0000 4000.0000
18 4 4096 1078500 0.99592830   19.9200    5.5500   21.0200   21.2981    5.9383   22.4794 12.608 11.945 45.218   50.4590    0.0091    0.0295  400.0000 4000.0000
18 8 4096 1078500 1.98317912   19.9800    5.6500   21.2100   42.5464   12.0217   45.1640 12.622 11.891 44.672   50.5184    0.0086    0.0297  400.0000 4000.0000
18 16 4096 1078500 3.93209804   19.2500    5.9000   20.2600   81.2762   24.9168   85.5414 13.215 12.556 43.106   52.8902    0.0086    0.0307  400.0000 4000.0000
18 32 4096 1078500 7.73064613   18.4400    7.0900   19.3500  153.0351   58.8202  160.6469 14.037 13.372 36.520   56.1785    0.0088    0.0291  400.0000 4000.0000
18 64 4096 1078500 14.95341386   17.3300    6.8600   18.1600  278.2128  110.1503  291.6215 15.442 14.732 39.004   61.8000    0.0090    0.0294  400.0000 4000.0000
18 128 4096 1078500 28.06316846   14.2900    6.3000   15.3800  430.6751  189.8319  463.3835 19.951 18.543 45.264   79.8326    0.0085    0.0294  400.0000 4000.0000
18 256 4096 1078500 49.96586836   11.6800    4.9900   12.5100  626.7485  267.9385  671.0947 27.419 25.608 64.138  109.7052    0.0079    0.0294  400.0000 4000.0000
18 512 4096 1078500 81.94339954    8.8400    5.8800    9.4600  777.8482  517.4448  832.4221 44.186 41.289 66.423  176.7752    0.0086    0.0306  400.0000 4000.0000
18 1024 4096 1078500 120.50389178    5.8300    4.7300    6.1900  754.6429  611.6943  800.5326 91.090 85.868 112.377  364.3911    0.0093    0.0283  400.0000 4000.0000
36 1 4096 1078500 0.24978661   38.8100   17.4600   39.4000   10.4082    4.6834   10.5670  6.449  6.352 14.333   25.8198    0.0066    0.0205  400.0000 4000.0000
36 2 4096 1078500 0.49905597   22.3300    2.4000   23.6800   11.9650    1.2875   12.6902 11.221 10.580 104.275   44.9089    0.0081    0.0203  400.0000 4000.0000
36 4 4096 1078500 0.99592830   22.3500    2.4000   23.6700   23.9016    2.5708   25.3105 11.234 10.609 104.448   44.9630    0.0086    0.0208  400.0000 4000.0000
36 8 4096 1078500 1.98317912   22.5500    2.4100   23.6800   48.0155    5.1414   50.4251 11.185 10.650 104.453   44.7654    0.0085    0.0204  400.0000 4000.0000
36 16 4096 1078500 3.93209804   21.5800    3.8100   22.9100   91.1291   16.1031   96.7313 11.786 11.104 66.700   47.1715    0.0083    0.0206  400.0000 4000.0000
36 32 4096 1078500 7.73064613   21.0300    3.6500   22.2900  174.5303   30.2831  184.9860 12.308 11.612 70.935   49.2596    0.0083    0.0204  400.0000 4000.0000
36 64 4096 1078500 14.95341386   20.2300    3.4300   21.4100  324.7425   55.0626  343.6906 13.230 12.500 78.025   52.9462    0.0086    0.0204  400.0000 4000.0000
36 128 4096 1078500 28.06316846   17.5900    4.1300   18.7300  529.9545  124.3676  564.3410 16.214 15.226 69.090   64.8834    0.0086    0.0202  400.0000 4000.0000
36 256 4096 1078500 49.96586836   14.2200    3.0000   15.0000  763.0698  160.8537  804.8996 22.521 21.351 106.837   90.1146    0.0085    0.0202  400.0000 4000.0000
36 512 4096 1078500 81.94339954   12.1600    4.5800   12.9100 1069.5754  402.8000 1135.9913 32.135 30.256 85.328  128.5666    0.0078    0.0201  400.0000 4000.0000
36 1024 4096 1078500 120.50389178    7.3300    4.8700    7.6300  948.8590  630.1213  987.8560 72.445 69.585 109.091  289.8109    0.0085    0.0202  400.0000 4000.0000
72 1 4096 1078500 0.24978661   36.8800   13.0900   37.4900    9.8927    3.5117   10.0563  6.785  6.675 19.115   27.1671    0.0070    0.0208  400.0000 4000.0000
72 2 4096 1078500 0.49905597   16.5100    1.5000   17.8600    8.8496    0.8030    9.5721 15.171 14.026 167.189   60.7144    0.0092    0.0208  400.0000 4000.0000
72 4 4096 1078500 0.99592830   16.1700    1.5900   17.5800   17.2874    1.7009   18.7958 15.533 14.286 157.869   62.1599    0.0092    0.0208  400.0000 4000.0000
72 8 4096 1078500 1.98317912   16.1800    1.4400   17.6100   34.4621    3.0618   37.5009 15.583 14.321 175.397   62.3638    0.0094    0.0213  400.0000 4000.0000
72 16 4096 1078500 3.93209804   15.3100    1.5100   16.8300   64.6221    6.3775   71.0677 16.621 15.113 168.416   66.5135    0.0095    0.0206  400.0000 4000.0000
72 32 4096 1078500 7.73064613   14.6200    2.2800   16.4100  121.3333   18.9163  136.2158 17.704 15.770 113.560   70.8494    0.0098    0.0207  400.0000 4000.0000
72 64 4096 1078500 14.95341386   13.9900    1.9900   15.6200  224.5709   31.9022  250.8578 19.131 17.126 134.670   76.5567    0.0098    0.0208  400.0000 4000.0000
72 128 4096 1078500 28.06316846   13.3100    2.6900   14.4900  401.0255   80.9543  436.6758 21.427 19.677 106.141   85.7390    0.0096    0.0204  400.0000 4000.0000
72 256 4096 1078500 49.96586836   14.2000    1.8800   15.3300  761.9092  101.0094  822.3113 22.555 20.898 170.134   90.2583    0.0109    0.0203  400.0000 4000.0000
72 512 4096 1078500 81.94339954   10.9700    3.1600   11.8600  964.8936  277.8970 1043.8962 35.621 32.925 123.680  142.5143    0.0088    0.0204  400.0000 4000.0000
72 1024 4096 1078500 120.50389178    6.0800    1.1700    6.4000  787.0715  151.5853  827.7193 87.337 83.048 453.477  349.3810    0.0100    0.0206  400.0000 4000.0000