415
-1.8958774538640658e-11 
-9.5236502608022e-11 
-1.5122238245836168e-10 
-1.9076375307717937e-10 
-1.4253620462127609e-10 
-1.2238852801423377e-10 
-5.832761982376474e-11 
-3.5206291793961154e-11 
-7.7364825148799929e-12 
-2.6552838347172458e-12 
1.4229150703168965e-12 
-9.7461882657055574e-15 
-1.0168647739815388e-12 
-4.4809978845734156e-13 
1.7084374096539143e-13 
6.6501442163433814e-12 
7.3293936004246096e-12 
1.4344747399877002e-11 
-1.363518390709102e-11 
-1.9474931144291352e-11 
-1.5553826685045366e-11 
-1.7768349686405624e-11 
-1.3114996472904306e-11 
-1.6981527117755747e-11 
-1.3330155756418277e-11 
-1.8288005133356408e-11 
-1.6090885200762806e-11 
-2.1321031714759498e-11 
-1.8432935199279037e-11 
-2.2146380846911739e-11 
-1.7688183548666529e-11 
-1.9956950997960614e-11 
-1.4927866693242251e-11 
-1.6155981656728986e-11 
1.3478441669076963e-11 
1.858873594983015e-11 
-1.6767269478341838e-11 
-2.0982841830132135e-11 
-1.6628352435445404e-11 
1.8246977489434282e-11 
1.5169317947196219e-11 
-1.9126101819796091e-11 
1.6111302279527954e-11 
1.8045015246729562e-11 
1.5168443249979933e-11 
1.9271184328654923e-11 
1.6014103374439022e-11 
1.7868481977452499e-11 
1.6430346401298736e-11 
1.7553963860292585e-11 
1.1198880850138017e-11 
1.4801376144809863e-11 
1.5453237739115853e-11 
1.6559120523889488e-11 
1.4273678551346411e-11 
1.6705993205430822e-11 
1.2607078315098911e-11 
2.423499241931076e-11 
1.2069458384706351e-11 
-1.674944408511079e-11 
3.3408315587120372e-11 
1.1327924329184502e-10 
-4.5150570059881285e-11 
-1.1969137385875357e-10 
-1.9524472079913914e-10 
-3.1992216115639547e-10 
5.2171467361547728e-10 
-4.170856162902567e-10 
8.4275335561256857e-10 
-2.3947137147749616e-10 
8.4381936393352343e-10 
-2.4111807224460994e-10 
4.8832905448845769e-10 
-8.7478530359881674e-10 
-1.0370726392799109e-09 
-1.0703429988173949e-09 
-2.3085474559377174e-09 
2.7452252137136201e-10 
-1.5340483653360264e-09 
1.652040508707992e-10 
1.817487310227215e-10 
1.6114702763790616e-09 
1.1422649086345038e-09 
4.2150217817006948e-09 
9.9318875351092937e-09 
-2.9880499076459913e-09 
-9.6769821903523862e-09 
1.67756278783555e-09 
-8.1084356883850016e-09 
-2.7739425195082822e-09 
4.544150224759084e-09 
2.4218989023907773e-10 
2.6251826510596281e-09 
-6.1267323460299524e-09 
1.6346175037675747e-08 
-1.213406180915317e-08 
-3.5347435938609572e-08 
4.8837609974624374e-09 
2.9857181565899908e-08 
-1.1752012766145091e-09 
3.4495908232520917e-08 
3.4513419191626348e-09 
6.3863531830895422e-08 
1.8838701987879963e-08 
-7.8042161064523575e-08 
-3.9563975962657416e-08 
-5.9470877414556289e-08 
-5.425111078006176e-08 
5.4392171675333195e-08 
7.7239219360874967e-08 
3.5467733309017731e-08 
8.5130964534414512e-08 
-1.4764772264702569e-08 
9.4610496880564107e-08 
-1.2059413085238002e-08 
-8.4190816496375995e-08 
4.3706620848000272e-08 
9.0939157726424248e-08 
-6.4246984802485275e-08 
-5.2992840810245974e-08 
8.3902311079851287e-08 
2.4391861625469017e-08 
-9.8281922166680442e-08 
1.5311909662008565e-08 
8.804745348486074e-08 
-5.3219450661285001e-08 
-7.5342480405754518e-08 
8.6858807247225874e-08 
3.8451602610967014e-08 
-1.0762406348835253e-07 
1.8897484408540967e-08 
1.0357373178107313e-07 
-7.4930768175901972e-08 
-6.8196075677289852e-08 
1.0905911228578872e-07 
1.05724473984014e-08 
-1.1684365426302682e-07 
5.0788145983288197e-08 
9.7364418878520714e-08 
-1.0006316228314099e-07 
-4.8778128240438616e-08 
1.2885754722911317e-07 
-2.6367696636612623e-08 
-1.2939513641820287e-07 
9.4539766425501015e-08 
8.7877473469824276e-08 
-1.3039519182456527e-07 
-2.9971799408313937e-08 
1.4364865406818415e-07 
-2.7639061623347719e-08 
-1.4145298903769212e-07 
7.4151370340615697e-08 
1.2322851392655688e-07 
-1.0709975109617708e-07 
-1.0713044320187651e-07 
1.2819395661256442e-07 
1.0018543096010415e-07 
-1.3600475648444527e-07 
-1.1075345332128473e-07 
1.3259018643168638e-07 
1.3426707210846944e-07 
-1.0399508551708974e-07 
-1.5852320288146027e-07 
5.3832718081701436e-08 
1.7691607002551727e-07 
1.732866955090199e-08 
-1.7031781494816383e-07 
-8.8163716840623618e-08 
1.2461618246292945e-07 
1.3963412104074915e-07 
-3.105526401896982e-08 
-1.6516916634430056e-07 
-1.019136042828078e-07 
1.09531844062073e-07 
1.4984745413865753e-07 
-5.1530986640033909e-10 
-1.4870120994830521e-07 
-9.7679718919343602e-08 
8.6116717589043912e-08 
1.4091689294754116e-07 
5.1311472585722251e-08 
-1.2686198248842501e-07 
-1.3611216839107924e-07 
-3.0615942509193282e-09 
1.3248473898781892e-07 
1.0753523418923147e-07 
-5.6578029795071875e-08 
-1.352151443199632e-07 
-8.8217251891884783e-08 
8.9242892518460786e-08 
1.3324962666679352e-07 
6.2141811378243242e-08 
-9.8302064809087853e-08 
-1.3086081078976203e-07 
-1.8673152627290115e-08 
1.2348373474934354e-07 
1.3374778177583153e-07 
1.9807773173078426e-08 
-1.1099600438933582e-07 
-1.2733607469726024e-07 
1.4347523886510775e-08 
1.300377832964403e-07 
-1.2877004033358928e-07 
3.2242154831211994e-08 
1.178498504036258e-07 
1.2273939993496136e-07 
-3.5478398656644792e-08 
1.363615772958462e-07 
1.1636346238989706e-07 
-6.5825551584030417e-08 
-1.2428863531870166e-07 
1.2149027923841147e-07 
-4.4740450329353846e-08 
-1.4288042411884295e-07 
-1.1366360054339205e-07 
-7.5251072275170167e-08 
-1.3162679096592945e-07 
-1.234730031335152e-07 
-4.4770797970962969e-08 
-1.5016786557225536e-07 
-1.1966264155825265e-07 
-7.1230418877105903e-08 
-1.3748654014719997e-07 
-1.3028999160787585e-07 
-3.4368626130618312e-08 
-1.5380213771741521e-07 
-1.3509508894765052e-07 
-5.2789565821750213e-08 
-1.3699233410930273e-07 
-1.4245534294588303e-07 
-9.3907618776872279e-09 
-1.4943258620498578e-07 
1.535595796084809e-07 
-1.5304329945223529e-08 
1.2414692138611138e-07 
1.551625136677768e-07 
-3.4135841773567299e-08 
1.2756640046112764e-07 
-1.6237335346157076e-07 
-3.7072243410541852e-08 
-8.7202745119074732e-08 
-1.5883304857800418e-07 
8.5782494274842126e-08 
-7.3567470535564477e-08 
1.5258837157456266e-07 
8.3306281040357988e-08 
1.157501690350804e-08 
1.3968376920837466e-07 
-1.1501752155745253e-07 
-4.5808592241691682e-09 
-1.0889676652937117e-07 
1.0807226423181352e-07 
6.0361680535587627e-08 
6.4634156272532128e-08 
1.175851793435074e-07 
-5.4381684866348861e-08 
-6.152857317613815e-09 
-1.0296831715526944e-07 
8.2057413528478461e-08 
2.0521028175174961e-08 
6.650213475326569e-08 
-7.8637891293459998e-08 
-5.448377755609796e-08 
-8.8385538322331843e-09 
7.9812917036548815e-08 
4.6997253634671291e-08 
-3.7172911374233946e-08 
-3.3977791332213301e-08 
-6.6617324124036716e-08 
3.1732339059589868e-08 
-2.5043023003040705e-08 
4.4545911346576364e-08 
-4.9789006594522538e-08 
2.298101908587427e-08 
1.5475280450357301e-08 
4.4696601359953925e-08 
-3.7925553115829001e-08 
1.7593315110271377e-08 
8.3764386536348898e-09 
4.0611000944997574e-08 
-3.0319996123862424e-08 
1.4392345636734209e-08 
6.1403339088373069e-09 
3.4410118484898284e-08 
-2.5257367077343829e-08 
1.2541601257338048e-08 
-8.3117473187193032e-09 
2.7478080402781202e-08 
-2.2061231002344136e-08 
1.1488275152156942e-08 
-1.0174790551168408e-08 
-1.9931304705665831e-08 
-2.0142757029959783e-08 
1.0711950396283421e-08 
-1.0397120056867048e-08 
-1.163556007892153e-08 
1.9498808721281655e-08 
-1.0217438341030306e-08 
-1.0029236430692667e-08 
-2.0573877007702844e-09 
1.7458000332701869e-08 
-1.0236961988674073e-08 
9.6226502879473156e-09 
-3.1133190733639566e-09 
9.4550909522719419e-09 
-1.3073892368212839e-08 
9.7100600615738721e-09 
-4.7426466302542729e-09 
3.2278683154066163e-09 
1.0145272654640214e-08 
-1.0990664371062535e-08 
5.4600308660346626e-09 
4.6723948596713309e-09 
2.1590170341451787e-09 
-1.0040445080663827e-08 
7.7439520338471331e-09 
-5.5366234371514037e-09 
8.7969238364471592e-10 
1.4090240197317222e-09 
-8.5875880512005078e-09 
8.0493029073176901e-09 
-2.4637350604771181e-09 
-6.6209497880538379e-10 
-3.9047491894294461e-09 
6.2423677223986898e-09 
-7.630309601290093e-09 
3.2726639064902205e-09 
2.0173029145552481e-09 
-3.0073094675822478e-09 
5.7504073755241089e-09 
-6.9219747603759188e-09 
3.9638865819831388e-09 
9.6912279365645499e-10 
-4.0247712723634014e-09 
4.0920729211189017e-09 
-5.7674488043914535e-09 
6.3064280894884265e-09 
-5.7969452377356359e-11 
2.5919903864209902e-09 
-4.2378716356567677e-09 
4.0361476682309718e-09 
-5.2714898575271545e-09 
5.0795952266414632e-09 
1.844646035976037e-09 
-2.9176654341034007e-09 
4.0363371492328996e-09 
-3.7697582859052319e-09 
4.7323797414970689e-09 
-5.2414310491500799e-09 
-8.8252778560818166e-10 
2.7154690014289409e-09 
-3.7374131314694122e-09 
3.4683735965707482e-09 
-4.1416656891760978e-09 
4.0778763856252649e-09 
-3.6660038815031678e-09 
-2.0983661595945329e-09 
3.4741790419808361e-09 
-3.2145692142056067e-09 
3.7421234703244681e-09 
-3.4914422122813635e-09 
4.8181019954820288e-09 
-1.2776206838701801e-09 
-3.158936349783655e-09 
2.9067000038164032e-09 
-3.4537536701093591e-09 
-3.2418636273707432e-09 
3.8204569946377567e-09 
-3.807747980733377e-09 
3.2878597077174274e-09 
2.0198058532803156e-09 
-3.276081351377784e-09 
3.0828009089671627e-09 
-3.5413540645190199e-09 
3.3836977816238484e-09 
-4.0947309503432161e-09 
4.6766154498680144e-09 
-4.4627450631329435e-10 
-2.4403527119138325e-09 
3.437614155723798e-09 
-3.3275568679738872e-09 
3.807127179548156e-09 
-3.7607481446750774e-09 
4.3707716652925495e-09 
-4.6430685979799184e-09 
1.7807221125799969e-09 
2.3364288329301028e-09 
-3.8122592485656841e-09 
3.8425603625842855e-09 
-4.2852245116621668e-09 
4.2688896469238894e-09 
-4.3814126724497907e-09 
4.2077807155178975e-09 
-3.3333331644902839e-09 
9.2478547565505174e-10 
2.9195712678381984e-09 
-3.3552542835642572e-09 
3.180547761304607e-09 
-2.867555265433682e-09 
2.429363347724354e-09 
-2.1747520792765271e-09 
1.7601177383544869e-09 
-1.5927307534497685e-09 
1.0112118074331403e-09 
3.742172909074526e-10 
-1.5456934072808916e-09 
1.2818581711608459e-09 
-1.0196342530333623e-09 
9.261717672450714e-10 
-7.807499497583213e-10 
7.0660166034624061e-10 
-6.1507159972997539e-10 
5.6409672378647252e-10 
-5.3820890355177624e-10 
5.1561614111304637e-10 
