369
3.7553148883617116e-10 
2.5055136490892335e-09 
2.1829634952901601e-09 
1.4038142309768692e-09 
6.9753553680733175e-10 
2.0838580871130122e-10 
-1.0547528532990217e-10 
-2.4269730402605437e-10 
-2.3049722575820554e-10 
-2.4059825770827619e-10 
-1.9753213307181016e-10 
-1.9927150987091395e-10 
-1.6406622519364365e-10 
-1.7964808197854763e-10 
-1.6667022755033496e-10 
-1.8587095593236533e-10 
-1.6764533551248581e-10 
-1.8276912724775574e-10 
1.6251539702138652e-10 
1.6913221745401358e-10 
1.532647691584548e-10 
1.6857344144588169e-10 
1.5121416958043696e-10 
1.619713816426643e-10 
1.4590132282321964e-10 
1.5004609326380253e-10 
1.3638302003195767e-10 
1.4447481912599381e-10 
1.3417022808729624e-10 
1.4684038323309301e-10 
1.3735757164642043e-10 
1.4839200056859763e-10 
1.3111170947023147e-10 
1.2924368538589458e-10 
-1.1945234858039818e-10 
-1.4222607692376457e-10 
1.4194183192130036e-10 
1.4987375088561495e-10 
1.2651451923226827e-10 
-1.3191285953716927e-10 
-1.294322924517241e-10 
1.3842752901020084e-10 
-1.3225647058315978e-10 
-1.3905446884919982e-10 
-1.2284657356652928e-10 
-1.2499209868269212e-10 
-1.1799900813940736e-10 
-1.2479785422039254e-10 
-1.2042301030920081e-10 
-1.2850758311300128e-10 
-1.2116517852359918e-10 
-1.1949679702488721e-10 
-1.069291781698935e-10 
-1.1742090764043084e-10 
-1.1486983868782363e-10 
-1.1026960869998509e-10 
-1.0984765345425127e-10 
-1.1499450654234298e-10 
-1.1354219703124466e-10 
-1.2619030373745122e-10 
-8.5805730710993107e-11 
-1.8232932975510301e-11 
-1.259778748404866e-10 
-2.2252179049466885e-10 
-4.1640220891415228e-12 
-1.8430684047504953e-10 
4.5737240310398479e-10 
-5.2828599683571343e-10 
5.4258636465209334e-10 
-1.8949989333851371e-10 
8.5163462822305726e-10 
4.0274621014281644e-12 
5.0769826659783712e-10 
-8.9419034654777598e-10 
-3.7009657023675255e-10 
-1.1850534650845986e-09 
-1.6192977853241162e-09 
8.3031608082051208e-10 
-9.7418165185134969e-10 
7.0997014911114783e-10 
1.0504618442774361e-10 
2.9599589275631033e-09 
1.5478396055167258e-09 
9.7961676405450048e-09 
1.3489729155892341e-08 
-1.2590419087702514e-08 
-1.4654401698841602e-08 
-3.4629099116185867e-09 
-1.3255240411007105e-08 
-2.1601925058225609e-09 
2.9766542831161905e-09 
1.2185175742173516e-09 
-1.8759278318361447e-09 
-2.009702851586206e-08 
2.0336343897215243e-08 
-6.1141736354119701e-08 
-6.1487513417518205e-08 
6.8812195565018079e-08 
5.8679722940813534e-08 
4.5559902148760275e-08 
7.6036566755274194e-08 
-6.7225882736744762e-08 
1.5245004236451945e-07 
-7.5410338855471414e-08 
-1.9855880404831365e-07 
3.0403960867666848e-08 
-1.7227225343426957e-07 
-2.2096460832835463e-08 
1.8789649192430661e-07 
7.5970977463710644e-08 
1.6495933432665488e-07 
1.1992494809798319e-07 
-1.4236119592115877e-07 
1.6282932286501679e-07 
8.1818024527811395e-08 
-1.7953952199375458e-07 
-2.3141436617949272e-08 
2.2912355837848168e-07 
-4.2265251238095355e-08 
-1.7176626593775072e-07 
1.1860856162862435e-07 
1.4847735741351387e-07 
-1.7648317309877436e-07 
-7.6665154882945207e-08 
1.97012492499366e-07 
-7.1605764255599994e-09 
-2.1307491563906807e-07 
9.2273231277211053e-08 
1.7471543485531336e-07 
-1.688067906550809e-07 
-7.971872570910988e-08 
2.1351371434776953e-07 
-4.6050853527703395e-08 
-2.0328351356485381e-07 
1.4711166417576381e-07 
1.2823360661408113e-07 
-2.0910711378145588e-07 
-1.9244987351897691e-08 
2.2422339477628133e-07 
-9.1173224606286262e-08 
-1.8100422900960801e-07 
1.7806104427054949e-07 
6.6646856309705575e-08 
-2.3535416344639961e-07 
6.4783138911512963e-08 
2.1755127646490476e-07 
-1.5709594529300808e-07 
-1.4786216804760744e-07 
2.1426156546665671e-07 
5.9523282274012856e-08 
-2.4599762479517697e-07 
1.9880354148690315e-08 
2.4188180303917445e-07 
-8.1238177240205715e-08 
-2.2990072552247806e-07 
1.1823523218105854e-07 
2.2089736382212371e-07 
-1.2971888263475095e-07 
-2.2790397867235662e-07 
1.1742483192955294e-07 
2.4688612553593949e-07 
-6.8580095367280351e-08 
-2.5791715410017072e-07 
-6.1358478442290651e-09 
2.5644393759442943e-07 
1.0098754109534564e-07 
-2.1860964354787234e-07 
-1.8427823041445115e-07 
1.3067282518660344e-07 
2.3380990966124116e-07 
1.2222107296524425e-08 
-2.4080238822885572e-07 
-1.8582112740529149e-07 
1.23702182077722e-07 
2.3185311635315776e-07 
3.8534276249117917e-08 
-2.1118275701811233e-07 
-1.6868894006076811e-07 
1.0512936189010202e-07 
2.1734893569102899e-07 
9.4025450787599995e-08 
-1.8193729024661477e-07 
-2.0628793411603073e-07 
-1.3000694207797101e-08 
1.9575425751370187e-07 
1.5995397198977796e-07 
-8.6442487709479833e-08 
-1.9941578599820578e-07 
-1.2143161549298761e-07 
1.3950207674750452e-07 
1.9418287361223182e-07 
7.1254805546638753e-08 
-1.5445422601439113e-07 
-1.7793449445242394e-07 
1.6810020029918983e-09 
1.8095861652807066e-07 
1.7873610379107636e-07 
-8.0679153356428959e-09 
-1.6743217306252668e-07 
-1.5092628381682082e-07 
5.885828526310078e-08 
1.7748064293953318e-07 
-1.4250415246093808e-07 
8.3688653490920882e-08 
1.6739945080035497e-07 
1.218173720262656e-07 
-8.9137719600940932e-08 
1.7297026475082776e-07 
1.002360309168163e-07 
-1.2002080039895316e-07 
-1.6531203230039799e-07 
1.0153500414197878e-07 
-9.943721979757904e-08 
-1.6915652027925418e-07 
-8.1247086528704553e-08 
-1.265005442366476e-07 
-1.6404514540293183e-07 
-9.0575033580253319e-08 
-9.874004459018717e-08 
-1.6743042078776933e-07 
-7.9014794799462045e-08 
-1.2050905387566387e-07 
-1.6288103395552866e-07 
-8.9796439352634543e-08 
-8.8363688476934556e-08 
-1.6577967442295473e-07 
-9.1616768729822974e-08 
-1.0335588435624858e-07 
-1.5904532771038544e-07 
-9.9208463358820636e-08 
-6.5642751167147166e-08 
-1.6155694966001246e-07 
1.1267955952294352e-07 
-7.0796865921346902e-08 
1.4886325215901333e-07 
1.1429337603762248e-07 
2.577577730887434e-08 
1.4794640118785292e-07 
-1.2981373215983952e-07 
2.344892013032596e-08 
-1.2319317735695831e-07 
-1.2766738523176052e-07 
2.6228628997817057e-08 
-1.1262511032939599e-07 
1.3623853520200948e-07 
2.3954611024956804e-08 
6.6032441432600085e-08 
1.3408496347494397e-07 
-6.5242672129739995e-08 
5.1792412486015339e-08 
-1.2429041666797104e-07 
5.9819966369258426e-08 
2.2805549248585586e-09 
1.0199462866504912e-07 
9.1372456961616566e-08 
2.605639662000932e-09 
4.9587449280343315e-08 
-1.034656421198526e-07 
3.6360164969619091e-08 
-3.6104433281537439e-08 
9.5738724625434146e-08 
-3.8185107351647818e-08 
-3.9789407917995694e-09 
-6.1541322457434623e-08 
7.839350286180503e-08 
-3.0904180523311926e-09 
1.4689415946562619e-08 
-7.7021517009188079e-08 
-4.440136657826613e-08 
-1.9444524102933214e-08 
2.7163497155047997e-08 
7.505382347863808e-08 
-1.6247733148838444e-08 
-2.826720657880319e-08 
-3.7184783893882782e-08 
6.548270542458979e-08 
-7.8532214545407415e-10 
-3.3403465308782033e-08 
-4.4545817251089807e-08 
5.3534567303897581e-08 
7.9567847295977388e-09 
-3.6102271502193498e-08 
-4.6819686473069996e-08 
4.7134592355619054e-08 
1.2198234646582777e-08 
-3.7178219357009985e-08 
4.3108753732363893e-08 
4.750905430218213e-08 
1.3489747276223803e-08 
-3.7301763372026736e-08 
3.9242478525042758e-08 
-5.1967386724752163e-08 
1.0708345843504281e-08 
-3.6964480111249936e-08 
3.6793684122537633e-08 
-5.5697011112682916e-08 
3.4101383156219898e-10 
3.5950347838944877e-08 
3.5711455228845589e-08 
-5.5445871399228764e-08 
2.4723157299667359e-08 
3.306222510946544e-08 
-3.4095649566048409e-08 
4.9899038690655182e-08 
5.1306371045099593e-08 
1.3415885978345961e-08 
-3.0377076131299827e-08 
4.6584256470150102e-08 
-4.9963059360134306e-08 
4.3529840704940287e-08 
1.4590109078859836e-08 
-4.3585322328727604e-08 
-4.5747758566440501e-08 
5.5726787662246577e-08 
-3.0492875440783343e-08 
-3.0459416821249253e-08 
4.0857230993037744e-08 
-5.2862251697469221e-08 
5.3747522074395333e-08 
-2.8522949453336553e-08 
-1.8399147746846008e-08 
4.7141941272214999e-08 
4.8872393499443262e-08 
-4.4936087118826074e-08 
3.3070950417793445e-08 
1.2577762996304221e-08 
-3.8643422565512898e-08 
4.0900048401434547e-08 
-3.6694750702848251e-08 
2.3756433123656405e-08 
-8.8654558657406341e-09 
-2.7939878162493922e-08 
3.1043072918252065e-08 
-2.3261796808672405e-08 
2.0235537504445771e-08 
-1.0213406770610575e-08 
-7.4951777602343565e-09 
2.2774653822049729e-08 
1.7841208130186133e-08 
-1.1288518393892986e-08 
1.0429463097232117e-08 
-3.9762744624527278e-09 
-1.0008471451627552e-08 
1.2585043504040965e-08 
-8.9364818099955574e-09 
5.393536444931797e-09 
-4.7279435130843367e-09 
1.5913888754089493e-09 
7.1406008070163629e-09 
-7.9045251139630564e-09 
4.5942663818513308e-09 
-1.1388315647671515e-09 
1.5498134792610453e-09 
1.4126456689655838e-09 
-1.1647683825267821e-09 
7.4554554316535046e-09 
-1.1350901238457506e-09 
-1.3439258464838666e-09 
2.5057520298573483e-09 
-2.6449423173993683e-09 
3.2336899912750881e-09 
-8.0396058957946399e-09 
3.1367154812636251e-09 
7.5971702173083174e-09 
-5.5163633772313222e-09 
5.4082610887962117e-09 
5.9435606649916038e-09 
-2.2821729170719339e-08 
2.8107205368123904e-08 
