2 1 785152 0.07196297   19.1400    9.8500   20.4000    1.4790    0.7611    1.5761  3.360  3.153  6.529    3.3664    0.0016   50.0000 1000.0000
2 2 785152 0.10105053   13.4000    2.3300   14.3900    1.4534    0.2527    1.5612  6.838  6.366 39.327    6.8448    0.0017   50.0000 1000.0000
2 4 785152 0.12664576   14.1200    9.6700   15.5600    1.9203    1.3152    2.1163 10.351  9.392 15.113   10.3577    0.0017   50.0000 1000.0000
2 8 785152 0.14501075   14.4400   12.0100   16.2900    2.2478    1.8695    2.5361 17.685 15.675 21.265   17.6925    0.0018   50.0000 1000.0000
2 16 785152 0.15634672   14.6100   13.1900   16.6100    2.4522    2.2142    2.7885 32.423 28.512 35.908   32.4316    0.0022   50.0000 1000.0000
2 32 785152 0.16270637   14.7200   13.8300   16.5000    2.5723    2.4165    2.8826 61.819 55.164 65.803   61.8280    0.0022   50.0000 1000.0000
2 48 785152 0.16494280   14.6600   13.8800   16.4200    2.5968    2.4588    2.9073 91.852 82.042 97.006   91.8613    0.0021   50.0000 1000.0000
4 1 785152 0.07196297   40.2900   15.0300   43.9600    3.1136    1.1617    3.3966  1.596  1.463  4.278    1.6027    0.0018   50.0000 1000.0000
4 2 785152 0.10105053   28.1900   12.7600   30.2500    3.0586    1.3842    3.2819  3.249  3.028  7.180    3.2560    0.0018   50.0000 1000.0000
4 4 785152 0.12664576   27.9600   14.7400   30.8700    3.8024    2.0045    4.1980  5.227  4.735  9.916    5.2340    0.0017   50.0000 1000.0000
4 8 785152 0.14501075   27.8100   19.6000   31.6100    4.3309    3.0511    4.9215  9.179  8.078 13.029    9.1861    0.0018   50.0000 1000.0000
4 16 785152 0.15634672   28.1400   23.3400   32.3400    4.7244    3.9176    5.4296 16.829 14.643 20.295   16.8389    0.0021   50.0000 1000.0000
4 32 785152 0.16270637   28.0400   25.9300   32.3500    4.8990    4.5302    5.6509 32.459 28.140 35.101   32.4686    0.0020   50.0000 1000.0000
4 48 785152 0.16494280   28.6100   26.3300   32.5100    5.0671    4.6626    5.7570 47.072 41.431 51.156   47.0828    0.0022   50.0000 1000.0000
8 1 785152 0.07196297   75.5900   26.7800   83.3300    5.8411    2.0696    6.4385  0.851  0.772  2.401    0.8570    0.0017   50.0000 1000.0000
8 2 785152 0.10105053   54.1800   24.9900   58.8700    5.8783    2.7119    6.3879  1.691  1.556  3.665    1.6972    0.0017   50.0000 1000.0000
8 4 785152 0.12664576   52.2400   25.8600   58.7400    7.1039    3.5170    7.9881  2.798  2.488  5.652    2.8047    0.0017   50.0000 1000.0000
8 8 785152 0.14501075   53.0600   30.3300   59.7800    8.2621    4.7227    9.3086  4.812  4.271  8.418    4.8187    0.0018   50.0000 1000.0000
8 16 785152 0.15634672   50.0800   38.5000   56.0900    8.4078    6.4639    9.4169  9.456  8.443 12.300    9.4662    0.0020   50.0000 1000.0000
8 32 785152 0.16270637   49.6000   46.2600   53.3600    8.6648    8.0812    9.3224 18.352 17.057 19.677   18.3613    0.0020   50.0000 1000.0000
8 48 785152 0.16494280   49.9300   46.6300   54.2000    8.8421    8.2580    9.5999 26.976 24.846 28.884   26.9848    0.0020   50.0000 1000.0000
12 1 785152 0.07196297  102.6400   68.1000  113.5900    7.9307    5.2620    8.7773  0.627  0.566  0.944    0.6331    0.0018   50.0000 1000.0000
12 2 785152 0.10105053   77.5500   31.9000   84.2100    8.4139    3.4617    9.1373  1.181  1.088  2.871    1.1874    0.0017   50.0000 1000.0000
12 4 785152 0.12664576   75.3600   40.3900   83.6900   10.2481    5.4928   11.3807  1.940  1.746  3.619    1.9464    0.0017   50.0000 1000.0000
12 8 785152 0.14501075   75.7900   46.4400   85.6600   11.8004    7.2302   13.3381  3.369  2.981  5.498    3.3757    0.0018   50.0000 1000.0000
12 16 785152 0.15634672   65.3300   47.8100   68.1400   10.9668    8.0270   11.4385  7.250  6.951  9.905    7.2584    0.0021   50.0000 1000.0000
12 32 785152 0.16270637   60.9100   56.0300   63.3800   10.6410    9.7879   11.0721 14.944 14.362 16.246   14.9535    0.0020   50.0000 1000.0000
12 48 785152 0.16494280   59.9200   56.1300   63.3800   10.6122    9.9415   11.2243 22.476 21.250 23.993   22.4857    0.0021   50.0000 1000.0000
18 1 785152 0.07196297  137.2700   69.4500  155.1500   10.6064    5.3660   11.9886  0.469  0.414  0.926    0.4748    0.0017   50.0000 1000.0000
18 2 785152 0.10105053  109.6200   41.8300  120.6700   11.8935    4.5392   13.0929  0.836  0.759  2.189    0.8418    0.0017   50.0000 1000.0000
18 4 785152 0.12664576  108.0200   50.5300  120.2700   14.6890    6.8711   16.3555  1.353  1.215  2.893    1.3610    0.0018   50.0000 1000.0000
18 8 785152 0.14501075  102.3200   55.4900  110.4500   15.9316    8.6401   17.1976  2.495  2.312  4.601    2.5024    0.0018   50.0000 1000.0000
18 16 785152 0.15634672   63.1600   53.6400   71.1100   10.6026    9.0044   11.9369  7.499  6.661  8.830    7.5085    0.0021   50.0000 1000.0000
18 32 785152 0.16270637   59.5200   56.6700   64.3900   10.3976    9.8999   11.2500 15.293 14.135 16.062   15.3025    0.0022   50.0000 1000.0000
18 48 785152 0.16494280   60.9400   58.5900   61.9600   10.7921   10.3775   10.9739 22.102 21.735 22.985   22.1103    0.0021   50.0000 1000.0000
36 1 785152 0.07196297  235.6800   46.5400  268.7900   18.2113    3.5965   20.7696  0.273  0.239  1.382    0.2794    0.0017   50.0000 1000.0000
36 2 785152 0.10105053  200.2200   43.6200  222.0400   21.7241    4.7333   24.0923  0.458  0.412  2.100    0.4639    0.0017   50.0000 1000.0000
36 4 785152 0.12664576  155.9500   52.0600  167.4300   21.2074    7.0797   22.7683  0.937  0.873  2.808    0.9437    0.0017   50.0000 1000.0000
36 8 785152 0.14501075  100.8600   43.4900  105.0500   15.7048    6.7723   16.3572  2.531  2.430  5.870    2.5383    0.0019   50.0000 1000.0000
36 16 785152 0.15634672   73.4100   49.7700   74.3000   12.3243    8.3553   12.4733  6.451  6.374  9.516    6.4594    0.0021   50.0000 1000.0000
36 32 785152 0.16270637   63.3400   58.9200   67.1200   11.0666   10.2938   11.7262 14.369 13.561 15.448   14.3774    0.0020   50.0000 1000.0000
36 48 785152 0.16494280   63.3000   61.0000   67.1900   11.2115   10.8043   11.9001 21.275 20.044 22.077   21.2843    0.0022   50.0000 1000.0000
72 1 785152 0.07196297  322.2000   35.5400  354.7200   24.8966    2.7463   27.4091  0.200  0.181  1.809    0.2057    0.0017   50.0000 1000.0000
72 2 785152 0.10105053  309.8200   37.1000  343.7100   33.6159    4.0249   37.2934  0.296  0.267  2.469    0.3020    0.0017   50.0000 1000.0000
72 4 785152 0.12664576  248.7300   47.9400  275.6800   33.8233    6.5196   37.4879  0.588  0.530  3.049    0.5944    0.0018   50.0000 1000.0000
72 8 785152 0.14501075  129.6700   50.4800  133.3100   20.1895    7.8601   20.7569  1.969  1.915  5.058    1.9763    0.0017   50.0000 1000.0000
72 16 785152 0.15634672   76.2700   44.4600   77.3300   12.8038    7.4632   12.9826  6.210  6.124 10.653    6.2182    0.0020   50.0000 1000.0000
72 32 785152 0.16270637   49.8200   34.9000   56.7900    8.7032    6.0972    9.9218 18.271 16.027 26.080   18.2794    0.0020   50.0000 1000.0000
72 48 785152 0.16494280   55.7200   40.1100   61.9500    9.8681    7.1032   10.9714 24.171 21.740 33.580   24.1801    0.0019   50.0000 1000.0000
2 1 3143168 0.07196633   17.3100   13.7100   17.5300    1.3376    1.0595    1.3546 14.877 14.690 18.782   14.8841    0.0018   50.0000 1000.0000
2 2 3143168 0.10105719   13.8800   12.0000   14.4300    1.5058    1.3026    1.5660 26.430 25.415 30.554   26.4372    0.0018   50.0000 1000.0000
2 4 3143168 0.12665623   13.5800   12.5900   14.3000    1.8471    1.7127    1.9450 43.096 40.926 46.476   43.1037    0.0021   50.0000 1000.0000
2 8 3143168 0.14502448   14.2300   13.6600   15.0700    2.2152    2.1277    2.3474 71.867 67.819 74.823   71.8761    0.0022   50.0000 1000.0000
2 16 3143168 0.15636269   15.2100   14.7900   16.0600    2.5539    2.4829    2.6955 124.673 118.120 128.234  124.6826    0.0024   50.0000 1000.0000
2 32 3143168 0.16272367   15.3400   14.7800   16.1200    2.6796    2.5832    2.8174 237.643 226.025 246.519  237.6532    0.0021   50.0000 1000.0000
2 48 3143168 0.16496058   15.3600   14.9700   16.1500    2.7201    2.6510    2.8599 351.167 333.993 360.317  351.1764    0.0022   50.0000 1000.0000
4 1 3143168 0.07196633   35.4900   21.4000   36.1000    2.7423    1.6539    2.7898  7.257  7.133 12.032    7.2635    0.0018   50.0000 1000.0000
4 2 3143168 0.10105719   27.8300   21.3600   28.9000    3.0202    2.3177    3.1355 13.178 12.693 17.172   13.1846    0.0018   50.0000 1000.0000
4 4 3143168 0.12665623   26.9600   18.6800   28.1400    3.6662    2.5407    3.8263 21.712 20.803 31.330   21.7196    0.0020   50.0000 1000.0000
4 8 3143168 0.14502448   27.5000   23.9300   28.9700    4.2822    3.7268    4.5109 37.177 35.292 42.718   37.1862    0.0021   50.0000 1000.0000
4 16 3143168 0.15636269   29.7600   28.8900   31.7700    4.9967    4.8505    5.3340 63.722 59.692 65.642   63.7331    0.0021   50.0000 1000.0000
4 32 3143168 0.16272367   29.8100   28.7800   31.5800    5.2086    5.0292    5.5175 122.258 115.414 126.620  122.2676    0.0020   50.0000 1000.0000
4 48 3143168 0.16496058   30.1800   29.0600   32.0000    5.3448    5.1467    5.6684 178.714 168.513 185.594  178.7235    0.0021   50.0000 1000.0000
8 1 3143168 0.07196633   58.4300   33.3200   61.5900    4.5148    2.5751    4.7593  4.408  4.181  7.728    4.4148    0.0018   50.0000 1000.0000
8 2 3143168 0.10105719   51.7400   23.1700   54.1800    5.6146    2.5142    5.8788  7.089  6.770 15.830    7.0969    0.0019   50.0000 1000.0000
8 4 3143168 0.12665623   50.0100   38.2700   52.1800    6.8007    5.2042    7.0969 11.705 11.216 15.295   11.7137    0.0020   50.0000 1000.0000
8 8 3143168 0.14502448   50.1700   37.7300   52.4000    7.8121    5.8745    8.1596 20.378 19.511 27.100   20.3884    0.0023   50.0000 1000.0000
8 16 3143168 0.15636269   52.0000   49.1300   54.2700    8.7301    8.2489    9.1110 36.471 34.947 38.599   36.4817    0.0021   50.0000 1000.0000
8 32 3143168 0.16272367   51.7700   50.8700   54.2600    9.0461    8.8887    9.4806 70.395 67.168 71.641   70.4052    0.0022   50.0000 1000.0000
8 48 3143168 0.16496058   51.9000   51.0500   54.2900    9.1919    9.0415    9.6162 103.917 99.332 105.645  103.9269    0.0021   50.0000 1000.0000
12 1 3143168 0.07196633   73.4400   39.6800   74.0700    5.6752    3.0665    5.7240  3.506  3.477  6.489    3.5140    0.0018   50.0000 1000.0000
12 2 3143168 0.10105719   72.8400   28.7700   75.3000    7.9039    3.1214    8.1707  5.035  4.871 12.751    5.0433    0.0019   50.0000 1000.0000
12 4 3143168 0.12665623   64.9200   46.3600   66.8900    8.8283    6.3043    9.0968  9.016  8.750 12.626    9.0249    0.0020   50.0000 1000.0000
12 8 3143168 0.14502448   60.6400   53.0700   63.0600    9.4435    8.2644    9.8196 16.858 16.212 19.263   16.8676    0.0021   50.0000 1000.0000
12 16 3143168 0.15636269   62.0700   58.4200   63.9300   10.4219    9.8089   10.7338 30.551 29.663 32.460   30.5612    0.0023   50.0000 1000.0000
12 32 3143168 0.16272367   60.7600   59.3300   62.4200   10.6157   10.3668   10.9054 59.986 58.393 61.426   59.9966    0.0027   50.0000 1000.0000
12 48 3143168 0.16496058   59.3700   58.7100   61.1400   10.5151   10.3990   10.8296 90.840 88.203 91.855   90.8499    0.0020   50.0000 1000.0000
18 1 3143168 0.07196633   78.0700   50.4600   78.9700    6.0325    3.8994    6.1019  3.299  3.261  5.103    3.3063    0.0019   50.0000 1000.0000
18 2 3143168 0.10105719   78.2500   42.6300   81.7300    8.4912    4.6260    8.8684  4.687  4.488  8.604    4.6949    0.0018   50.0000 1000.0000
18 4 3143168 0.12665623   67.2100   50.9700   70.1300    9.1404    6.9311    9.5368  8.709  8.347 11.484    8.7179    0.0021   50.0000 1000.0000
18 8 3143168 0.14502448   63.0400   54.8300   66.6500    9.8172    8.5377   10.3783 16.216 15.340 18.647   16.2261    0.0021   50.0000 1000.0000
18 16 3143168 0.15636269   61.9400   59.4200   64.7300   10.3990    9.9755   10.8670 30.618 29.300 31.918   30.6283    0.0021   50.0000 1000.0000
18 32 3143168 0.16272367   58.9200   57.9200   60.6700   10.2949   10.1197   10.6004 61.855 60.073 62.926   61.8652    0.0021   50.0000 1000.0000
18 48 3143168 0.16496058   56.5200   55.9500   57.8900   10.0111    9.9108   10.2541 95.414 93.153 96.379   95.4253    0.0026   50.0000 1000.0000
36 1 3143168 0.07196633   93.2500   49.1500   94.0900    7.2057    3.7978    7.2703  2.762  2.737  5.240    2.7685    0.0019   50.0000 1000.0000
36 2 3143168 0.10105719   92.9700   66.9700   93.7700   10.0876    7.2664   10.1750  3.945  3.912  5.477    3.9528    0.0018   50.0000 1000.0000
36 4 3143168 0.12665623   77.2100   59.4600   77.7400   10.5005    8.0869   10.5726  7.580  7.529  9.843    7.5884    0.0019   50.0000 1000.0000
36 8 3143168 0.14502448   71.0900   66.6200   72.1000   11.0705   10.3739   11.2273 14.380 14.180 15.346   14.3900    0.0020   50.0000 1000.0000
36 16 3143168 0.15636269   70.9000   67.6800   71.7200   11.9028   11.3636   12.0417 26.750 26.441 28.019   26.7597    0.0021   50.0000 1000.0000
36 32 3143168 0.16272367   65.3000   64.1400   66.6400   11.4092   11.2067   11.6428 55.814 54.694 56.823   55.8248    0.0021   50.0000 1000.0000
36 48 3143168 0.16496058   64.2600   63.5500   65.3000   11.3817   11.2556   11.5670 83.924 82.580 84.864   83.9340    0.0022   50.0000 1000.0000
72 1 3143168 0.07196633   88.1100   53.2000   91.5000    6.8083    4.1111    7.0705  2.923  2.814  4.840    2.9302    0.0018   50.0000 1000.0000
72 2 3143168 0.10105719   89.2400   55.6600   91.1300    9.6832    6.0397    9.8881  4.110  4.025  6.590    4.1177    0.0018   50.0000 1000.0000
72 4 3143168 0.12665623   78.7100   57.8500   79.3000   10.7046    7.8676   10.7848  7.436  7.381 10.117    7.4446    0.0018   50.0000 1000.0000
72 8 3143168 0.14502448   73.2500   54.6100   74.2300   11.4060    8.5035   11.5583 13.957 13.774 18.722   13.9663    0.0019   50.0000 1000.0000
72 16 3143168 0.15636269   68.5500   54.0800   68.8900   11.5092    9.0804   11.5661 27.665 27.529 35.064   27.6741    0.0021   50.0000 1000.0000
72 32 3143168 0.16272367   64.7400   55.6300   65.7200   11.3113    9.7203   11.4832 56.298 55.455 65.512   56.3089    0.0021   50.0000 1000.0000
72 48 3143168 0.16496058   63.9500   57.6500   64.7600   11.3264   10.2115   11.4698 84.333 83.279 93.541   84.3435    0.0022   50.0000 1000.0000
2 1 12577792 0.07196802   15.3500   15.0400   15.4500    1.1861    1.1619    1.1936 67.150 66.725 68.548   67.1587    0.0020   50.0000 1000.0000
2 2 12577792 0.10106051   12.2400   12.0600   12.3300    1.3286    1.3088    1.3375 119.896 119.100 121.706  119.9050    0.0021   50.0000 1000.0000
2 4 12577792 0.12666145   13.1200   12.9600   13.2100    1.7846    1.7622    1.7962 178.518 177.369 180.791  178.5276    0.0022   50.0000 1000.0000
2 8 12577792 0.14503133   14.3800   14.2300   14.6300    2.2400    2.2166    2.2780 284.446 279.700 287.455  284.4552    0.0022   50.0000 1000.0000
2 16 12577792 0.15637065   15.5000   15.1300   15.8400    2.6023    2.5396    2.6598 489.690 479.103 501.790  489.6988    0.0023   50.0000 1000.0000
2 32 12577792 0.16273229   15.3900   14.9500   15.6800    2.6887    2.6119    2.7402 947.907 930.117 975.777  947.9158    0.0026   50.0000 1000.0000
2 48 12577792 0.16496945   15.5500   15.2000   15.8300    2.7551    2.6932    2.8048 1387.628 1363.007 1419.522 1387.6373    0.0025   50.0000 1000.0000
4 1 12577792 0.07196802   30.7000   27.3900   31.2700    2.3725    2.1166    2.4166 33.570 32.957 37.630   33.5781    0.0019   50.0000 1000.0000
4 2 12577792 0.10106051   23.6300   22.2000   23.9300    2.5637    2.4087    2.5965 62.132 61.348 66.131   62.1417    0.0019   50.0000 1000.0000
4 4 12577792 0.12666145   25.4100   25.0300   25.7700    3.4556    3.4037    3.5052 92.194 90.889 93.598   92.2040    0.0021   50.0000 1000.0000
4 8 12577792 0.14503133   27.8600   27.5000   28.5600    4.3391    4.2818    4.4469 146.844 143.282 148.806  146.8535    0.0023   50.0000 1000.0000
4 16 12577792 0.15637065   30.6100   29.7400   31.3300    5.1394    4.9931    5.2601 247.953 242.266 255.219  247.9626    0.0021   50.0000 1000.0000
4 32 12577792 0.16273229   30.3800   29.5400   31.0600    5.3092    5.1624    5.4269 480.045 469.635 493.695  480.0545    0.0023   50.0000 1000.0000
4 48 12577792 0.16496945   30.3100   29.3200   30.9000    5.3686    5.1939    5.4739 712.106 698.404 736.049  712.1156    0.0023   50.0000 1000.0000
8 1 12577792 0.07196802   54.7000   41.4900   56.0100    4.2272    3.2058    4.3283 18.841 18.401 24.844   18.8503    0.0019   50.0000 1000.0000
8 2 12577792 0.10106051   43.8400   35.5200   44.3600    4.7574    3.8540    4.8139 33.483 33.090 41.331   33.4929    0.0021   50.0000 1000.0000
8 4 12577792 0.12666145   46.5300   43.3500   47.3600    6.3276    5.8960    6.4416 50.348 49.457 54.034   50.3584    0.0023   50.0000 1000.0000
8 8 12577792 0.14503133   51.2000   50.4300   52.4000    7.9732    7.8540    8.1597 79.914 78.087 81.126   79.9241    0.0021   50.0000 1000.0000
8 16 12577792 0.15637065   52.9300   52.2400   54.3400    8.8863    8.7713    9.1231 143.404 139.683 145.284  143.4139    0.0020   50.0000 1000.0000
8 32 12577792 0.16273229   51.0100   50.3100   52.4500    8.9131    8.7904    9.1640 285.947 278.116 289.937  285.9572    0.0021   50.0000 1000.0000
8 48 12577792 0.16496945   51.1600   50.3600   52.2100    9.0617    8.9200    9.2484 421.883 413.367 428.587  421.8932    0.0023   50.0000 1000.0000
12 1 12577792 0.07196802   66.5200   46.9200   67.6700    5.1406    3.6259    5.2294 15.493 15.230 21.966   15.5026    0.0021   50.0000 1000.0000
12 2 12577792 0.10106051   57.9800   43.1900   58.7500    6.2913    4.6872    6.3753 25.319 24.986 33.984   25.3287    0.0020   50.0000 1000.0000
12 4 12577792 0.12666145   60.2200   52.7400   61.1200    8.1895    7.1732    8.3122 38.902 38.327 44.413   38.9118    0.0023   50.0000 1000.0000
12 8 12577792 0.14503133   61.6900   60.4500   62.6500    9.6066    9.4138    9.7558 66.326 65.311 67.684   66.3366    0.0022   50.0000 1000.0000
12 16 12577792 0.15637065   60.7200   56.5000   61.9100   10.1945    9.4870   10.3947 125.002 122.595 134.323  125.0128    0.0024   50.0000 1000.0000
12 32 12577792 0.16273229   57.1600   56.4100   58.3600    9.9882    9.8573   10.1971 255.168 249.941 258.557  255.1797    0.0025   50.0000 1000.0000
12 48 12577792 0.16496945   57.0000   56.4300   58.2000   10.0968    9.9950   10.3092 378.632 370.834 382.491  378.6441    0.0027   50.0000 1000.0000
18 1 12577792 0.07196802   65.4700   60.5200   67.5300    5.0590    4.6769    5.2181 15.743 15.263 17.029   15.7525    0.0020   50.0000 1000.0000
18 2 12577792 0.10106051   57.6300   54.4800   59.5400    6.2539    5.9113    6.4608 25.471 24.655 26.947   25.4800    0.0019   50.0000 1000.0000
18 4 12577792 0.12666145   57.7200   56.0800   60.4800    7.8494    7.6272    8.2260 40.587 38.729 41.769   40.5967    0.0021   50.0000 1000.0000
18 8 12577792 0.14503133   59.7200   59.0600   61.3100    9.2996    9.1965    9.5476 68.515 66.736 69.283   68.5258    0.0022   50.0000 1000.0000
18 16 12577792 0.15637065   58.0700   57.5000   58.9800    9.7505    9.6542    9.9029 130.694 128.683 131.998  130.7050    0.0027   50.0000 1000.0000
18 32 12577792 0.16273229   55.5900   51.6700   56.7100    9.7126    9.0289    9.9089 262.407 257.208 282.278  262.4180    0.0028   50.0000 1000.0000
18 48 12577792 0.16496945   54.6700   54.2000   55.6100    9.6835    9.6013    9.8498 394.796 388.128 398.173  394.8081    0.0028   50.0000 1000.0000
36 1 12577792 0.07196802   65.1700   56.1900   71.0000    5.0362    4.3419    5.4864 15.815 14.517 18.344   15.8240    0.0020   50.0000 1000.0000
36 2 12577792 0.10106051   69.8300   65.4300   70.9300    7.5776    7.1001    7.6967 21.021 20.696 22.435   21.0309    0.0020   50.0000 1000.0000
36 4 12577792 0.12666145   69.2200   66.4200   70.6700    9.4137    9.0333    9.6111 33.843 33.147 35.268   33.8525    0.0021   50.0000 1000.0000
36 8 12577792 0.14503133   68.4600   67.5600   69.5200   10.6606   10.5210   10.8267 59.768 58.852 60.561   59.7788    0.0020   50.0000 1000.0000
36 16 12577792 0.15637065   65.2900   64.4500   66.4100   10.9627   10.8213   11.1505 116.243 114.285 117.761  116.2532    0.0023   50.0000 1000.0000
36 32 12577792 0.16273229   62.7900   62.3900   63.7100   10.9706   10.9012   11.1327 232.318 228.934 233.796  232.3287    0.0026   50.0000 1000.0000
36 48 12577792 0.16496945   63.0900   62.4400   63.7400   11.1751   11.0603   11.2913 342.100 338.578 345.649  342.1132    0.0032   50.0000 1000.0000
72 1 12577792 0.07196802   19.8200   16.4500   24.2800    1.5319    1.2715    1.8764 51.990 42.446 62.638   51.9996    0.0020   50.0000 1000.0000
72 2 12577792 0.10106051   70.2300   62.6000   72.3100    7.6204    6.7925    7.8470 20.903 20.300 23.451   20.9140    0.0020   50.0000 1000.0000
72 4 12577792 0.12666145   69.1500   37.3100   71.5700    9.4052    5.0741    9.7338 33.873 32.730 62.786   33.8831    0.0020   50.0000 1000.0000
72 8 12577792 0.14503133   67.0200   61.0400   68.2300   10.4365    9.5059   10.6244 61.052 59.972 67.028   61.0619    0.0019   50.0000 1000.0000
72 16 12577792 0.15637065   65.5400   58.2700   66.1500   11.0036    9.7843   11.1062 115.810 114.740 130.242  115.8208    0.0022   50.0000 1000.0000
72 32 12577792 0.16273229   63.1700   59.9400   63.9800   11.0385   10.4741   11.1801 230.889 227.964 243.330  230.8986    0.0025   50.0000 1000.0000
72 48 12577792 0.16496945   63.9700   62.2900   64.7300   11.3309   11.0342   11.4651 337.396 333.447 346.468  337.4074    0.0031   50.0000 1000.0000
2 1 50321408 0.07196886   14.5100   14.3900   14.5900    1.1214    1.1120    1.1272 284.183 282.703 286.587  284.1916    0.0020   50.0000 1000.0000
2 2 50321408 0.10106217   12.4100   12.1800   12.6900    1.3472    1.3218    1.3776 473.097 462.657 482.166  473.1058    0.0021   50.0000 1000.0000
2 4 50321408 0.12666406   13.3700   13.1300   13.5600    1.8185    1.7858    1.8446 700.951 691.061 713.810  700.9607    0.0023   50.0000 1000.0000
2 8 50321408 0.14503475   14.5100   14.4600   14.5400    2.2594    2.2512    2.2649 1128.369 1125.601 1132.474 1128.3783    0.0025   50.0000 1000.0000
2 16 50321408 0.15637463   15.4800   15.1400   15.6000    2.5989    2.5428    2.6192 1961.896 1946.682 2005.209 1961.9053    0.0024   50.0000 1000.0000
2 32 50321408 0.16273660   15.1300   14.9200   15.2300    2.6438    2.6077    2.6618 3857.171 3831.119 3910.591 3857.1807    0.0026   50.0000 1000.0000
2 48 50321408 0.16497387   15.1600   14.8300   15.2400    2.6850    2.6265    2.6996 5696.918 5666.174 5823.845 5696.9274    0.0025   50.0000 1000.0000
4 1 50321408 0.07196886   28.6700   28.4200   28.8000    2.2153    2.1962    2.2255 143.854 143.194 145.100  143.8632    0.0019   50.0000 1000.0000
4 2 50321408 0.10106217   24.3700   23.8500   24.5700    2.6443    2.5876    2.6662 241.028 239.046 246.307  241.0370    0.0022   50.0000 1000.0000
4 4 50321408 0.12666406   26.1800   25.9100   26.3700    3.5608    3.5240    3.5863 357.981 355.433 361.724  357.9902    0.0022   50.0000 1000.0000
4 8 50321408 0.14503475   28.6200   28.4200   28.7900    4.4567    4.4251    4.4834 572.040 568.632 576.122  572.0502    0.0023   50.0000 1000.0000
4 16 50321408 0.15637463   30.6700   29.6800   30.9500    5.1503    4.9832    5.1972 990.008 981.073 1023.192  990.0185    0.0024   50.0000 1000.0000
4 32 50321408 0.16273660   29.9600   29.2700   30.2000    5.2352    5.1149    5.2767 1947.909 1932.578 1993.715 1947.9188    0.0025   50.0000 1000.0000
4 48 50321408 0.16497387   30.1600   29.4500   30.4100    5.3431    5.2171    5.3865 2862.833 2839.745 2931.993 2862.8430    0.0025   50.0000 1000.0000
8 1 50321408 0.07196886   54.2400   51.7000   54.7300    4.1914    3.9953    4.2296 76.030 75.344 79.761   76.0398    0.0020   50.0000 1000.0000
8 2 50321408 0.10106217   45.3600   45.0600   45.6600    4.9226    4.8900    4.9551 129.475 128.626 130.338  129.4846    0.0021   50.0000 1000.0000
8 4 50321408 0.12666406   47.5100   47.2000   47.8100    6.4614    6.4200    6.5027 197.279 196.027 198.553  197.2886    0.0021   50.0000 1000.0000
8 8 50321408 0.14503475   51.5700   51.2900   52.0600    8.0304    7.9868    8.1073 317.470 314.456 319.202  317.4796    0.0021   50.0000 1000.0000
8 16 50321408 0.15637463   51.6700   51.0800   52.2000    8.6750    8.5768    8.7639 587.758 581.794 594.489  587.7695    0.0023   50.0000 1000.0000
8 32 50321408 0.16273660   49.1700   48.7900   49.6800    8.5925    8.5247    8.6815 1186.800 1174.635 1196.235 1186.8113    0.0025   50.0000 1000.0000
8 48 50321408 0.16497387   50.0100   49.3400   50.5500    8.8595    8.7396    8.9545 1726.550 1708.230 1750.234 1726.5615    0.0028   50.0000 1000.0000
12 1 50321408 0.07196886   64.2700   60.3100   65.2500    4.9664    4.6607    5.0425 64.167 63.198 68.374   64.1766    0.0021   50.0000 1000.0000
12 2 50321408 0.10106217   59.0900   58.4300   60.0800    6.4126    6.3402    6.5192 99.390 97.765 100.525   99.3995    0.0021   50.0000 1000.0000
12 4 50321408 0.12666406   59.8100   59.1700   60.5800    8.1341    8.0476    8.2396 156.711 154.704 158.395  156.7213    0.0024   50.0000 1000.0000
12 8 50321408 0.14503475   60.0800   59.3900   60.9300    9.3555    9.2495    9.4881 272.502 268.694 275.626  272.5130    0.0025   50.0000 1000.0000
12 16 50321408 0.15637463   57.1800   56.7100   58.0300    9.6002    9.5222    9.7443 531.114 523.259 535.463  531.1261    0.0029   50.0000 1000.0000
12 32 50321408 0.16273660   55.3800   54.9300   56.1800    9.6761    9.5987    9.8168 1053.896 1038.789 1062.394 1053.9073    0.0028   50.0000 1000.0000
12 48 50321408 0.16497387   55.8900   55.2600   56.7500    9.9002    9.7886   10.0530 1545.058 1521.571 1562.671 1545.0696    0.0027   50.0000 1000.0000
18 1 50321408 0.07196886   65.2600   56.1500   66.7500    5.0431    4.3393    5.1583 63.191 61.779 73.439   63.2006    0.0022   50.0000 1000.0000
18 2 50321408 0.10106217   57.2100   56.7000   58.2500    6.2080    6.1530    6.3205 102.666 100.839 103.584  102.6753    0.0023   50.0000 1000.0000
18 4 50321408 0.12666406   57.4900   57.0000   58.4700    7.8193    7.7523    7.9527 163.020 160.285 164.429  163.0294    0.0022   50.0000 1000.0000
18 8 50321408 0.14503475   56.5900   56.0800   57.5900    8.8127    8.7330    8.9692 289.286 284.241 291.927  289.2961    0.0026   50.0000 1000.0000
18 16 50321408 0.15637463   55.5400   55.0600   56.7200    9.3259    9.2447    9.5244 546.734 535.341 551.535  546.7451    0.0027   50.0000 1000.0000
18 32 50321408 0.16273660   54.5100   54.1000   55.2100    9.5242    9.4532    9.6475 1070.700 1057.023 1078.741 1070.7145    0.0033   50.0000 1000.0000
18 48 50321408 0.16497387   54.1900   53.8000   54.7900    9.5995    9.5298    9.7061 1593.457 1575.959 1605.108 1593.4703    0.0029   50.0000 1000.0000
36 1 50321408 0.07196886   69.5000   64.8100   70.4000    5.3708    5.0084    5.4404 59.335 58.576 63.628   59.3455    0.0020   50.0000 1000.0000
36 2 50321408 0.10106217   67.9700   66.6700   69.1300    7.3762    7.2351    7.5018 86.406 84.959 88.091   86.4152    0.0021   50.0000 1000.0000
36 4 50321408 0.12666406   66.5800   63.8100   67.7800    9.0546    8.6778    9.2187 140.779 138.274 146.893  140.7890    0.0022   50.0000 1000.0000
36 8 50321408 0.14503475   64.0900   63.7600   65.0700    9.9811    9.9287   10.1337 255.423 251.576 256.772  255.4335    0.0026   50.0000 1000.0000
36 16 50321408 0.15637463   62.6800   62.0900   63.5700   10.5237   10.4261   10.6733 484.508 477.716 489.041  484.5211    0.0031   50.0000 1000.0000
36 32 50321408 0.16273660   62.0000   61.5600   62.7500   10.8333   10.7575   10.9647 941.321 930.041 947.952  941.3345    0.0030   50.0000 1000.0000
36 48 50321408 0.16497387   62.1600   61.7500   62.8600   11.0101   10.9387   11.1356 1389.304 1373.648 1398.373 1389.3168    0.0027   50.0000 1000.0000
72 1 50321408 0.07196886   51.7200   40.2700   54.3900    3.9966    3.1115    4.2028 79.737 75.825 102.417   79.7484    0.0021   50.0000 1000.0000
72 2 50321408 0.10106217   67.0100   56.8100   68.5600    7.2714    6.1650    7.4397 87.651 85.669 103.382   87.6612    0.0022   50.0000 1000.0000
72 4 50321408 0.12666406   65.5400   60.4200   66.6700    8.9132    8.2168    9.0671 143.012 140.585 155.133  143.0222    0.0024   50.0000 1000.0000
72 8 50321408 0.14503475   63.7600   60.7200   64.6400    9.9288    9.4565   10.0662 256.769 253.264 269.592  256.7800    0.0029   50.0000 1000.0000
72 16 50321408 0.15637463   59.6600   58.7500   60.4200   10.0165    9.8649   10.1445 509.041 502.617 516.864  509.0565    0.0041   50.0000 1000.0000
72 32 50321408 0.16273660   59.9900   58.8300   60.8100   10.4822   10.2805   10.6259 972.850 959.697 991.939  972.8704    0.0052   50.0000 1000.0000
72 48 50321408 0.16497387   61.3200   60.5900   62.0100   10.8624   10.7328   10.9850 1408.203 1392.486 1425.199 1408.2264    0.0064   50.0000 1000.0000
