369
3.3404997769143757e-08 
-7.1816554350031522e-09 
1.0946170191158032e-08 
-4.4319372019462371e-09 
5.9180957085756159e-09 
-4.7234085298276803e-09 
4.2561789738554928e-09 
-3.6235862655077947e-09 
3.3574655446252755e-09 
-2.621129875348308e-09 
2.7376036278317094e-09 
-1.9830066477920588e-09 
2.2457951568152998e-09 
-1.4898823293861291e-09 
1.8570544956563581e-09 
-1.1453396342542055e-09 
1.5215859975406505e-09 
-8.5048031108815566e-10 
-1.2788078022012624e-09 
5.9068132753743617e-10 
-1.0707414299495814e-09 
3.9272665332254295e-10 
-8.7492366484907811e-10 
2.1759289067424662e-10 
-7.0670797390654303e-10 
7.815709979078887e-11 
-6.0005344923708695e-10 
-3.9694269706450652e-11 
-5.0260431846052032e-10 
-1.4939870997578647e-10 
-4.0040604700659663e-10 
-2.4182259992175828e-10 
-2.9508931887105773e-10 
-2.6869322628051547e-10 
2.1680171867065818e-10 
3.637878379796876e-10 
-1.8713083234521307e-10 
-4.6471283394513948e-10 
-1.0954408674014626e-10 
4.7116073531875914e-10 
4.8470342894685832e-11 
-5.4950795263053099e-10 
2.5675931766998705e-12 
5.955810426666599e-10 
-4.8558557927554856e-11 
6.1392245338387774e-10 
-8.0834685806492015e-11 
6.3850267749990767e-10 
-1.272989924276553e-10 
7.2467390964438377e-10 
-1.5902528609986184e-10 
6.5217723604490345e-10 
-1.7772210472440689e-10 
7.6117700228765456e-10 
-2.2671614397019693e-10 
7.3391661328055631e-10 
-2.281980993035236e-10 
7.7040112844905084e-10 
-2.80489364658146e-10 
8.0809111215082338e-10 
-2.5612108775533383e-10 
6.780518903828624e-10 
-2.8897451007364541e-10 
7.9528465882423446e-10 
2.9071868966106203e-10 
-9.844902303099553e-10 
4.6909321293933307e-10 
4.2813355935218284e-10 
6.6388897527697332e-12 
-1.1321566185454782e-09 
8.6493908687251406e-10 
-8.425480411104846e-10 
1.4461471564257483e-10 
3.7605456136507942e-10 
4.3215109701662913e-10 
-1.7632027698883068e-09 
-8.7241528459875708e-10 
-1.1363776505427789e-10 
2.1137101058122481e-10 
1.8438296543228291e-09 
3.914837357187387e-10 
2.38888923766278e-09 
-6.2574114110058228e-10 
1.3944729349681488e-08 
8.2538995598602932e-09 
-1.9288091209148554e-08 
-1.1721594322718283e-08 
-1.113235312735253e-08 
-1.2652027555043318e-08 
-4.7242790495191347e-10 
-2.4271715766494412e-09 
1.1981238842452238e-09 
-1.2947963928863471e-08 
-2.7325693751865438e-08 
-1.3897180527814375e-08 
-1.0786554456369852e-07 
-1.0358378559900636e-08 
1.4298155479648276e-07 
2.2734761702948829e-08 
1.1013402150464682e-07 
5.0752575066193022e-08 
-1.7383361931032316e-07 
1.3543545108236566e-07 
-2.5232066237725158e-07 
-2.0579909758807339e-07 
2.0713155571366139e-07 
-2.1434057176418837e-07 
1.2500008201602536e-07 
2.7882176068808857e-07 
-6.1512550256202451e-08 
2.9096129631161961e-07 
2.2033291441453825e-08 
-3.0861492187332307e-07 
1.0438394454724821e-07 
2.4712562298566065e-07 
-1.8471173037538739e-07 
-2.0391888748505305e-07 
3.032686217524035e-07 
9.8213138232454367e-08 
-2.7968448866390337e-07 
4.2240089794131033e-08 
3.1436530316927724e-07 
-1.5266173230988584e-07 
-2.4783656014144189e-07 
2.4359366799080709e-07 
1.4842590338327497e-07 
-3.3414268076436346e-07 
-2.0871343585877478e-08 
3.5004433781247897e-07 
-1.2335997838561129e-07 
-2.7097079566254178e-07 
2.659254754601507e-07 
9.3953880386442408e-08 
-3.4460091281093465e-07 
8.4559438426818589e-08 
3.1352547492737648e-07 
-2.3768793796120342e-07 
-1.8620302648285545e-07 
3.3774328591659263e-07 
2.0925960180194205e-08 
-3.5829057308690646e-07 
1.4802199721699707e-07 
2.4460644043847986e-07 
-3.0684055701807846e-07 
-5.8995745269324471e-08 
3.7485114367816625e-07 
-1.108962564516032e-07 
-3.2838233817463029e-07 
2.4135674468150273e-07 
2.3025896069225659e-07 
-3.437465238959242e-07 
-1.1423490596557655e-07 
3.8196575555768144e-07 
1.6985335995057693e-08 
-3.9569438867828397e-07 
5.2719803445121583e-08 
3.902053126200028e-07 
-7.5236688727674101e-08 
-3.9874078622944532e-07 
6.3261579930539499e-08 
4.1125289894865192e-07 
1.0897496522321422e-08 
-4.098907211799135e-07 
-1.115810485496896e-07 
3.8021871921533945e-07 
2.4596513621868184e-07 
-3.0191181682170937e-07 
-3.4706739644101059e-07 
1.4826264949625864e-07 
4.0698298796121822e-07 
7.7359656774179401e-08 
-3.8730074007099911e-07 
-3.4078995537867245e-07 
1.7612086175106164e-07 
3.9508556102668272e-07 
9.322729258524674e-08 
-3.5809700986141854e-07 
-2.9606939850970882e-07 
1.7859361407034108e-07 
3.8214571113474486e-07 
1.5122242657702093e-07 
-3.2398032125756882e-07 
-3.5881676414433907e-07 
1.0862242820897161e-08 
3.5244385246438925e-07 
2.5383782004380212e-07 
-1.9811493331272667e-07 
-3.3716126017422398e-07 
-1.5952352949220106e-07 
2.9172002366308667e-07 
3.2801155696594998e-07 
4.6524206882629427e-08 
-3.1089984993705137e-07 
-2.5801476406903831e-07 
9.9141677572332243e-08 
3.1975029376264141e-07 
2.5449819441713193e-07 
-1.2092592607088824e-07 
-3.0515814598347165e-07 
-1.5631803280629325e-07 
2.0116615248224268e-07 
2.7249174367788094e-07 
-1.2047737083798935e-07 
2.2978693308443853e-07 
2.6999995956983513e-07 
5.7274235311629092e-08 
-2.3264438590579752e-07 
2.2430850962325467e-07 
-9.5275628666697554e-10 
-2.4247912927376068e-07 
-2.2877189812245813e-07 
-1.2934393845226328e-08 
-2.252361199557023e-07 
-1.78078779813761e-07 
5.9130530021525017e-08 
-2.190807171251531e-07 
-1.8621749575083944e-07 
5.5776129710141472e-08 
-2.0474934687134519e-07 
-1.3695935377263787e-07 
8.1338596008374524e-08 
-1.9188698401308094e-07 
-1.4858265006680332e-07 
7.6640270848904854e-08 
-1.8162330972666352e-07 
-1.0546976576306042e-07 
8.3065372365100353e-08 
-1.6873535608939708e-07 
-1.1881778764991697e-07 
8.1672810561187152e-08 
-1.6091103006876712e-07 
-8.5522309195899754e-08 
-7.2860083544744572e-08 
-1.515560069639527e-07 
1.0134837867466462e-07 
-7.6018348395630036e-08 
1.4364047428222665e-07 
8.1481073835678047e-08 
5.7610778623092558e-08 
1.3830284800157527e-07 
-1.0174752696392513e-07 
6.08075530531667e-08 
-1.2623035812619387e-07 
-9.819468477293136e-08 
-3.5030756534515998e-08 
-1.2340201806846651e-07 
1.199113725893404e-07 
-2.0090134067981931e-08 
1.0344359189370456e-07 
1.1792264817602177e-07 
-1.4260284839054348e-08 
-1.0152173244628874e-07 
-1.2290535785204e-07 
5.2303188031928115e-08 
-6.6710073997994713e-08 
1.168226973883611e-07 
9.0528383327989727e-08 
2.4775870506059875e-08 
-1.044318883560978e-07 
-9.0973268908261898e-08 
2.3028104689595975e-08 
9.5628830203738285e-08 
9.0559369136543788e-08 
-7.390087957630681e-08 
-4.3085523951785932e-08 
-8.5069917350365355e-08 
9.1287877516383585e-08 
-3.2105014396049683e-08 
6.1087132873482847e-08 
-8.4262256165344252e-08 
6.9843155976085556e-08 
6.079142125294356e-09 
7.4399303363788638e-08 
-6.4898479793652329e-08 
-6.8113693774929898e-08 
-1.4730631624233817e-08 
5.9892431942800047e-08 
-6.3938606349606696e-08 
-4.7668115037286834e-08 
-2.2848845997314815e-08 
6.1795280542676514e-08 
-4.839852644521938e-08 
-4.819266050866696e-08 
-2.4154122715170092e-08 
4.653437664458067e-08 
-4.7966805719672209e-08 
3.6522418340939267e-08 
-1.6498450242955758e-08 
4.7271114688035834e-08 
-3.6454200016592734e-08 
3.9314457726875157e-08 
6.1167640358824104e-09 
3.4746669468721355e-08 
-3.5457385436434591e-08 
2.9733485048725456e-08 
-2.907580160206903e-09 
-3.334821877851469e-08 
2.7821651406392148e-08 
2.8848151232687412e-08 
-1.3821743820723785e-08 
-1.8260729423644793e-08 
2.5225958650238438e-08 
-2.2611092154044081e-08 
1.5254317956499042e-08 
-5.6431483997600198e-09 
2.395488160164834e-08 
-1.9767557831450353e-08 
1.5692863046886238e-08 
-1.0434800338024903e-08 
-7.3020549296753633e-09 
1.8377880210068402e-08 
-9.2494767489059556e-09 
-1.1763689824770935e-08 
-3.8772712701862098e-09 
1.3007348330135426e-08 
-1.5830828075114957e-08 
4.8131467143201469e-09 
-5.4545952408271798e-09 
-7.2686526269860244e-09 
7.6970374802824326e-09 
-1.3355733717984988e-08 
-5.9995447569267298e-09 
2.4963722854828653e-09 
1.6531224927000702e-08 
-5.9857384570956884e-09 
1.5533667142052757e-08 
7.4752669321305833e-09 
2.6340596041960424e-10 
1.8307814835939063e-08 
-1.7497619283308445e-09 
1.8110298396372632e-08 
8.9880848461059585e-09 
1.6707514121645701e-09 
2.1059213607304444e-08 
1.8727106133749253e-09 
2.0859520699181965e-08 
3.5502244798634923e-09 
4.5938617511812506e-09 
-2.0878932662639621e-08 
-5.442482931138708e-09 
-2.1464898440508852e-08 
-5.2716311734142281e-09 
-1.0149237012448029e-08 
-1.8775976500008811e-08 
-9.1727097656575461e-09 
-2.1191228624505577e-08 
-7.4293044713509396e-09 
-1.4220797873836021e-08 
-6.586172490140327e-09 
-5.1007749640940127e-10 
-1.1734823534479009e-08 
-6.764980850295856e-10 
-7.8846101811151248e-09 
8.178004642216445e-09 
2.4470500679202399e-09 
8.2598983091844509e-09 
1.2450696118678431e-08 
1.4264162464421564e-08 
2.1758344775591388e-08 
1.9946122796330383e-08 
2.4400006746223568e-08 
1.4359807451602838e-08 
1.1538085668929504e-08 
1.9842156218543206e-08 
1.6178341949844682e-08 
-2.019853808185234e-09 
1.3938257879424104e-08 
3.2367378125552723e-09 
1.5123690740065138e-09 
