369
-1.5781184391890084e-11 
2.4822983226788e-09 
2.8902763761658934e-09 
8.9811573748538484e-10 
1.0669620502276987e-09 
-2.9050400431421473e-10 
2.4615201969320675e-10 
-5.8100490962420793e-10 
1.1831150109352837e-10 
-4.6842257249956424e-10 
1.1791580741679791e-10 
-3.7655219768351578e-10 
1.1381320021378626e-10 
-3.2035635578871461e-10 
7.9944987110818886e-11 
-3.0018559203120121e-10 
5.2262153941117961e-11 
-2.7543307003855362e-10 
-3.8319421789247349e-11 
2.4231155742005534e-10 
-3.1259633720596031e-11 
2.291279317242615e-10 
-1.6121072061343482e-11 
2.0874589657684806e-10 
-4.5728267766114352e-12 
1.8653240465863594e-10 
-6.4072199216342738e-12 
1.7335630936884903e-10 
-1.4897346550784283e-12 
1.6802881982131465e-10 
9.5079503151462771e-12 
1.6257918070895793e-10 
1.6709315765975262e-11 
1.3700816513720827e-10 
-1.8513478109032477e-11 
-1.4678511613113709e-10 
2.6991979752347076e-11 
1.4868076793458154e-10 
2.5180925435835114e-11 
-1.2766609839523801e-10 
-3.4933481911467721e-11 
1.2932338002955262e-10 
-3.5186170109637358e-11 
-1.2743710297361794e-10 
-3.7633045401611817e-11 
-1.1096284264070241e-10 
-3.5309546552459522e-11 
-1.104147329425743e-10 
-3.9269445711442083e-11 
-1.0604543016578602e-10 
-4.8727275751711258e-11 
-1.0526583845779432e-10 
-2.9708273498888135e-11 
-9.0401299245541042e-11 
-5.921243890186085e-11 
-8.9230291163618165e-11 
-2.8462628230659452e-11 
-9.454199190679094e-11 
-6.1911664456251126e-11 
-9.0505991424297874e-11 
-3.0549026425808365e-11 
-1.6461275096690835e-11 
-5.4478663392231862e-11 
-1.7655344532007774e-10 
-2.3718783724512388e-11 
-1.7777736675898717e-10 
3.0742696601093198e-10 
-4.6563804320555779e-10 
4.570783484948399e-10 
-2.2324448235537883e-10 
6.8015746328538377e-10 
5.2110128986005789e-11 
5.4137213648647723e-10 
-7.1025269775651489e-10 
-1.4134257531440163e-10 
-1.122829133659776e-09 
-1.0669645882271342e-09 
8.8682623539800716e-10 
-6.0085730677768116e-10 
9.6280946342169793e-10 
4.1265423228109761e-10 
3.3285431232401326e-09 
9.449287366554951e-10 
1.2101736690093189e-08 
1.1956234120183286e-08 
-1.7144608091572173e-08 
-1.4590738909483971e-08 
-7.0754362101678354e-09 
-1.3724439198558213e-08 
-9.9782140389084916e-10 
7.0855859702002068e-10 
1.314715297161509e-09 
-7.1032983473787713e-09 
-2.6301425558298575e-08 
8.5555648068175193e-09 
-8.938814607158828e-08 
-4.7650344532174122e-08 
1.1114302177231212e-07 
5.1556956212255785e-08 
7.9680362508691194e-08 
7.5444670352133982e-08 
-1.2261416777020342e-07 
1.6549703204082532e-07 
-1.6104365426745588e-07 
-2.2684297979300354e-07 
1.1116937391768631e-07 
-2.1193301984547415e-07 
3.8762868549716017e-08 
2.4926119013664402e-07 
2.4640449419005807e-08 
2.3867678776931689e-07 
9.1570431860352243e-08 
-2.29503544581083e-07 
1.5532922051634719e-07 
1.6171492102855019e-07 
-2.0156854862682884e-07 
-1.0198599142201016e-07 
2.8404744197070477e-07 
1.3028584476790194e-08 
-2.3535496933618155e-07 
9.8621475834180171e-08 
2.3274240533627522e-07 
-1.8372704809248383e-07 
-1.5680256857925841e-07 
2.3611382257236272e-07 
5.6887523007440248e-08 
-2.836513268410985e-07 
5.3179836193810778e-08 
2.6443681454887898e-07 
-1.6571301214569257e-07 
-1.6624286138728624e-07 
2.5364781341364262e-07 
8.8096349070617619e-09 
-2.8004436850824627e-07 
1.3327725349287754e-07 
2.1536594691452762e-07 
-2.3699199933494359e-07 
-9.108499902555437e-08 
2.8864726494951224e-07 
-5.1447409424393059e-08 
-2.670963790504263e-07 
1.7715532563811168e-07 
1.4551122948510648e-07 
-2.8085165613185349e-07 
1.7783066691634598e-08 
2.9521066663938466e-07 
-1.4685972580684535e-07 
-2.3146192493511471e-07 
2.3766930184163352e-07 
1.3218782896643249e-07 
-2.9838980816299937e-07 
-3.4679237405376153e-08 
3.1129778843294994e-07 
-4.5382826334662791e-08 
-3.068117723374286e-07 
9.5664652199550611e-08 
2.9893600390843882e-07 
-1.1282157396757905e-07 
-3.0422389761420599e-07 
9.8585348001882436e-08 
3.2128567614548963e-07 
-3.9393965847633825e-08 
-3.2485628761474882e-07 
-4.8783422038822474e-08 
3.1235818083905097e-07 
1.5928883914515441e-07 
-2.556533828297516e-07 
-2.5230540059742531e-07 
1.4102542846159111e-07 
3.0403194526371854e-07 
3.7144174733484721e-08 
-3.0218584726644115e-07 
-2.4621995332946779e-07 
1.4556820535359528e-07 
2.9742354143650599e-07 
5.7631472499095238e-08 
-2.6848036384452147e-07 
-2.1824827147281727e-07 
1.3533694974720807e-07 
2.7910928769413542e-07 
1.1506494936535078e-07 
-2.3758617803305581e-07 
-2.621826657978609e-07 
-3.3307737297456423e-09 
2.5545936929331875e-07 
1.9245031045693438e-07 
-1.2840086823493302e-07 
-2.5082964086805461e-07 
-1.3298193598966511e-07 
1.9502146916142663e-07 
2.4356076874839276e-07 
5.9504246024469128e-08 
-2.1064563722664773e-07 
-2.0680883856502646e-07 
3.9186038567295542e-08 
2.2926535538175298e-07 
2.0590329085986992e-07 
-5.1140652386439078e-08 
-2.1545496295492826e-07 
-1.5235609621207529e-07 
1.1188147392600023e-07 
2.0933801559436566e-07 
-1.3403799670937335e-07 
1.3796077963370568e-07 
2.0241871422748677e-07 
9.8326604960521608e-08 
-1.4232387471016636e-07 
1.893445089749662e-07 
6.3681665254087613e-08 
-1.6570431473275178e-07 
-1.8666731019382745e-07 
6.0744113594045531e-08 
-1.4659037207848993e-07 
-1.7122493836261286e-07 
-3.1334653979038672e-08 
-1.6225759748021876e-07 
-1.7170817727966579e-07 
-3.905664401937203e-08 
-1.3970177142398695e-07 
-1.5673895586933906e-07 
-2.2670024163326172e-08 
-1.4988317100930339e-07 
-1.5901428151341558e-07 
-3.1837339398258932e-08 
-1.2591369078082995e-07 
-1.4614446101745732e-07 
-3.1164231444047121e-08 
-1.3191420944179692e-07 
-1.477977403220312e-07 
-3.7115212465487988e-08 
-1.0495358161051985e-07 
-1.3833019352062087e-07 
4.9973637236043659e-08 
-1.0579234268699632e-07 
1.3699380121223592e-07 
5.0281301414662801e-08 
7.3337413186514782e-08 
1.3016446242492017e-07 
-6.8569528279567691e-08 
7.0373192617176355e-08 
-1.2221959381520833e-07 
-6.6421288184279795e-08 
-3.2249837151733385e-08 
-1.1493716167982606e-07 
8.3351410442569945e-08 
-3.3124594847184278e-08 
9.1986107483496099e-08 
8.8316478192818337e-08 
-3.3496471696117143e-09 
8.2350093758108847e-08 
-9.6402074884016082e-08 
2.5736030776374323e-10 
-4.6333479379436111e-08 
9.6768336279381891e-08 
3.7254660881947238e-08 
4.8411446958849971e-08 
7.6413570075095017e-08 
-6.4749909407623192e-08 
-1.515839984573796e-08 
-6.7627263240282391e-08 
8.007776016857389e-08 
1.0886645796875869e-08 
3.8875478934682801e-08 
-7.7748913317811876e-08 
4.2172735098935183e-08 
-4.2560818799713599e-08 
5.0516147605723912e-08 
-7.5276682984111006e-08 
-4.2244878600389446e-09 
-5.2377690740264293e-08 
5.6647400969530382e-08 
6.1356511184004578e-08 
2.0746761751698609e-08 
-5.5993486849800389e-08 
-6.1110253555627435e-08 
4.5448319613082887e-08 
3.1719053187419335e-08 
-5.7724106136575078e-08 
-6.3229512682958517e-08 
3.1391468296006758e-08 
3.6999740368934931e-08 
-5.7476544322015926e-08 
-6.3038082014813552e-08 
2.5968251476810753e-08 
3.8215904520854296e-08 
-5.6779769595986284e-08 
5.9518215215333612e-08 
3.0671244633686704e-08 
3.7429157572774291e-08 
-5.5188769110538674e-08 
5.6120405878462987e-08 
-4.0440627508307008e-08 
3.2906058342936167e-08 
-5.3758749042669994e-08 
5.2986719865713905e-08 
-5.117526818013575e-08 
-2.0523385118659835e-08 
5.1565380536574316e-08 
5.107409377324369e-08 
-5.918507595551937e-08 
7.3941233279630502e-09 
4.8235335750808859e-08 
-4.8505699722097365e-08 
5.7890207385001205e-08 
4.3934869713843406e-08 
3.0213590700466439e-08 
-4.4377372437439856e-08 
5.5277022638045335e-08 
-5.6601092243736412e-08 
3.2378435186768154e-08 
2.962648835119011e-08 
-5.2330540984964606e-08 
-5.3300079068124408e-08 
5.3824496919129327e-08 
-1.6992370293485005e-08 
-4.150775427131238e-08 
4.8594133661078859e-08 
-5.3687537345381177e-08 
5.0630561202376474e-08 
-1.5168840340368649e-08 
-2.9986904566983471e-08 
4.9088113288421444e-08 
4.7796920943525937e-08 
-3.6407953678053764e-08 
2.1299961548786032e-08 
2.3779626720624531e-08 
-4.0681338910031857e-08 
3.4202222660989832e-08 
-2.8006123666853272e-08 
1.1775004678395236e-08 
4.0440632047729066e-09 
-3.1137869568890401e-08 
2.5414754624756762e-08 
-1.2788002734331689e-08 
1.0053117758971392e-08 
1.8267564076086882e-09 
-1.7134660560571713e-08 
1.8654354564069428e-08 
9.2605095741239245e-09 
-1.1062809358889677e-09 
7.7469997541514625e-11 
6.7965299608008458e-09 
-1.7088666490928753e-08 
5.4499324136694433e-09 
-8.5166280005404426e-10 
-4.4950021746887073e-09 
4.2859591732868023e-09 
-8.3266083475564811e-09 
1.4899210079808031e-08 
-2.7795232127700252e-09 
-3.1158549896455873e-09 
7.7040746076106089e-09 
-6.916894362598784e-09 
1.082758904460603e-08 
-9.91568366512468e-09 
1.2023319164628214e-08 
5.8004164503478429e-09 
-9.2366256579969613e-09 
1.1339718695725285e-08 
-1.0647039941142947e-08 
1.2256461566878587e-08 
-1.7030457240005824e-08 
2.518563590281816e-09 
1.7348391126725542e-08 
-1.3663698983925337e-08 
1.4429306634727806e-08 
1.5166320182056998e-08 
-3.6890264409800859e-08 
4.4175931846291786e-08 
