369
4.0727239268968992e-07 
-1.0569681205475025e-07 
8.4778430224973888e-08 
-4.9210526368798884e-08 
4.6938654943642623e-08 
-3.9192584155977847e-08 
3.5746901218895516e-08 
-2.5276935490098241e-08 
2.7180203828835772e-08 
-1.6396859298955358e-08 
2.0950306956647353e-08 
-1.0900469929594452e-08 
1.6194780016134489e-08 
-6.7378013848118771e-09 
1.2733882263732958e-08 
-3.6408001324618794e-09 
9.824610053833902e-09 
-1.1272740569516507e-09 
-7.6474614992599815e-09 
-9.5916521820567435e-10 
-5.7937873659599144e-09 
-2.6637055248520446e-09 
-4.1857481256251498e-09 
-3.9560088874056784e-09 
-2.8604236734636707e-09 
-4.8614739885545171e-09 
-1.8764395924585779e-09 
-5.8419492956959186e-09 
-1.0002109084382604e-09 
-6.8471002394911333e-09 
-1.6635138010442193e-10 
-7.5730774633355578e-09 
5.2509918038242529e-10 
-6.9872093853071801e-09 
-9.0090377530912259e-10 
8.3411905673750764e-09 
1.6977693452089817e-09 
-9.4607351853636424e-09 
2.0998315716978481e-09 
8.8765023892623892e-09 
-2.5050408673898541e-09 
-9.7515269495922951e-09 
-3.0848147963052573e-09 
1.0102640395966595e-08 
-3.2664505957985873e-09 
9.921715039650942e-09 
-3.5357780331510797e-09 
1.0091398448047572e-08 
-3.9955201533468711e-09 
1.0946628266758949e-08 
-3.9839988870088182e-09 
9.9361530147012721e-09 
-4.4346350419593147e-09 
1.0922712399802167e-08 
-4.2391105346185745e-09 
1.055894545432798e-08 
-5.0387808286123123e-09 
1.0934888135335294e-08 
-4.6825263555668627e-09 
1.1204085979985842e-08 
-4.7253799558022978e-09 
8.8882178875756594e-09 
-4.9676904232722988e-09 
1.1734319495474378e-08 
5.3281659086074956e-09 
-1.0672247728922354e-08 
5.0602456614904073e-09 
9.8799313529411882e-09 
-5.0743334514866777e-09 
-1.1510676658428734e-08 
6.2972501113886413e-09 
-1.1691505040001802e-08 
-5.1053957544952449e-09 
1.0302458669704916e-08 
5.8084431601792172e-09 
-1.0962784988933284e-08 
-5.6233734784783479e-09 
-1.0829290165710573e-08 
5.6788523837409735e-09 
1.0954106746597103e-08 
-4.9347616196823021e-09 
-8.2135393760457366e-09 
-7.0876237080003225e-09 
2.2968307547487577e-08 
8.2753457754065943e-09 
-1.111256431092093e-08 
-3.1921140657799075e-09 
-2.1166684551269929e-08 
-1.5670529715806574e-08 
-8.2251867817686754e-09 
-7.9183378052293005e-09 
9.3184830384229063e-09 
-1.0329748767727384e-08 
-1.4544041438450602e-08 
-3.5680758284996599e-08 
-1.1468780735961103e-07 
1.8723278518770286e-08 
1.3950615471958854e-07 
-1.0889856773569196e-08 
1.2933222640516599e-07 
2.7221916455468003e-08 
-1.8174806004492763e-07 
8.4093361960618408e-08 
-3.0288130442439388e-07 
-1.6220545722523713e-07 
2.4873276736027182e-07 
-1.7919793228615672e-07 
1.9109979005186469e-07 
2.7153177508765735e-07 
-1.157841905200888e-07 
2.8788165528243512e-07 
-5.063889975287184e-08 
-3.4201950081946682e-07 
5.6885107452345836e-08 
2.7959904323119585e-07 
-1.340719440661736e-07 
-2.7262032170218244e-07 
2.9147335833004523e-07 
1.525663558105283e-07 
-2.6937738352453482e-07 
-1.8810594998976528e-08 
3.5859887969392899e-07 
-1.1290215177075057e-07 
-2.8334955520351817e-07 
2.1199534297629299e-07 
2.2306088274744512e-07 
-3.4656991448742492e-07 
-7.1945311595894246e-08 
3.7343152600211971e-07 
-5.9664316909962763e-08 
-3.4098517508600471e-07 
2.5845792912677569e-07 
1.5046864713650022e-07 
-3.4769699755019923e-07 
2.5113204317004417e-08 
3.8001844426996105e-07 
-2.2059441951003097e-07 
-2.3616582038371514e-07 
3.3466127651493026e-07 
9.5314710259022752e-08 
-4.1369071161481249e-07 
1.1988376210602912e-07 
2.9749692018656309e-07 
-2.8492132242724137e-07 
-1.2989501189841725e-07 
4.265761126439798e-07 
-7.5921299659746599e-08 
-3.6812623335586167e-07 
2.1283332189504289e-07 
3.1418801552099761e-07 
-3.6571530613848887e-07 
-1.6202678246144624e-07 
3.9952278441230409e-07 
8.7290856203690636e-08 
-4.5958831907457754e-07 
2.3153628355856214e-08 
4.2794807444825949e-07 
-1.8487110246727146e-08 
-4.7299831187865557e-07 
4.0000113527287043e-08 
4.4829346008062431e-07 
7.5857324995165033e-08 
-4.7860122200714573e-07 
-1.4840335042506314e-07 
4.0130664400596141e-07 
3.3638448714524479e-07 
-3.3808697471160796e-07 
-3.9594528278484917e-07 
1.2970237904024201e-07 
5.0769656474483382e-07 
1.0657416576127086e-07 
-4.2205213204767282e-07 
-4.3979403624202868e-07 
2.0836061904813081e-07 
4.4896921799405033e-07 
1.5286145878139025e-07 
-4.4555172326977975e-07 
-3.4016505786937474e-07 
1.9117114107768072e-07 
4.9841690784350144e-07 
1.7525667718360282e-07 
-3.6646892308795874e-07 
-4.7187218187864663e-07 
3.2465722954105467e-08 
4.1124754523134838e-07 
3.4509257596684846e-07 
-2.6690091319478133e-07 
-3.8816595981424702e-07 
-2.1553449478767616e-07 
4.0117562747007286e-07 
3.8114570334131629e-07 
7.0010638661652403e-08 
-4.2752066195615368e-07 
-2.8384708557218722e-07 
1.2932902837150058e-07 
4.4253155732146871e-07 
2.8084728377541273e-07 
-1.5492906959766077e-07 
-4.2584469733433931e-07 
-1.4325051268775332e-07 
2.6009698557733239e-07 
3.7771896064421055e-07 
-9.5373103637665679e-08 
2.8714901200852305e-07 
3.777678906026408e-07 
3.4400698195773439e-09 
-2.9299023482034085e-07 
3.0657090700471081e-07 
-7.3677455869254474e-08 
-2.8716245017184915e-07 
-3.1659185660981905e-07 
-9.9913591959980307e-08 
-2.7439649752720889e-07 
-2.3429611467045849e-07 
1.6176085472303832e-07 
-2.4506564865446969e-07 
-2.4862063055456859e-07 
1.6812463713799745e-07 
-2.3999660675032042e-07 
-1.6581555900332997e-07 
2.0412614178096085e-07 
-2.0250227563381375e-07 
-1.8553815186502707e-07 
2.0817650294359856e-07 
-2.0615894758056489e-07 
-1.1078613168545157e-07 
2.2302265045143595e-07 
-1.7269793070348877e-07 
-1.3430950559645754e-07 
2.2977900052278803e-07 
-1.8354755911895523e-07 
-7.4298228771670548e-08 
-2.2889258500498708e-07 
-1.6278358568384015e-07 
1.0578196502239245e-07 
-2.3799864893252764e-07 
1.7851692953315225e-07 
6.8940157376039835e-08 
2.2417959742172178e-07 
1.7084345833659097e-07 
-1.1721754612644598e-07 
2.2952329596829844e-07 
-1.836523265614888e-07 
-1.1304759963579674e-07 
-1.9894935879698113e-07 
-1.7774604321971741e-07 
1.8476372040099126e-07 
-1.7150249124504264e-07 
1.7514524786682813e-07 
1.8751409800714256e-07 
1.1486232480546552e-07 
-1.7027034724613419e-07 
-2.4304672089354862e-07 
-3.5437312391395272e-08 
-1.4305193025864785e-07 
2.2439312881171761e-07 
5.2132502139640139e-08 
1.0397491775789078e-07 
-2.3918880996824991e-07 
-6.4049206936342023e-08 
-2.0780369553521476e-08 
2.1948972093302953e-07 
9.1432473181352152e-08 
-8.5296412608107119e-08 
-1.7248151411768367e-07 
-7.7258427477771134e-08 
1.6220856996927242e-07 
5.524308078586656e-08 
8.9689025195196071e-08 
-1.3844508841685098e-07 
2.072321212022575e-08 
-5.7434721616990503e-08 
1.5847332894596488e-07 
-1.3684069689752075e-08 
-8.8330477420305485e-08 
-9.8192216996689626e-08 
3.157436540533326e-08 
-7.5351495003232575e-08 
3.6993765700537892e-08 
-7.9693559045141589e-08 
9.8718576287091318e-08 
2.4022202140819978e-08 
-3.1498773334988342e-08 
-8.4110230034365838e-08 
-6.536545730064025e-09 
-2.7667490453767451e-08 
-5.6105821173989142e-08 
-7.3049427144558529e-08 
5.3546851496084789e-08 
4.4882482159640219e-08 
5.5785100618197137e-09 
6.5117704822533405e-08 
-2.1543044866436352e-08 
1.0268373877416508e-08 
-5.6939872669712507e-08 
7.7351395076684347e-08 
-3.6974453550940258e-08 
-5.2051718074450541e-08 
-2.7210259092088244e-08 
7.1888983529561128e-08 
-1.4061227113224701e-08 
-4.2186856722443162e-08 
5.7553375581418221e-08 
-7.9688920211482614e-08 
-8.9230407672519642e-08 
-1.3035732063309802e-08 
5.2939113771133853e-08 
-6.1916087210396613e-08 
8.9377295499452506e-08 
-3.2463939366179307e-08 
-3.1169388045009945e-08 
1.0243131941165939e-07 
6.1981871216850494e-08 
-1.2312765959796791e-07 
2.9425927742825638e-08 
2.5444729258113763e-08 
-1.0968907641969385e-07 
4.2482579215978399e-08 
-1.2186356972547889e-07 
-2.6105375021842305e-08 
1.8628253679536077e-08 
-1.4430296621331133e-07 
-2.5525043754386144e-08 
1.2826245436311524e-07 
2.5224697275356996e-08 
2.4581256891977014e-08 
1.3150789532938123e-07 
3.2902622278415672e-08 
1.2336763250012437e-07 
8.3726087205482811e-08 
6.0200903385918312e-08 
1.3416042204984548e-07 
5.8209979622764708e-08 
1.1650677117843649e-07 
1.1050172290237357e-07 
9.4823911038563078e-08 
1.240302673520884e-07 
8.5620827928130784e-08 
-1.2398329350389597e-07 
-1.4885027295720914e-07 
-1.1522235918137463e-07 
-1.5250274063415743e-07 
-4.7995068195719432e-08 
-1.0952269424531081e-07 
-1.6625893819292914e-07 
-1.0922016543479477e-07 
-1.5664300072760398e-07 
-5.2510664392459817e-08 
-1.1969319396826557e-07 
-6.7064214194984635e-08 
-4.2437895455813822e-08 
-8.5803848638242154e-08 
1.7519679623091616e-09 
-4.7028467578909994e-09 
9.037507289568653e-08 
6.2317205958405952e-08 
5.0475576899325306e-08 
1.9251130212948824e-07 
1.3443740572618442e-07 
2.4341495324641136e-07 
1.6054812921494783e-07 
1.7966705927078007e-07 
1.3181729331694551e-07 
1.2862724317590835e-07 
1.8652634354720765e-07 
-7.2325236515669082e-08 
7.239258969865449e-08 
7.5244223222442231e-08 
2.1601158825407759e-08 
