369
4.5093650941445824e-10 
1.4794494365645757e-09 
1.2153722583516202e-09 
1.1642227987895746e-09 
5.7742978242328298e-10 
3.1481086704647379e-10 
-6.0466882767343009e-11 
-1.9133661569459853e-10 
-2.7584030985022477e-10 
-3.1308541255627226e-10 
-3.0329956523550158e-10 
-3.2292298892504187e-10 
-2.892414676072312e-10 
-3.1434610817747647e-10 
-2.8449946030562206e-10 
-3.2335189324376703e-10 
-2.7947301150889437e-10 
-3.2054491223321587e-10 
2.7198000766289183e-10 
3.1185925498845932e-10 
2.6300916740550001e-10 
3.0897295980959447e-10 
2.5508116127537081e-10 
2.9869153644275585e-10 
2.4371217209715171e-10 
2.8116200335561817e-10 
2.3576628934993884e-10 
2.7783153409898165e-10 
2.3386880544286391e-10 
2.8281593944783101e-10 
2.3407842471270776e-10 
2.8206246243921191e-10 
2.2268172715492141e-10 
2.4078012110774289e-10 
-2.0128305568621057e-10 
-2.7015867478567561e-10 
2.4185999332215332e-10 
2.8285361447802048e-10 
2.1974174316797607e-10 
-2.513559591337443e-10 
-2.1668289089341521e-10 
2.6215035703836354e-10 
-2.272878515806848e-10 
-2.5913317455379116e-10 
-2.1011432874340206e-10 
-2.4104369439327687e-10 
-2.0329888251155793e-10 
-2.3758749372868896e-10 
-2.1081241976995145e-10 
-2.4815747047194738e-10 
-1.9572622903328486e-10 
-2.1864830839255122e-10 
-2.0149242244488799e-10 
-2.3135274353552231e-10 
-1.7826005644548277e-10 
-2.1705803597961039e-10 
-2.0679733988451102e-10 
-2.1054186439170189e-10 
-1.7734259664159456e-10 
-2.5003068715666269e-10 
-1.5195911158713582e-10 
-6.5691494696215928e-11 
-2.3202443640897618e-10 
-3.5612379449222485e-10 
-3.2618363251426786e-12 
-1.1611565607581277e-10 
6.9416345470183912e-10 
-6.1344814296141586e-10 
6.6401760130682957e-10 
-3.2579587103751978e-11 
1.0382948941041857e-09 
-2.0207751987754149e-11 
3.1757356474763741e-10 
-1.0629486954864054e-09 
-8.6490990121258963e-10 
-8.912397735585638e-10 
-2.4765391583838584e-09 
4.8035072170055327e-10 
-1.3760867905052524e-09 
-3.7512718507707488e-12 
1.7465115189328401e-11 
1.8013633605917265e-09 
9.6378654779772672e-10 
4.0283998304209135e-09 
1.0025578870587461e-08 
-3.1179447619495619e-09 
-9.5028385299844971e-09 
1.8318056505001452e-09 
-8.2233227291620181e-09 
-2.5948734586498124e-09 
4.3874653035770889e-09 
9.4472895382960773e-11 
2.7582625776312367e-09 
-6.2970828623688706e-09 
1.6109823812215701e-08 
-1.1972960334797351e-08 
-3.5313168638896406e-08 
4.9869818101131228e-09 
2.9571787384658652e-08 
-1.4048736085793827e-09 
3.4514164010984442e-08 
3.3263799898460733e-09 
6.3454265023173301e-08 
1.9000161919986925e-08 
-7.7906004249900935e-08 
-3.9364202614233485e-08 
-5.9058183839496419e-08 
-5.4374988663170839e-08 
5.429258341734221e-08 
7.6914238820840623e-08 
3.5095531082470706e-08 
8.5142131490999093e-08 
-1.4744277497593295e-08 
9.4173825402132155e-08 
-1.2316472825191778e-08 
-8.4151052918284274e-08 
4.3545803752739418e-08 
9.0464385298108086e-08 
-6.436217762751901e-08 
-5.2978741077211812e-08 
8.3547032285334176e-08 
2.4024515817314336e-08 
-9.8244812900150354e-08 
1.5239090736831417e-08 
8.7594798678264683e-08 
-5.3435058335268485e-08 
-7.5214869588484389e-08 
8.6538109433915764e-08 
3.803776187286501e-08 
-1.0761918222272132e-07 
1.885732255144758e-08 
1.0308395331036584e-07 
-7.5099963816652895e-08 
-6.8095317879313625e-08 
1.0869109273848534e-07 
1.0182515157251417e-08 
-1.1679284662041131e-07 
5.0668663098430208e-08 
9.690026939211872e-08 
-1.0024220711593019e-07 
-4.867541664640486e-08 
1.2848768024744404e-07 
-2.6730069297786222e-08 
-1.2935674863926992e-07 
9.4366880297549058e-08 
8.7408679784200492e-08 
-1.3053713862811604e-07 
-2.9901456514776873e-08 
1.432396965622396e-07 
-2.803323768403929e-08 
-1.4137296068406676e-07 
7.4013721088013881e-08 
1.2274679277285647e-07 
-1.073665230788971e-07 
-1.0700414428403126e-07 
1.2789559831431502e-07 
9.971901331581482e-08 
-1.362114849001221e-07 
-1.1063940186911253e-07 
1.3223738319976045e-07 
1.3377859061836107e-07 
-1.0424453705985203e-07 
-1.5839175957488492e-07 
5.3573783674685308e-08 
1.7638140517401242e-07 
1.6940290079882031e-08 
-1.7030506038303168e-07 
-8.8147228227146478e-08 
1.241110192036978e-07 
1.3917563642254115e-07 
-3.1341210959652916e-08 
-1.6509155043557575e-07 
-1.019307179352404e-07 
1.090151063594549e-07 
1.494014622269474e-07 
-8.1957414254723128e-10 
-1.4866088101071587e-07 
-9.7780162622763608e-08 
8.5569724862833046e-08 
1.4054770531517356e-07 
5.0999477289143229e-08 
-1.268699712555951e-07 
-1.3607469853370635e-07 
-3.5548605747391093e-09 
1.3200103592226005e-07 
1.0723963371305308e-07 
-5.6681849073773776e-08 
-1.3521821186421963e-07 
-8.858895404091887e-08 
8.869314518921228e-08 
1.3292455199680708e-07 
6.1936234372129441e-08 
-9.8306854794764789e-08 
-1.3103765799280923e-07 
-1.9315095769218173e-08 
1.2316850868550202e-07 
1.3353170081947018e-07 
1.968400103603207e-08 
-1.1101307176209806e-07 
-1.2769847421254442e-07 
1.3693618086773985e-08 
1.2978157125170693e-07 
-1.2860179971635777e-07 
3.2272588455393859e-08 
1.1789549120892109e-07 
1.2329280976967508e-07 
-3.488535461517506e-08 
1.361756949120375e-07 
1.1625660510422476e-07 
-6.5838846603418538e-08 
-1.2438433367311646e-07 
1.221485937538373e-07 
-4.4196336382997073e-08 
-1.4271508805102407e-07 
-1.1361767067141848e-07 
-7.5264987719752468e-08 
-1.3179606679593153e-07 
-1.2420355607834154e-07 
-4.4253651846733969e-08 
-1.5004090310642154e-07 
-1.1966335615684956e-07 
-7.1247807258803286e-08 
-1.3770033550655656e-07 
-1.3105517993476983e-07 
-3.3797736903823043e-08 
-1.5367864822031028e-07 
-1.3518174586996237e-07 
-5.2771895650278259e-08 
-1.3724448614323618e-07 
-1.4326830698808525e-07 
-8.7288069479628151e-09 
-1.4931550157966014e-07 
1.5373007166431826e-07 
-1.5206469081890601e-08 
1.2441549682889296e-07 
1.5601275141707403e-07 
-3.4908702466921773e-08 
1.2736049932972259e-07 
-1.6258137397750529e-07 
-3.7331016917312929e-08 
-8.7379238668361545e-08 
-1.5968274879501147e-07 
8.6692660108990487e-08 
-7.3144299893829541e-08 
1.5272370535247762e-07 
8.371690798594258e-08 
1.1412287426165788e-08 
1.4041260401948681e-07 
-1.1602447446545879e-07 
-5.318150423779957e-09 
-1.087363446866816e-07 
1.0857383222504032e-07 
6.0852005784349465e-08 
6.4878908583837316e-08 
1.1858654328290192e-07 
-5.5297590240538635e-08 
-6.9333631754667213e-09 
-1.0303031931715645e-07 
8.2616185655654984e-08 
2.0895201792300048e-08 
6.7007627608655056e-08 
-7.9625283495795285e-08 
-5.5415222192979491e-08 
-8.0895762145132765e-09 
7.991602317433692e-08 
4.7654761725646706e-08 
-3.7768774522457968e-08 
-3.425938688911592e-08 
-6.7653114882909868e-08 
3.2565552382055221e-08 
-2.5908020970078233e-08 
4.4177300937773008e-08 
-5.032683513576595e-08 
2.3523110347379594e-08 
1.593694295683275e-08 
4.5440934799618341e-08 
-3.8912047400411463e-08 
1.8452648701490492e-08 
9.2469976353628721e-09 
4.0532793793660203e-08 
-3.0924754600572884e-08 
1.4967758706048003e-08 
6.6019400171845871e-09 
3.531296030673e-08 
-2.6267373793485727e-08 
1.3403941109915467e-08 
-9.2113903691891924e-09 
2.7276145098891119e-08 
-2.2674093453950793e-08 
1.2164038004559358e-08 
-1.0870210377718011e-08 
-2.0543667696395974e-08 
-2.1255878908389002e-08 
1.1676811543693087e-08 
-1.1320165505945105e-08 
-1.0999354649016617e-08 
1.9908365311223462e-08 
-1.1025616619303351e-08 
-1.0869054129691743e-08 
-1.7700044092939146e-09 
1.8462136535733702e-08 
-1.1251866498391232e-08 
1.0698214492328368e-08 
-4.1707898045522741e-09 
8.7719666427376727e-09 
-1.3710966488224143e-08 
1.057367334302292e-08 
-5.631626307271497e-09 
4.0730520844528074e-09 
1.0615472498059841e-08 
-1.2269611175616947e-08 
6.7161083284774216e-09 
6.0344257853787081e-09 
1.0980759460035533e-09 
-9.8871265888267852e-09 
8.6144721578775977e-09 
-6.6037612570156e-09 
1.8274976196716975e-09 
6.5329760681517826e-10 
-9.2052277669964864e-09 
9.511750110170964e-09 
-3.928499190842927e-09 
-2.0707843881651886e-09 
-3.0723731253216012e-09 
5.9360542968894164e-09 
-8.3179022672256639e-09 
4.3169882462340206e-09 
1.3928105217755336e-09 
-2.5244345652720499e-09 
6.0530979681981921e-09 
-7.8960997800932438e-09 
5.6742067179988907e-09 
-2.5849196957154256e-11 
-3.7026919270295749e-09 
3.9608959544770942e-09 
-5.9821674032556049e-09 
7.1083174492464245e-09 
-5.1819386946654866e-10 
2.4482406649756538e-09 
-4.7432173455480574e-09 
4.4597976325076843e-09 
-6.148275515690545e-09 
6.791737431384926e-09 
1.2580071200974178e-09 
-2.9490663550054284e-09 
4.3761581339493714e-09 
-4.2424592954067116e-09 
5.0769911176330829e-09 
-6.3017908397966042e-09 
-9.1083777105713116e-10 
3.0040537880118916e-09 
-4.6827870131430823e-09 
4.1152112597935739e-09 
-5.5723351861064192e-09 
5.1854754516300561e-09 
-5.4095194702704505e-09 
-2.87997499563075e-09 
4.7200938796971095e-09 
-5.1116751625903693e-09 
5.1659277574227051e-09 
-5.252902869567512e-09 
8.0447636161305672e-09 
-1.2421337586227217e-09 
-7.6268766014187932e-09 
6.1826933670283108e-09 
-6.1390931979664546e-09 
-6.3145564297307893e-09 
1.7035723393000096e-08 
-2.05130619420763e-08 
