369
3.5967680944226556e-10 
1.0775585140531485e-09 
9.273649556587246e-10 
9.1449358802971284e-10 
5.2177954257570658e-10 
2.4803621505817876e-10 
-2.1252386968783085e-11 
-2.0946521881233672e-10 
-2.5145962318814039e-10 
-3.5125967191512905e-10 
-3.0718729841603347e-10 
-3.766208184441146e-10 
-3.0857718152648576e-10 
-3.7108486222253935e-10 
-3.0795654319430097e-10 
-3.7948642274594539e-10 
-3.0462558944215628e-10 
-3.7556390091158209e-10 
2.9893043404471196e-10 
3.6718121838437226e-10 
2.9211912439349391e-10 
3.6340757753690415e-10 
2.8408777699897797e-10 
3.5115040687839443e-10 
2.7238895156062486e-10 
3.3131991118635966e-10 
2.6574151681179063e-10 
3.2877708450214348e-10 
2.6490084964808392e-10 
3.3437090240061078e-10 
2.6505682745850815e-10 
3.3254615704987649e-10 
2.5210244351023316e-10 
2.8314240601793092e-10 
-2.2794127330043486e-10 
-3.1816813863907912e-10 
2.7448960376312065e-10 
3.3340645687120638e-10 
2.5025368521390365e-10 
-2.962652870764172e-10 
-2.4620756938437031e-10 
3.0890869717519808e-10 
-2.5873276921944045e-10 
-3.0498388748441019e-10 
-2.3948021728656442e-10 
-2.8512300137479038e-10 
-2.3256066194838238e-10 
-2.8053708697894073e-10 
-2.4147725272085954e-10 
-2.931768463749234e-10 
-2.2259487271623077e-10 
-2.5772696291255965e-10 
-2.3218889101314203e-10 
-2.7377099483931827e-10 
-2.0339102526427746e-10 
-2.5799778507054687e-10 
-2.3829970556562659e-10 
-2.4860386671689065e-10 
-2.0323898933991115e-10 
-2.9307365787108807e-10 
-1.7450504505262728e-10 
-9.3381892658889772e-11 
-2.6766396759825435e-10 
-3.9776813850064828e-10 
6.4962586463905381e-12 
-6.9593922208597274e-11 
7.5178728037677263e-10 
-6.1701854621568888e-10 
6.6024641202684945e-10 
4.0559739208001368e-11 
1.0523627188280526e-09 
-8.2251052723920154e-13 
2.1874754809936623e-10 
-1.0421889730326038e-09 
-9.5893194436852783e-10 
-6.9180887985868879e-10 
-2.5919793473213267e-09 
3.5446664021218464e-10 
-1.3443004317543325e-09 
-1.6977425962007248e-10 
9.8038815909612326e-11 
1.5416426812862663e-09 
4.6373693376206816e-10 
2.7112826093629481e-09 
7.960543557191788e-09 
-1.2998896213020757e-09 
-7.3455654429846702e-09 
2.3684702242600111e-09 
-6.3814479616022726e-09 
-2.1102328818061886e-09 
4.0952233703668085e-09 
-9.5526785358978476e-11 
2.8710208574243606e-09 
-3.8972134844085466e-09 
1.1498381497192348e-08 
-5.3522344848538019e-09 
-2.3142542240503405e-08 
-1.7618185774718233e-09 
1.8431266752747225e-08 
-5.6591241909369314e-09 
2.1490199550811261e-08 
8.9553105413041533e-09 
3.9161214562031928e-08 
2.3361508695356435e-08 
-4.7472211474396698e-08 
-3.7149557449738383e-08 
-3.3937158238498417e-08 
-4.5877227380618401e-08 
2.8734763225774507e-08 
6.0710545904504765e-08 
1.4268800883871824e-08 
6.3974432073531744e-08 
1.517652284126209e-09 
6.7721135529112327e-08 
-1.9757278883818545e-08 
-5.7461646557136359e-08 
4.1972993940757668e-08 
5.8369020029278327e-08 
-5.4434921112831415e-08 
-3.0404291733225411e-08 
6.406239468996037e-08 
5.7684989228964637e-09 
-7.1587716529267327e-08 
2.2978789174998813e-08 
5.9537584946183646e-08 
-4.9627057945180355e-08 
-4.6488549322733362e-08 
7.1274721415347306e-08 
1.5637138182496962e-08 
-8.288657813572006e-08 
2.7855241485850394e-08 
7.3319345073621355e-08 
-6.7501972851975936e-08 
-4.0680979469844698e-08 
8.7954300257370032e-08 
-7.0170018545305301e-09 
-8.8353892602907203e-08 
5.3505199133259011e-08 
6.653147734727186e-08 
-8.9030120355485893e-08 
-2.3736298207838784e-08 
1.0611341011632848e-07 
-3.7623329676364644e-08 
-9.9350320109859018e-08 
8.8978006987591209e-08 
5.8483949305984111e-08 
-1.137104647286256e-07 
-8.5881912273952792e-09 
1.1870238456811518e-07 
-3.9650575674505752e-08 
-1.1208323196636651e-07 
7.6904918316158191e-08 
9.2780656349311661e-08 
-1.0409304370328998e-07 
-7.7569230344818085e-08 
1.2155865320145201e-07 
7.0849005863742942e-08 
-1.3039274669687455e-07 
-8.2081403214139615e-08 
1.2972197118839861e-07 
1.0545539054481915e-07 
-1.0858892548902132e-07 
-1.3278027204127428e-07 
6.5685984434897981e-08 
1.5533533159275195e-07 
-2.8634470235710525e-09 
-1.5764377539638811e-07 
-6.4502896936036309e-08 
1.2290451448185302e-07 
1.1587594648231046e-07 
-4.3715874106508257e-08 
-1.473923209273106e-07 
-8.0160983959364912e-08 
1.0828864079755374e-07 
1.2948706395915675e-07 
-1.4207601240982175e-08 
-1.3586195796160162e-07 
-7.8063133500186543e-08 
8.5850479847737687e-08 
1.2167041441492917e-07 
3.5384964067567888e-08 
-1.1748022222807841e-07 
-1.1833839817436136e-07 
5.5006034967821542e-09 
1.1935539515480075e-07 
8.996352865049615e-08 
-5.6478335171229559e-08 
-1.189649556781072e-07 
-7.4116582033468065e-08 
8.2019120109786627e-08 
1.1769004964087255e-07 
5.1356492941089985e-08 
-8.9058081320940339e-08 
-1.1558773606957519e-07 
-1.550736579824224e-08 
1.0975194724364676e-07 
1.1866346875671235e-07 
1.7303305143047504e-08 
-9.8812960183145729e-08 
-1.1485557505850789e-07 
1.054814860511829e-08 
1.1608767302963239e-07 
-1.1712264826899506e-07 
2.6384147932067264e-08 
1.0510142467400938e-07 
1.1434646686244846e-07 
-2.742260798374474e-08 
1.2308194304803756e-07 
1.100186836671303e-07 
-5.5739174555363216e-08 
-1.1174758492565113e-07 
1.1687410624348553e-07 
-3.464010339562816e-08 
-1.3051685601585011e-07 
-1.1089539310965811e-07 
-6.3881912807801095e-08 
-1.1946879388150146e-07 
-1.2168667509582307e-07 
-3.3635251273694305e-08 
-1.3859439369492052e-07 
-1.1883581514467768e-07 
-5.9459414714804728e-08 
-1.2566779245319531e-07 
-1.3012013752602014e-07 
-2.2760282625589263e-08 
-1.4253275174897964e-07 
-1.345175710942714e-07 
-4.0911636793035198e-08 
-1.2513654778660608e-07 
-1.4242768597908237e-07 
2.1596936527943137e-09 
-1.3768297469496702e-07 
1.5152934161539326e-07 
-3.8227985538356771e-09 
1.1162196519598652e-07 
1.5371046898323028e-07 
-4.4457075693960342e-08 
1.1445765900543379e-07 
-1.5757917086682357e-07 
-4.685611917345378e-08 
-7.3670719123925564e-08 
-1.5432590174909763e-07 
9.2626451494421158e-08 
-5.9045190666319287e-08 
1.437787343046931e-07 
8.9521231687359298e-08 
-1.2820360790100157e-09 
1.295960815757817e-07 
-1.1673919668622315e-07 
-1.7502509193477122e-08 
-9.4769578666118064e-08 
1.0890784454666183e-07 
6.7917263657650277e-08 
4.9715872400469143e-08 
1.1216884615606572e-07 
-6.2592410608089969e-08 
-1.9419576237465265e-08 
-9.0733522439135493e-08 
8.3453918356660912e-08 
3.1857564269735716e-08 
5.1387959304418215e-08 
-7.9053213177885275e-08 
-6.0224790323098631e-08 
6.231385978111759e-09 
6.8214849959610284e-08 
5.289776727695391e-08 
-4.4794465179450604e-08 
-1.7852318213867672e-08 
-6.2086165331228813e-08 
4.006530843793093e-08 
-3.4740396486188282e-08 
2.7671939161615817e-08 
-4.9181288400849165e-08 
3.2286669189088313e-08 
2.6496809315430485e-08 
3.0372948985166253e-08 
-4.0281385780106666e-08 
2.795444184784664e-08 
2.1510566466019155e-08 
2.6649505621916453e-08 
-3.3349302312711131e-08 
2.4870420464488366e-08 
1.9327541913783063e-08 
2.1975637611854022e-08 
-2.9076067089802076e-08 
2.3366042904066593e-08 
-2.0993336382575112e-08 
1.2244133889670129e-08 
-2.502514313592253e-08 
2.1903030534168107e-08 
-2.1103316051208335e-08 
-3.7607591834627793e-09 
-2.2162712657665023e-08 
2.1042302444896354e-08 
-2.0655714839417778e-08 
7.3291587213904811e-09 
1.6528840566869343e-08 
-1.9807016556564629e-08 
-1.9409862611826531e-08 
1.5130310273112814e-08 
7.2773903730408413e-09 
-1.8775170658901069e-08 
1.8536693784983682e-08 
-1.8448811430122515e-08 
-9.7972527811051098e-09 
-1.3797665112965366e-08 
1.6636638072901855e-08 
-1.8250249330202002e-08 
1.8172925581298915e-08 
-6.5285672428347641e-09 
-1.2539938422286656e-08 
1.7928392413610532e-08 
1.8138374392692991e-08 
-1.7319439583535879e-08 
4.6198006795195659e-09 
1.4372770417634103e-08 
-1.6449415050197899e-08 
1.7873871232989363e-08 
-1.6888848848498752e-08 
4.5818522632547464e-09 
1.0672782208724247e-08 
-1.7237393024592133e-08 
-1.7007953655099842e-08 
1.3638136675565801e-08 
-8.8625873490225501e-09 
-7.0022048969550799e-09 
1.40298051786757e-08 
-1.2933432426678596e-08 
1.1160933332401409e-08 
-5.8270231222532568e-09 
2.7038255904750047e-10 
1.1360081018256233e-08 
-1.0653940099755664e-08 
6.8855607653948794e-09 
-5.9749134613706483e-09 
2.1980956990362911e-09 
3.6181631630615144e-09 
-7.5163457050580757e-09 
-5.3456811582384671e-09 
2.9469653741046804e-09 
-2.7008793511505281e-09 
2.0371500131235433e-10 
5.0090296782464956e-09 
-4.3205007233623507e-09 
2.8842119780506302e-09 
-1.3595276235784701e-09 
1.3088332371920406e-09 
-1.4161869371901978e-10 
-2.4914086155848981e-09 
2.427962685255647e-09 
-1.218376731342097e-09 
1.7928648980107566e-10 
-2.7179308683854947e-10 
-6.4589851437594891e-10 
6.1814642021430012e-10 
-2.9335557428703275e-09 
5.3332671619917677e-10 
4.8825068748580802e-10 
-7.0460144898495486e-10 
8.4357051878680558e-10 
-9.0004401407926404e-10 
2.4003976200153349e-09 
-8.7083873955600516e-10 
-2.2107637219966986e-09 
1.6273977901788671e-09 
-1.4484039089898472e-09 
-1.6718649887357075e-09 
6.7112348515684222e-09 
-8.3257084754999502e-09 
