369
3.4197821050027385e-10 
1.006341189268379e-09 
8.7546952984853191e-10 
8.654090346181586e-10 
5.0831256881755074e-10 
2.3294470595173322e-10 
-1.5846475078132472e-11 
-2.1311154999597665e-10 
-2.4715237732094746e-10 
-3.5746870283601934e-10 
-3.0776044249483124e-10 
-3.8562304459611255e-10 
-3.1204667089640128e-10 
-3.8081320314721925e-10 
-3.1239878471311432e-10 
-3.8923060503405494e-10 
-3.0946790431919302e-10 
-3.8518358861458882e-10 
3.0413987628248011e-10 
3.7687458402663224e-10 
2.977505509984086e-10 
3.7301256279050389e-10 
2.8974716276592392e-10 
3.6046008856325232e-10 
2.7801351136204007e-10 
3.4025229361946867e-10 
2.7161765777096596e-10 
3.3788493429819364e-10 
2.7098189746328973e-10 
3.4362139649461053e-10 
2.7117685098830368e-10 
3.4162382797164432e-10 
2.578613443482973e-10 
2.9081228082011548e-10 
-2.3322228035839706e-10 
-3.2681053205363522e-10 
2.8086585072386798e-10 
3.4261638588744762e-10 
2.5619746788105677e-10 
-3.0438003618189255e-10 
-2.5202845847081258e-10 
3.1744703915585637e-10 
-2.6487457753853365e-10 
-3.1339141638983593e-10 
-2.4519901919268058e-10 
-2.9317836522758207e-10 
-2.3831714536672294e-10 
-2.8836814860509425e-10 
-2.4742547889519087e-10 
-3.01473195436355e-10 
-2.2799601799068683e-10 
-2.6491591340576752e-10 
-2.3803850983742025e-10 
-2.8159422389213127e-10 
-2.0845141703957059e-10 
-2.6551638564830901e-10 
-2.444180451722206e-10 
-2.5570059925961539e-10 
-2.0846710788758234e-10 
-3.0081407184488253e-10 
-1.78911980569928e-10 
-9.9017840308770268e-11 
-2.7441227615800383e-10 
-4.0488610414942259e-10 
9.1796469594795922e-12 
-5.9819919560970283e-11 
7.6126662661295924e-10 
-6.1607202331122759e-10 
6.5685217687722119e-10 
5.4911245105602487e-11 
1.0527373252207462e-09 
3.9768166917035171e-12 
1.9912310393033652e-10 
-1.0347949858202131e-09 
-9.7087416519507651e-10 
-6.5164225558486679e-10 
-2.6034003910061811e-09 
3.3248159209398696e-10 
-1.3308395833592592e-09 
-1.9435192213525366e-10 
1.1348315081575099e-10 
1.5039166814961969e-09 
3.7047830950415275e-10 
2.5111611556639321e-09 
7.5805360517295523e-09 
-1.0437301067826719e-09 
-6.9638651357765429e-09 
2.4127787556896837e-09 
-6.0646448617580971e-09 
-2.0039658529285924e-09 
4.0243587880036365e-09 
-1.2036072844730181e-10 
2.8626805681607264e-09 
-3.5676254183714976e-09 
1.0704778401678226e-08 
-4.5548816176672672e-09 
-2.1151790014122464e-08 
-2.4400936471828027e-09 
1.6646992382685212e-08 
-6.0294381606953085e-09 
1.9461877189627552e-08 
9.3854238754734832e-09 
3.5440143641362609e-08 
2.3348731338931178e-08 
-4.285823543088681e-08 
-3.6106747727099715e-08 
-3.0225187895187946e-08 
-4.3968660864972568e-08 
2.5108046696143828e-08 
5.7605998846564054e-08 
1.1491860126744359e-08 
6.0236801064485272e-08 
3.454077079833974e-09 
6.3263955247784823e-08 
-2.0320383466290339e-08 
-5.3184806380913179e-08 
4.1048850492293568e-08 
5.3418697970525404e-08 
-5.2292816828007024e-08 
-2.7107372517842223e-08 
6.056939272527896e-08 
3.3664172583687095e-09 
-6.7084891850815819e-08 
2.361943293954538e-08 
5.5042900076424203e-08 
-4.8421590102583641e-08 
-4.2121815835353053e-08 
6.8285818106601791e-08 
1.2505712057244097e-08 
-7.8531579495199694e-08 
2.8671931923561085e-08 
6.8422604281404551e-08 
-6.5652074238137055e-08 
-3.6501688401499074e-08 
8.4101201335197507e-08 
-9.2872804450014931e-09 
-8.3467850783841419e-08 
5.3315267517957511e-08 
6.1606849868374285e-08 
-8.6565200787373709e-08 
-1.9996893272945527e-08 
1.0194040229566928e-07 
-3.8835260638685454e-08 
-9.4189415302653641e-08 
8.7445907532326956e-08 
5.3827953380817634e-08 
-1.1036929263359334e-07 
-5.430182737658969e-09 
1.1421111765207786e-07 
-4.1058946637921391e-08 
-1.069565718059505e-07 
7.6794701512909255e-08 
8.7676686819323996e-08 
-1.0294536190025872e-07 
-7.2623668740654796e-08 
1.1990349872157092e-07 
6.5994389272866579e-08 
-1.2885798339948638e-07 
-7.7215132399726239e-08 
1.2878626249359709e-07 
1.0053508615524656e-07 
-1.0891258145816927e-07 
-1.2822411922140738e-07 
6.7467241736695264e-08 
1.514808144424837e-07 
-6.1247841929807828e-09 
-1.5521005820479808e-07 
-6.043821641533054e-08 
1.2249712013034034e-07 
1.1177304849861563e-07 
-4.5778587555187447e-08 
-1.4421228339667867e-07 
-7.6334250972288177e-08 
1.0809934793022142e-07 
1.2595043806947651e-07 
-1.6578199572705666e-08 
-1.3360392144527282e-07 
-7.4544868719008319e-08 
8.596628865508864e-08 
1.1832074264935131e-07 
3.2514735045518619e-08 
-1.1590000781996139e-07 
-1.1518113414588676e-07 
7.2763402659662156e-09 
1.1719401961890207e-07 
8.6777615493680373e-08 
-5.6656158335432166e-08 
-1.1607410341209998e-07 
-7.134977549064024e-08 
8.1034897639648426e-08 
1.1499883749081864e-07 
4.9195323505903423e-08 
-8.7599839422328684e-08 
-1.1272577637270709e-07 
-1.449398318113225e-08 
1.074333572205945e-07 
1.1591677208754486e-07 
1.6513881672489798e-08 
-9.6762187053028041e-08 
-1.1232756762784253e-07 
1.0343654495558511e-08 
1.13637348973957e-07 
-1.1479122087706407e-07 
2.5669198404331746e-08 
1.0288135300559095e-07 
1.1239797178748807e-07 
-2.6415444786684902e-08 
1.2066897335548172e-07 
1.0849167754924408e-07 
-5.4176442218802034e-08 
-1.0949607981689767e-07 
1.1550617339221703e-07 
-3.3221056653514786e-08 
-1.282075724618415e-07 
-1.0994129719290028e-07 
-6.2039997435047326e-08 
-1.1721552065191379e-07 
-1.2076732715039544e-07 
-3.2004924282276492e-08 
-1.3637018608090227e-07 
-1.1819836458639663e-07 
-5.7533625524756367e-08 
-1.2342516455605944e-07 
-1.294605940995813e-07 
-2.1060616907785531e-08 
-1.4033909354682985e-07 
-1.3389352960733774e-07 
-3.9003712862531695e-08 
-1.228642766675328e-07 
-1.4177006776551805e-07 
3.7919031258298849e-09 
-1.3541089850268263e-07 
1.5062745515039372e-07 
-2.0785488984878535e-09 
1.0925307500775158e-07 
1.5278714406474301e-07 
-4.5768501224776029e-08 
1.1202714389857398e-07 
-1.5619895083727011e-07 
-4.8158260151383095e-08 
-7.1243928433650551e-08 
-1.5288497117248914e-07 
9.3197019526584594e-08 
-5.6576381157612882e-08 
1.4176717316232123e-07 
9.0069849856708347e-08 
-3.2950506208171494e-09 
1.2731073114655795e-07 
-1.1633797253261981e-07 
-1.9386338169503801e-08 
-9.206746751882425e-08 
1.0844623938235628e-07 
6.8729064790609264e-08 
4.700468844423479e-08 
1.1054940282622991e-07 
-6.3455259409216435e-08 
-2.1368914894658956e-08 
-8.8198571043780711e-08 
8.3108524752263408e-08 
3.3483903898667278e-08 
4.8482055281644786e-08 
-7.8466014378151342e-08 
-6.0635391942076161e-08 
8.5902680547644261e-09 
6.5763434828434397e-08 
5.3399315948631444e-08 
-4.5644324076816199e-08 
-1.4935856131512274e-08 
-6.065388766053352e-08 
4.1014970182931241e-08 
-3.5953089101806693e-08 
2.4588247274696574e-08 
-4.8529340957053924e-08 
3.3496648541833416e-08 
2.8063395299631544e-08 
2.7458668645538359e-08 
-4.0100575790795177e-08 
2.9308747625000211e-08 
2.3420599704459928e-08 
2.3886315099583365e-08 
-3.3369987908470774e-08 
2.6312639306724665e-08 
2.1330459257463133e-08 
1.9312227256802947e-08 
-2.9175220042247226e-08 
2.4818571854104634e-08 
-2.2806323891089754e-08 
9.3225201321794875e-09 
-2.5047513498072073e-08 
2.3314241971732804e-08 
-2.2606205380521955e-08 
-6.1979758989163188e-10 
-2.1926868767577914e-08 
2.237555838919042e-08 
-2.1988355622153133e-08 
1.0621458080961666e-08 
1.5540919644267528e-08 
-2.1029631632318852e-08 
-2.0582412408527684e-08 
1.7982858894475283e-08 
4.9828692526592495e-09 
-1.9757832704563643e-08 
1.9576033316172733e-08 
-2.0727487157050169e-08 
-1.3155826791539972e-08 
-1.3426023208674922e-08 
1.7339539951000862e-08 
-2.0187395035022024e-08 
2.0395276178320745e-08 
-9.7081218479453759e-09 
-1.2203634828451156e-08 
1.9580773160421839e-08 
1.9953775413769188e-08 
-2.0440780918142564e-08 
7.4145166257850563e-09 
1.5013491245906348e-08 
-1.7831434864706828e-08 
2.046675642781937e-08 
-1.9820034199784906e-08 
7.2288513934034749e-09 
1.0488258969137194e-08 
-1.9283975878171481e-08 
-1.939718918346945e-08 
1.6546491964565809e-08 
-1.1592701136312851e-08 
-6.3834823248707707e-09 
1.5407144533852917e-08 
-1.5347161469791975e-08 
1.3518435179026753e-08 
-8.0649767034606348e-09 
1.9899488737769698e-09 
1.2015761930555604e-08 
-1.2396168049132508e-08 
8.8061695522428041e-09 
-7.8079073718200888e-09 
3.8605863193534359e-09 
2.6257414237467214e-09 
-8.5943270343070784e-09 
-6.7248963108024733e-09 
4.4563327301610968e-09 
-4.1053220837366253e-09 
1.5781875427902375e-09 
4.3330494613907128e-09 
-5.2878381746571709e-09 
3.9981298647468267e-09 
-2.5418862438584282e-09 
2.4591008443935809e-09 
-1.2964643024915301e-09 
-1.4335516090401405e-09 
2.9813469985999754e-09 
-2.0596029879339784e-09 
1.2529928905803299e-09 
-1.2249624735004701e-09 
5.0643643627754034e-10 
-4.4560751284065418e-10 
-2.1552580494753967e-09 
1.2598244447893266e-09 
-4.9574313587241394e-10 
3.4457074250910739e-10 
-1.9262468679301506e-10 
1.5369365472747202e-10 
9.0988845068449244e-10 
-6.7798704429283411e-10 
-8.0373459460046077e-10 
4.7392628605832613e-10 
-2.7001957340198522e-10 
-4.8947818080370875e-10 
3.7902224731502601e-09 
-4.8451468073841538e-09 
