369
3.2205235656247571e-10 
9.308761518440506e-10 
8.1952971392010417e-10 
8.1188631132951662e-10 
4.9240640269959859e-10 
2.1599536525309466e-10 
-1.0982432857705776e-11 
-2.1694865612814114e-10 
-2.4287207112942892e-10 
-3.6367972879633058e-10 
-3.0857332769878767e-10 
-3.9481511324656393e-10 
-3.1596938370568697e-10 
-3.9085647895240023e-10 
-3.1743216171156673e-10 
-3.9934731115145442e-10 
-3.1495472477129205e-10 
-3.9520355540527544e-10 
3.1002889919850673e-10 
3.8698817465420812e-10 
3.0409664862241024e-10 
3.8306215100836541e-10 
2.9613312884254874e-10 
3.7022564257778998e-10 
2.8436267557801346e-10 
3.4963645250926583e-10 
2.7824040865572886e-10 
3.474700736706882e-10 
2.7782850588646798e-10 
3.5337209824899548e-10 
2.7808187111390208e-10 
3.5120016164924152e-10 
2.6434043125806684e-10 
2.9892343853179914e-10 
-2.3918319322672894e-10 
-3.3593271172027875e-10 
2.8803212569758617e-10 
3.5237926110476401e-10 
2.6286850851008143e-10 
-3.1295761396994579e-10 
-2.5858348986108979e-10 
3.2650790493892969e-10 
-2.7177458391451853e-10 
-3.2232480703103723e-10 
-2.5161567325828796e-10 
-3.0172935147102249e-10 
-2.4479029966330123e-10 
-2.9667314577227817e-10 
-2.5408773956522483e-10 
-3.103098120692146e-10 
-2.3411005224180938e-10 
-2.7256012937252705e-10 
-2.4455687460827882e-10 
-2.8993002312418832e-10 
-2.1417668266516014e-10 
-2.7351485871908762e-10 
-2.5127367879339733e-10 
-2.6328231965319464e-10 
-2.1438238714112777e-10 
-3.0899516359808462e-10 
-1.838762450920388e-10 
-1.052037808746333e-10 
-2.8187196530653436e-10 
-4.1225837299243682e-10 
1.2516076616462818e-11 
-4.893398790519402e-11 
7.7118872999497636e-10 
-6.1439377224164605e-10 
6.5211859813538951e-10 
7.0605315707779436e-11 
1.0525104827459451e-09 
9.4718224168729037e-12 
1.7739709046954183e-10 
-1.0255617068480954e-09 
-9.8170754462862779e-10 
-6.0732857146609414e-10 
-2.6124320198405131e-09 
3.0916750504392554e-10 
-1.3138097248125964e-09 
-2.1875309512034602e-10 
1.2972204594206879e-10 
1.4664445228646655e-09 
2.7058580394879522e-10 
2.3091021973417927e-09 
7.1739205843498344e-09 
-7.9235870450001498e-10 
-6.5592766758095446e-09 
2.4441365840666629e-09 
-5.7317975728583881e-09 
-1.8854592145286437e-09 
3.9435804434504921e-09 
-1.4460740722185621e-10 
2.8474869810707868e-09 
-3.2446540017113147e-09 
9.8798929252489723e-09 
-3.8138324281239512e-09 
-1.9108763685084195e-08 
-3.0164129535119012e-09 
1.4825698813866523e-08 
-6.3168783487002227e-09 
1.7407214052366294e-08 
9.6878344272021494e-09 
3.1684507060543599e-08 
2.3126238932804074e-08 
-3.8213146074500604e-08 
-3.4833169233174971e-08 
-2.6516242296329221e-08 
-4.1846750930609129e-08 
2.1532171167215893e-08 
5.426670923874226e-08 
8.8139488186204566e-09 
5.6295141212045795e-08 
5.2361552605043157e-09 
5.8620449520206203e-08 
-2.070545069148564e-08 
-4.8790977916043732e-08 
3.9891500492348479e-08 
4.8389760725227553e-08 
-4.9919372164469497e-08 
-2.3816821149444802e-08 
5.6860271760786098e-08 
1.0603860918999742e-09 
-6.2380001567989931e-08 
2.4088505308705008e-08 
5.0418256256064112e-08 
-4.6991185084515515e-08 
-3.7702817390623863e-08 
6.5034512014806708e-08 
9.4287315192712222e-09 
-7.3919907369877685e-08 
2.9309102024400856e-08 
6.3337119665619151e-08 
-6.3537602513295119e-08 
-3.2266731600510782e-08 
7.9953300245202728e-08 
-1.1463287895471714e-08 
-7.8320806483576723e-08 
5.2899878136869829e-08 
5.6509978574475977e-08 
-8.3793334359610718e-08 
-1.6230542025906616e-08 
9.7432164463367873e-08 
-3.989764014734186e-08 
-8.8741710270218064e-08 
8.5627156960877749e-08 
4.9017410977610653e-08 
-1.0668990654062324e-07 
-2.2652782742064845e-09 
1.093730365548788e-07 
-4.2345126393024849e-08 
-1.0150739005070315e-07 
7.6466615181994702e-08 
8.2297988645456307e-08 
-1.0152357730576908e-07 
-6.7436116256232079e-08 
1.1794681342580529e-07 
6.0900472002321348e-08 
-1.270343582459011e-07 
-7.2084261557003724e-08 
1.2760263031669624e-07 
9.5308811519976082e-08 
-1.0908658853160049e-07 
-1.2334078502174072e-07 
6.9227594405980085e-08 
1.4730255974687688e-07 
-9.5122965184093641e-09 
-1.5252172062279856e-07 
-5.6140170490713033e-08 
1.2197024429019882e-07 
1.0738999152228082e-07 
-4.7918695958883813e-08 
-1.407803537096828e-07 
-7.2257006146239635e-08 
1.078512363717742e-07 
1.2215668073043609e-07 
-1.9093114025181437e-08 
-1.3117419802042491e-07 
-7.0779762238466006e-08 
8.6088516477721436e-08 
1.1473121692111319e-07 
2.9424658638489787e-08 
-1.1421941696617499e-07 
-1.1179567820960893e-07 
9.2143105589366041e-09 
1.1489546836811075e-07 
8.3335002672684019e-08 
-5.6899435161483194e-08 
-1.1297449505289537e-07 
-6.8333292714904868e-08 
8.0033879631059436e-08 
1.1211892377856578e-07 
4.6801101594406171e-08 
-8.6089993198434977e-08 
-1.0962568119288011e-07 
-1.3310596141105187e-08 
1.0496902221502633e-07 
1.1294355757574225e-07 
1.5558852427803969e-08 
-9.4602013759477636e-08 
-1.0954581517941685e-07 
1.0233227898192974e-08 
1.1100943320858874e-07 
-1.1220507496315036e-07 
2.5007196356679142e-08 
1.0052301023649058e-07 
1.1020039937295068e-07 
-2.5438615217337702e-08 
1.180612040071387e-07 
1.0672527605141328e-07 
-5.2579347495081915e-08 
-1.0708763851821617e-07 
1.1390596724105097e-07 
-3.1793817722797365e-08 
-1.2569484005388576e-07 
-1.0877042157870622e-07 
-6.0130668652740011e-08 
-1.1478949517125436e-07 
-1.1963353759101405e-07 
-3.0346882197711872e-08 
-1.3393517133713976e-07 
-1.1735996485228627e-07 
-5.553299917973455e-08 
-1.2099961846742772e-07 
-1.2859875899049113e-07 
-1.9331461640920557e-08 
-1.3793205497114244e-07 
-1.3306641708251068e-07 
-3.7033371180664604e-08 
-1.2040454334748882e-07 
-1.4090797040941306e-07 
5.4356561694596376e-09 
-1.3292566618356087e-07 
1.4950548763908827e-07 
-3.0814005758843577e-10 
1.0670065452762096e-07 
1.5164292194838452e-07 
-4.7045067157956412e-08 
1.0939650973855462e-07 
-1.5457645646692832e-07 
-4.9423459346193254e-08 
-6.8663922839169484e-08 
-1.5120007964264461e-07 
9.3655651757660151e-08 
-5.3960096162040962e-08 
1.3949632563698075e-07 
9.0505815131426433e-08 
-5.3626245929220745e-09 
1.2476767199742938e-07 
-1.1575029080063851e-07 
-2.1305206727574313e-08 
-8.9124576305142279e-08 
1.0779673604956276e-07 
6.9457801860843811e-08 
4.4114553002162788e-08 
1.0868130153130561e-07 
-6.4241997517790171e-08 
-2.3362235460440906e-08 
-8.5394923771214634e-08 
8.2591000529722601e-08 
3.5117543744214636e-08 
4.5350500225832589e-08 
-7.7694171054086368e-08 
-6.0938529604675009e-08 
1.1044634844785357e-08 
6.3041311208668147e-08 
5.3803241162703352e-08 
-4.6427942350321391e-08 
-1.1831447078027479e-08 
-5.899573753325832e-08 
4.1909663790534451e-08 
-3.7136209054116782e-08 
2.1259929128664454e-08 
-4.769902838474559e-08 
3.4679413319088334e-08 
2.9636529509946704e-08 
2.4284885907143172e-08 
-3.9779643250409195e-08 
3.0648673272724396e-08 
2.537227240307356e-08 
2.0854608781632085e-08 
-3.3266753214848835e-08 
2.7751173241922483e-08 
2.3383280182483334e-08 
1.6388048187359608e-08 
-2.9159040147517636e-08 
2.6267473946377883e-08 
-2.4650522504321303e-08 
6.1359768011851335e-09 
-2.4949968509702769e-08 
2.4718435802491385e-08 
-2.410867819080973e-08 
2.7711413384373894e-09 
-2.1554465469741393e-08 
2.3692677104604333e-08 
-2.3306345184808118e-08 
1.4135787567484429e-08 
1.4370161457879766e-08 
-2.2226521316146909e-08 
-2.1723391050858559e-08 
2.0970923226911443e-08 
2.447666300187656e-09 
-2.0693785603163871e-08 
2.0572482272191671e-08 
-2.3071295611206709e-08 
-1.6746560234601679e-08 
-1.2910644851905815e-08 
1.7970713747396042e-08 
-2.2152469082150056e-08 
2.2670030378882235e-08 
-1.3129521836116395e-08 
-1.1726803120474169e-08 
2.1231543453177378e-08 
2.1778982163170224e-08 
-2.3711137375560221e-08 
1.0452542736435778e-08 
1.5574431764955421e-08 
-1.9184658689315865e-08 
2.3140119167547576e-08 
-2.2875078042333472e-08 
1.0101736048331723e-08 
1.0169562113343913e-08 
-2.1357213687308982e-08 
-2.1850303317115111e-08 
1.961484258672835e-08 
-1.4522104722383135e-08 
-5.6042773446079975e-09 
1.6757667285709163e-08 
-1.7865341826150856e-08 
1.5995041530194571e-08 
-1.0477843280814701e-08 
3.8980397792266806e-09 
1.2598450435336695e-08 
-1.4195908941641553e-08 
1.0854019742368208e-08 
-9.7709386453086019e-09 
5.6886148714873856e-09 
1.4554040608589655e-09 
-9.6818799448568234e-09 
-8.1829731193833308e-09 
6.0989009252030083e-09 
-5.6336815686942864e-09 
3.1108557010704172e-09 
3.501695639342695e-09 
-6.3030265215534188e-09 
5.1999704312198096e-09 
-3.8445032886685334e-09 
3.7269010184960612e-09 
-2.5910504082671117e-09 
-1.910372655846188e-10 
3.5508335882584633e-09 
-2.9766453344956705e-09 
2.4537323021873731e-09 
-2.2869655607918237e-09 
1.8118706369809424e-09 
-1.6497828770783421e-09 
-1.2218156248350417e-09 
2.0634066423788423e-09 
-1.6081330506873636e-09 
1.5361666346567669e-09 
-1.3716816647277222e-09 
1.3549984048653726e-09 
-8.2041001352723586e-10 
-4.2978659358606404e-10 
8.2148630560689684e-10 
-8.512223829291261e-10 
1.0826100563277322e-09 
8.7101764628581991e-10 
3.6528959814609972e-10 
-7.5763698537672699e-10 
