275
8.9359547588539454e-08 
3.055590718662462e-07 
2.0382605352825098e-07 
2.2356449125659369e-07 
1.1265231045956422e-07 
1.2608387720763203e-07 
3.9190272411982257e-08 
5.462696100016549e-08 
7.0017147674884333e-09 
2.4220488716017201e-08 
-3.7132882401523887e-09 
1.5372742026102156e-08 
-4.3000670919077503e-09 
1.3434792594215555e-08 
-2.5161084554218813e-09 
1.3443181731873291e-08 
-7.2150994560013089e-10 
1.2805312905900066e-08 
5.3763535714784819e-10 
-1.1076629705698138e-08 
1.0454851481108911e-09 
-9.454982752982937e-09 
1.5447972732039246e-09 
-8.1465436574004468e-09 
1.7435633389159979e-09 
-7.0106007450741138e-09 
1.9197709496076825e-09 
-6.6609202457457889e-09 
1.9049836249046282e-09 
-6.5407728692640579e-09 
1.7880784735683255e-09 
-6.3356910218831255e-09 
1.5047384781128695e-09 
-5.3548259677271238e-09 
-1.2264371885628424e-09 
6.0191592030992012e-09 
1.1971495019438442e-09 
-6.4804371286990863e-09 
7.490725216310691e-10 
5.8618180702190831e-09 
-4.7063301509660502e-10 
-6.2558484334538983e-09 
-1.9695326673908845e-10 
6.2760920857757094e-09 
4.6938726821559193e-12 
5.9286034275387276e-09 
1.3752606645353349e-10 
5.8171245157399964e-09 
2.2498461040415594e-10 
6.0010096521011232e-09 
2.0539574369792497e-10 
5.2390077273684813e-09 
2.919390218169745e-10 
5.5992823057654671e-09 
3.335945381590094e-10 
5.2744923773286623e-09 
4.3953228988259593e-10 
5.2433178442185855e-09 
3.0830751993002156e-10 
5.2076227871964542e-09 
4.706393039522084e-10 
4.1313627907204941e-09 
3.4851423221730633e-10 
5.2084147287786914e-09 
-7.023452131624696e-10 
-4.9513494531150618e-09 
1.1213943316857583e-10 
3.9783348557580855e-09 
1.392634203220287e-09 
-4.9871098074506893e-09 
3.3008088140324605e-10 
-5.1665548761597048e-09 
9.894864569708704e-10 
3.5475371880330158e-09 
-1.7618521304224538e-09 
-5.03127054134521e-09 
-1.9764972835150095e-09 
-4.5148664518912358e-09 
-2.2042852648166123e-09 
4.0056251593233877e-09 
1.0278481681316933e-09 
-2.9912548156971363e-09 
1.1870421258364977e-09 
7.3618865596777214e-09 
7.388237395439655e-09 
1.7831519651304656e-09 
-8.2949861652857192e-09 
-1.8908819111577543e-09 
-5.897516793917362e-09 
-5.4959262922546593e-09 
5.0533654138881827e-09 
3.9687307158621875e-09 
1.73236643626975e-09 
4.7255888835376126e-10 
1.1537346105359659e-08 
-9.1688147156218036e-09 
-2.1244113281542367e-08 
-4.9665323564755203e-09 
1.8837801102504184e-08 
-8.2980515730202842e-10 
1.9873104916261187e-08 
1.3070721033338653e-08 
4.0049896580722094e-08 
1.8593210337019475e-08 
-4.6365607670332448e-08 
-4.0644805795260121e-08 
-3.5809979963303497e-08 
-4.0401377429971854e-08 
2.8954897005882376e-08 
6.5149653406708186e-08 
1.6654873119868194e-08 
5.8988961959210792e-08 
7.1600666876410918e-10 
7.2652183997186885e-08 
-1.7281695003856714e-08 
-5.2504064287408866e-08 
4.1826898477816555e-08 
6.4000101240112148e-08 
-5.161175216582309e-08 
-2.6300209503573906e-08 
6.5640693336337232e-08 
1.2413998702342899e-08 
-6.9783610471700273e-08 
2.6998129270719961e-08 
6.2117450929595357e-08 
-4.3211739459421263e-08 
-4.6559820145513408e-08 
7.6301002324090115e-08 
1.8548307155361123e-08 
-7.739570726721663e-08 
2.7691035062144075e-08 
8.0062288484159392e-08 
-6.4178236563827326e-08 
-3.684469962176831e-08 
9.0555279978280754e-08 
9.515839622107777e-10 
-8.6838402534345814e-08 
5.7669318741053046e-08 
7.0321596057119842e-08 
-8.1866090132716268e-08 
-2.4674714733717147e-08 
1.12384205217152e-07 
-3.2868062936819876e-08 
-9.4306078134617109e-08 
9.0416308021539068e-08 
6.6873802797316431e-08 
-1.0915214623231071e-07 
-4.9924050314555845e-09 
1.2181189645725231e-07 
-3.0069474479233158e-08 
-1.0998647097897331e-07 
8.1226556037788979e-08 
9.6200610269003387e-08 
-9.361121990109786e-08 
-7.7341706530254309e-08 
1.2695930304036364e-07 
7.4642705850141972e-08 
-1.1934816247331322e-07 
-8.1161557065042591e-08 
1.3592039966354288e-07 
1.0898856294612991e-07 
-9.6382236017233618e-08 
-1.3060839000150802e-07 
7.2341071324253085e-08 
1.5906209423789926e-07 
9.3673653460273893e-09 
-1.5061324791810991e-07 
-5.8416049772805568e-08 
1.2771864242812352e-07 
1.2515152219272485e-07 
-3.2385050524407195e-08 
-1.3840489755473633e-07 
-7.8928183148447188e-08 
1.1718632636934866e-07 
1.330836099122942e-07 
1.6286305891472549e-09 
-1.2907874205316665e-07 
-7.1283034692006894e-08 
9.2664952412909835e-08 
1.3128141500033955e-07 
4.8196648392897951e-08 
-1.0439807811648231e-07 
-1.1623466698427582e-07 
1.5868039829579207e-08 
1.2431665534036611e-07 
1.0486273566318508e-07 
-4.1694867724160466e-08 
-1.1212519872310833e-07 
-6.7686133505099121e-08 
9.3618276660446882e-08 
1.2329123033038756e-07 
7.1954778733928797e-08 
-7.9614053761780452e-08 
-1.0830847832294519e-07 
-4.4139646560759594e-09 
1.2017475012376564e-07 
1.2781321702567439e-07 
3.8774232853701705e-08 
-9.294928375106184e-08 
-1.0501958700811179e-07 
2.2309602766310322e-08 
1.2752274278834398e-07 
-1.3454257068613453e-07 
8.2537319810861145e-09 
1.0052095793778385e-07 
1.022325791519974e-07 
-3.8610215638040166e-08 
1.3631999723080934e-07 
1.325697702481794e-07 
-4.2767726526547419e-08 
-1.0725793073717083e-07 
1.0452736904221139e-07 
-4.5669505870610224e-08 
-1.45263868634086e-07 
-1.3512803460093312e-07 
-5.3718617559236662e-08 
-1.1476316993684279e-07 
-1.108332105661395e-07 
-4.4374535518518464e-08 
-1.537438481867844e-07 
-1.4206607936833777e-07 
-5.057957059745221e-08 
-1.2141079240638051e-07 
-1.2316561690245602e-07 
-3.2729628610056028e-08 
-1.563804602514371e-07 
-1.5492165940769146e-07 
-3.3572488138347646e-08 
-1.2198990681969898e-07 
-1.4182029690872913e-07 
-3.2648840971501536e-09 
-1.4788507322162917e-07 
1.677958359906339e-07 
1.5756136113920352e-09 
1.1124279494785926e-07 
1.6119142102061061e-07 
-4.709000060901436e-08 
1.1880098386363525e-07 
-1.6816194709005113e-07 
-5.0443005774568685e-08 
-7.7348491215919081e-08 
-1.6873493010770261e-07 
1.0439246834875187e-07 
-5.4100599840705436e-08 
1.4780998085592894e-07 
9.3382461074190398e-08 
1.9537377905186495e-09 
1.4663024364683935e-07 
-1.3417316189040132e-07 
-2.6482408697370603e-08 
-9.3204979742869226e-08 
1.1823183538522359e-07 
7.4047843175120146e-08 
4.8543613083656746e-08 
1.2076127776508273e-07 
-6.6203167620849724e-08 
-1.9031733560315185e-08 
-1.1360955966231999e-07 
1.0240765065299553e-07 
5.3968333641398521e-08 
1.997581669409745e-08 
-7.2854715017695747e-08 
-5.7592957501661346e-08 
-4.7997302014827965e-09 
9.8234172783093944e-08 
5.8117720200440277e-08 
-5.6003984367172091e-08 
-2.4164070213931356e-08 
-9.1684049381162928e-08 
5.8158763228305924e-08 
-4.9367613053189217e-08 
6.6227947406204717e-08 
-8.6132038813207532e-08 
8.1091176878940226e-08 
1.2654733753355252e-07 
