275
4.7251689552572155e-07 
1.2386732426632099e-06 
5.469527814026723e-08 
2.3664231746834145e-07 
8.7427960049040184e-08 
-9.1157341397516963e-09 
9.8604096621843274e-08 
-9.689991093621058e-08 
1.123353913964211e-07 
-1.1511496090626166e-07 
1.2053463276355624e-07 
-1.0990695705688763e-07 
1.1967640578636115e-07 
-9.6132990527173184e-08 
1.116192752440073e-07 
-8.2655584310489332e-08 
1.0050580213425959e-07 
-6.676163092000921e-08 
-8.8056570282982214e-08 
5.4496559204781706e-08 
-7.5513615601665704e-08 
4.2933878362957297e-08 
-6.3075897316546878e-08 
3.2159074815867185e-08 
-5.408706263364846e-08 
2.4130719606407258e-08 
-4.6411048576978303e-08 
1.6117133760774511e-08 
-4.0241817140025103e-08 
9.7829690741640367e-09 
-3.4137850681806316e-08 
3.1659862118676783e-09 
-2.6677317697039803e-08 
-2.3025359535957386e-09 
2.0248305022122646e-08 
6.8199510335332123e-09 
-1.9218901470056047e-08 
-1.2720171184264982e-08 
-1.3617424197783641e-08 
1.4751266981909709e-08 
1.0431711512590767e-08 
-1.9015301066579319e-08 
7.3378145366208389e-09 
2.2914039899637024e-08 
3.361336671805247e-09 
2.4640952526060529e-08 
5.5312931272207909e-10 
2.7171635003396807e-08 
-2.3096141957575709e-09 
3.1299000493255781e-08 
-4.9312570666468408e-09 
2.9765946158216225e-08 
-7.3451228045357159e-09 
3.4218767751168517e-08 
-8.495677256604742e-09 
3.4364797752548237e-08 
-1.2098977148565043e-08 
3.6710798718217347e-08 
-1.2577098872505172e-08 
3.8584001286747619e-08 
-1.3977066659166781e-08 
3.1278451270699473e-08 
-1.5298579180396721e-08 
4.2216670262613348e-08 
1.7519674784547541e-08 
-3.8677020195201677e-08 
1.7354143549961946e-08 
3.741218305766812e-08 
-1.8921191972194833e-08 
-4.2776673734358545e-08 
2.2778375432461341e-08 
-4.5057609801369815e-08 
-2.1054308915884123e-08 
4.0559938193744388e-08 
2.2686444035266738e-08 
-4.0774006387121374e-08 
-2.2602403611501625e-08 
-4.4485867922316203e-08 
2.3137109077493055e-08 
4.0788253501971172e-08 
-2.4218384437645535e-08 
-4.1163269111894262e-08 
-2.5802979290011322e-08 
5.4777814693928205e-08 
2.4956030840248079e-08 
1.5850103340872663e-08 
1.4262379745605831e-08 
-4.9131639723783605e-08 
-3.6492702746821477e-08 
-3.6706416658365806e-08 
-2.1233244178882056e-08 
4.2187300383913378e-08 
1.5551822169336817e-08 
1.6327273185646285e-08 
-3.8143120928537321e-08 
-1.445435557450797e-07 
-3.2021022212644074e-08 
1.052063985092309e-07 
-5.089429101455457e-09 
1.5981019175408617e-07 
8.0703130379251802e-08 
-1.2844769560068913e-07 
1.086629827224774e-07 
-2.9958973575096802e-07 
-2.3093475144965929e-07 
1.5980542224544142e-07 
-1.7956834780498329e-07 
1.7764768540775422e-07 
3.1428485168002256e-07 
-1.5297460333319623e-08 
2.5055572238643261e-07 
-3.0967803343731571e-08 
-3.5015817194162052e-07 
1.5065430738899037e-07 
2.0403303661187168e-07 
-1.2668263816384289e-07 
-2.4484958490275358e-07 
3.5454304658192766e-07 
6.0049108876118648e-08 
-2.1400308813276497e-07 
2.1959342542193011e-09 
3.7739265098918964e-07 
-1.895298479691328e-07 
-1.8348739474681022e-07 
1.9650871195899544e-07 
2.1167040802049578e-07 
-3.8489383248629467e-07 
3.4555193318816027e-08 
2.9309554228033866e-07 
-6.5829423992164008e-08 
-3.2681030858743752e-07 
3.2807693591559662e-07 
4.8850871722752012e-08 
-2.713647717273462e-07 
3.9133097297334536e-08 
3.8917797810799307e-07 
-2.8627183802069548e-07 
-1.190397266578016e-07 
2.7394180831302703e-07 
8.549010046185141e-08 
-4.2658182455055236e-07 
2.0704362355147837e-07 
1.8241953682342961e-07 
-2.3224099392100917e-07 
-1.1214812674194124e-07 
4.5666038097429411e-07 
-1.5777111037848467e-07 
-2.4449973112465903e-07 
1.7988494058751327e-07 
3.0938895331593006e-07 
-4.1112862319331847e-07 
-4.4867960116291895e-08 
2.9810308013372808e-07 
8.6611428535735062e-08 
-4.8161540077759905e-07 
1.1885348670850702e-07 
2.9750893866516813e-07 
-2.4168221937065491e-09 
-4.9184289879471878e-07 
1.311679863853722e-07 
3.1203998073930583e-07 
8.5441432995250779e-08 
-5.0650177419635221e-07 
-3.3465430575437213e-08 
2.8211862738925239e-07 
3.3968660443617994e-07 
-3.8416229295164816e-07 
-2.3964944319229818e-07 
7.2855998613267332e-08 
5.1764544495603341e-07 
3.5339345662575238e-09 
-2.7978171264460186e-07 
-4.4835978349478337e-07 
2.4566151559250339e-07 
2.7782197297369544e-07 
1.7117932083313853e-07 
-4.6057882406640318e-07 
-1.908718690644376e-07 
9.7472715886933044e-08 
4.9418835943126151e-07 
6.0607652686631447e-08 
-2.2889762246255066e-07 
-4.7427733792572809e-07 
6.9797132384192058e-08 
2.388154633913626e-07 
3.4655761822909524e-07 
-2.7809228755445719e-07 
-2.302365701690668e-07 
-2.5527803811268807e-07 
3.652972975361832e-07 
2.1433333475285473e-07 
9.9217269289586116e-08 
-4.0863197778843399e-07 
-1.7292091124189671e-07 
2.3845014428696203e-08 
4.0145672716592002e-07 
1.5871548019780191e-07 
-9.0808544392701061e-08 
-3.9128372856784619e-07 
-1.0980777802820012e-07 
1.2828860903391811e-07 
3.2565570788048261e-07 
-5.2677987378959374e-08 
2.0451682577021125e-07 
3.2734772099013129e-07 
5.0407192770005919e-08 
-1.7833734808772406e-07 
2.3832855814190512e-07 
-4.1014980655714179e-08 
-2.4139947135019441e-07 
-2.4558425440708613e-07 
1.3088229877829809e-08 
-2.0733129441186199e-07 
-1.4882983934166597e-07 
7.2292738307278103e-08 
-2.5455973853023206e-07 
-1.6200699165212254e-07 
3.4652512758921149e-09 
-2.2792077149737733e-07 
-6.9501989593580992e-08 
6.3840122470369149e-08 
-2.6096510270124058e-07 
-8.9660094895435077e-08 
6.3778839589728726e-09 
-2.3427093652303191e-07 
-1.5135500743736657e-08 
3.9049938161976055e-08 
-2.5850834584650189e-07 
-3.7139164011436578e-08 
-1.1158164310101037e-09 
-2.3256088967645802e-07 
2.00685974571036e-08 
-8.7234968261076293e-09 
-2.502368843435452e-07 
5.7098248758568354e-09 
1.9965381575519096e-08 
2.3375884864912433e-07 
-4.0122947270942203e-08 
-2.811365067984621e-08 
2.5727741920644855e-07 
1.5329967815534834e-08 
-5.4468669972679353e-08 
-2.5193490423397851e-07 
4.7342110268549113e-08 
7.9044573113459974e-08 
-2.8641498881782362e-07 
-4.7313385857596919e-08 
1.1735270362832527e-07 
2.9589010300725154e-07 
-7.5916445925451803e-08 
-1.7049166104122534e-07 
-3.0039165798865779e-07 
8.9299262697147141e-08 
1.5899027959750578e-07 
-2.5225073653864437e-07 
-2.0924654788828336e-08 
2.4327812628304847e-07 
1.0320419738007487e-07 
6.827008712780487e-08 
-2.2945001413702092e-07 
-1.6637746751108897e-07 
2.4803893940678254e-08 
1.7914178661219745e-07 
-1.2488619063523281e-07 
-9.3032251679141865e-09 
1.6725625406949545e-08 
2.5291576517407216e-07 
2.1986795907855095e-07 
-8.80990935011815e-08 
-3.4904561193999733e-07 
-2.4764773721061947e-07 
1.6263404157232213e-07 
3.4744740299478779e-07 
2.2229551505944425e-07 
-1.6737434884522969e-07 
