275
3.0573615851161062e-07 
8.9492815495782396e-07 
2.3537240671934484e-07 
3.017026417757563e-07 
7.3720554286326411e-08 
1.2222693414821996e-07 
7.8381877469849547e-10 
4.3207605234591203e-08 
-1.5321795379452444e-08 
1.8966778352876876e-08 
-1.2726246820785684e-08 
1.5925063659276371e-08 
-6.7062490332402949e-09 
1.5946765763145552e-08 
-3.5256423713436675e-09 
1.6420999212598618e-08 
-8.2691930264131824e-10 
1.6722251440278286e-08 
1.2471557045009337e-09 
-1.4417724811129989e-08 
2.2297347674206952e-09 
-1.2887703775151388e-08 
3.1722982682670378e-09 
-1.1682279940757755e-08 
2.8142958669230247e-09 
-1.0023737580176866e-08 
3.2407013998241081e-09 
-1.0150682361917997e-08 
3.2657173372417008e-09 
-9.8686727261496595e-09 
3.1953664241539448e-09 
-9.517876255117744e-09 
2.9437479359865141e-09 
-8.110048027490848e-09 
-2.743322692554056e-09 
9.0415339200195388e-09 
3.2261681844070227e-09 
-9.6055358708308466e-09 
2.5641211124952741e-09 
8.3428824449575885e-09 
-2.2300662102546684e-09 
-8.7214719617577453e-09 
-2.1254115439052527e-09 
8.7124794470742542e-09 
-1.97320296516604e-09 
8.0865119356414406e-09 
-1.8247617556459475e-09 
7.9555067275321328e-09 
-1.9019119060237285e-09 
8.1212784532675576e-09 
-1.9106228256706948e-09 
6.9960803036411384e-09 
-1.915562335297604e-09 
7.5027055603240767e-09 
-1.5982802165012292e-09 
7.0827027130907635e-09 
-1.9224175796688474e-09 
6.9662167055459488e-09 
-1.769470905481486e-09 
6.8671357605357025e-09 
-1.7261623916098497e-09 
5.4756083817181452e-09 
-1.6789329375872909e-09 
6.8551488232667868e-09 
1.5707317402805179e-09 
-6.3261157467531419e-09 
1.9093631425663279e-09 
5.2310947904323446e-09 
-1.0351829422856595e-09 
-6.5396682744407373e-09 
2.5245977700203995e-09 
-6.3416762097376041e-09 
-9.4635786544253742e-10 
4.784244204500335e-09 
1.1843417483268504e-09 
-6.5823964588503367e-09 
-2.9876421853037278e-09 
-4.9942781575118158e-09 
3.8764751638703847e-10 
5.984345034424553e-09 
-1.2767398236851667e-09 
-2.5648741807102302e-09 
-1.5497485080873198e-10 
1.4801450545459794e-08 
1.351181908269867e-08 
-8.5161515938760464e-09 
-1.2833531515744075e-08 
-8.5631329088078552e-09 
-1.3946996817050986e-08 
-5.6798434019517938e-09 
1.6096519774017331e-09 
6.445037982846154e-09 
-6.5781257447917288e-10 
-1.5501191366785151e-08 
1.8781276051586302e-08 
-6.7423412508941646e-08 
-6.2029428458429262e-08 
6.8128204981406703e-08 
5.7885522945833616e-08 
5.4102185067198439e-08 
7.849702860649363e-08 
-6.7763288122271186e-08 
1.5467401606472698e-07 
-8.8610355337767611e-08 
-2.0354057973921078e-07 
3.3441653403144009e-08 
-1.756900290360709e-07 
-1.0093024303858893e-08 
1.9628401638635006e-07 
7.463242312833137e-08 
1.7190366986179032e-07 
1.1074117505715423e-07 
-1.5387114305597967e-07 
1.6620134697132797e-07 
8.9023709648523848e-08 
-1.7553418419871718e-07 
-3.3224641891197142e-08 
2.3883647589239396e-07 
-3.654259274403261e-08 
-1.7182896896966761e-07 
1.1435128810698332e-07 
1.6283843662033002e-07 
-1.7656551239743045e-07 
-8.0116208218666903e-08 
1.990609779269701e-07 
6.434980766273876e-09 
-2.2158133602089578e-07 
9.1716190804732056e-08 
1.826453580373729e-07 
-1.6125050809576862e-07 
-9.1752035154747819e-08 
2.2159740938122872e-07 
-3.8431462729991579e-08 
-2.0491757207141514e-07 
1.4219681964753714e-07 
1.4436563859206575e-07 
-2.095692831886996e-07 
-2.396444876866745e-08 
2.2732740527363065e-07 
-7.6886719231371528e-08 
-1.9196762328026891e-07 
1.7838382730513441e-07 
7.6544522136333144e-08 
-2.2968127580027514e-07 
5.4409884657045507e-08 
2.2940876622738873e-07 
-1.4975094908881165e-07 
-1.5097254353364208e-07 
2.1009756729704873e-07 
7.6055809537348819e-08 
-2.4687737697528237e-07 
1.5551157651155862e-08 
2.426780819986136e-07 
-6.5868265736755954e-08 
-2.353576681824541e-07 
1.1596555924653137e-07 
2.2325228100949863e-07 
-1.1578928707594189e-07 
-2.3361302747847616e-07 
1.169780602812096e-07 
2.4793653397194908e-07 
-5.4640472383253983e-08 
-2.6090811807000211e-07 
-6.3322335838495534e-09 
2.5489982449601332e-07 
1.152867962511752e-07 
-2.1524300014785891e-07 
-1.8278838048470273e-07 
1.2673363584555165e-07 
2.4328711909045759e-07 
2.0719717573619919e-08 
-2.3291162855960408e-07 
-1.9105029259213239e-07 
1.2559654580161104e-07 
2.3156121761012504e-07 
5.2314784160548749e-08 
-2.0947641202813584e-07 
-1.6495538665640208e-07 
1.0310035664264813e-07 
2.2474114360474394e-07 
1.0049511365327075e-07 
-1.7188303201782214e-07 
-2.0830381005649017e-07 
-8.9661565069553044e-09 
1.9432833190694208e-07 
1.6905511954449788e-07 
-7.9297273296580192e-08 
-1.9284315745971121e-07 
-1.211981935826159e-07 
1.4488181749023708e-07 
1.9287975010380842e-07 
8.1907811607664584e-08 
-1.5037793410843099e-07 
-1.7127499569938718e-07 
4.3116586582662975e-09 
1.85140778549347e-07 
1.7962509128996416e-07 
2.8977856527726416e-09 
-1.649187324838027e-07 
-1.4402158957823319e-07 
6.1641014427442644e-08 
1.8135208520500748e-07 
-1.4731027540563093e-07 
7.3609349804426412e-08 
1.6438794750925531e-07 
1.1509491871226747e-07 
-9.1739817688434747e-08 
1.7628412571414846e-07 
1.0814842217800913e-07 
-1.1184410191017326e-07 
-1.6102503956924496e-07 
9.5119839870856985e-08 
-1.0185993050765106e-07 
-1.720171965974104e-07 
-8.9996969494668447e-08 
-1.1939735065930998e-07 
-1.5799564537691043e-07 
-8.5262088820937703e-08 
-1.0096189561432273e-07 
-1.6925858451341636e-07 
-8.7683497397346141e-08 
-1.1465064513648341e-07 
-1.5588662357302912e-07 
-8.5747061079756705e-08 
-8.9855917413838617e-08 
-1.6623238729094653e-07 
-9.8846321161774872e-08 
-9.8472635884303876e-08 
-1.5291765319055534e-07 
-9.7816005353045991e-08 
-6.6806175065854531e-08 
-1.6040070132600481e-07 
1.1650741182383792e-07 
-6.7617342171877331e-08 
1.4447989345557433e-07 
1.1540510890593591e-07 
2.5217284679291378e-08 
1.441154167902352e-07 
-1.2982996488772819e-07 
2.3763311601671933e-08 
-1.2087618839417366e-07 
-1.3028314246603865e-07 
2.8827994849481101e-08 
-1.0662403079430528e-07 
1.3157283943978383e-07 
2.0873580516432624e-08 
6.6010850061794144e-08 
1.3667726948853197e-07 
-6.7892693601445243e-08 
4.5138001183152591e-08 
-1.1832479793731263e-07 
5.7858326855899588e-08 
3.1861968454323449e-09 
9.9233313037201829e-08 
9.0961144365615547e-08 
2.7671809412100788e-09 
4.8342706573263445e-08 
-1.0808393704163156e-07 
4.0687426878339645e-08 
-3.0035197371297492e-08 
8.3276394323554672e-08 
-3.0660203803785324e-08 
7.9222358450963009e-10 
-6.8199167580664085e-08 
8.5591004792343487e-08 
2.7620249249106325e-09 
1.6072907467315837e-08 
-9.6635316920361118e-08 
-5.1515246084015061e-08 
-2.9425145987774185e-08 
2.7639671178898605e-08 
9.1540527745569481e-08 
-2.7439593037555832e-08 
-3.9258098792395277e-08 
-9.6882935519047335e-08 
