275
3.6682212092054346e-07 
1.1213078724152362e-06 
1.4243731829281631e-07 
2.9040172416170654e-07 
5.8547177155161985e-08 
8.3468940550863945e-08 
1.899633306918049e-08 
2.9269717222166258e-09 
1.6305488855727168e-08 
-1.8417272698001963e-08 
2.2739796826183713e-08 
-1.8651244897142772e-08 
2.7484124199207938e-08 
-1.4848912026062193e-08 
2.7390584281164011e-08 
-1.0945080242462469e-08 
2.6252202595706589e-08 
-6.2842247501768395e-09 
-2.2401894245162745e-08 
4.8315404320450892e-09 
-1.8348232719322634e-08 
2.9023284587121576e-09 
-1.4370955066145224e-08 
1.0494203760816201e-09 
-1.2579576024922023e-08 
4.3108924870621815e-10 
-1.0334935519767443e-08 
-1.6994326044605303e-09 
-8.8389216371655049e-09 
-2.8353332766194957e-09 
-7.4850966899276433e-09 
-4.0777375837415608e-09 
-5.803672633877355e-09 
-4.64594099776761e-09 
4.2284348431508853e-09 
6.1138674506566078e-09 
-3.9217804232917143e-09 
-7.670385798718425e-09 
-3.0537834679122968e-09 
7.2793434398355365e-09 
2.6384961008135184e-09 
-8.3106378802155598e-09 
2.1453055212547608e-09 
9.1737284568826707e-09 
1.2066756490684417e-09 
9.1444937069230609e-09 
6.998604781343704e-10 
9.6159049001412404e-09 
8.965499339069201e-11 
1.0477148090609312e-08 
-6.4767806583791529e-10 
9.5091267842573931e-09 
-1.0271609571957727e-09 
1.0666613492111092e-08 
-1.2157900119018001e-09 
1.047536429430439e-08 
-1.9580316568467565e-09 
1.0813756801968159e-08 
-2.2056399226622307e-09 
1.1102001933200457e-08 
-2.4937779201037093e-09 
8.9680822012830657e-09 
-2.6499166389261349e-09 
1.1749218607226035e-08 
2.9907136516645304e-09 
-1.0835604867341799e-08 
3.3119183310785071e-09 
9.8469913697255893e-09 
-3.0244679920389021e-09 
-1.173745998101892e-08 
4.6423772064883954e-09 
-1.1904490494464214e-08 
-3.3060168508467897e-09 
1.0105684915676543e-08 
3.9818822885117701e-09 
-1.1531968963027651e-08 
-4.9343977900252085e-09 
-1.0740927819173234e-08 
3.6033976039984768e-09 
1.1260143038976342e-08 
-4.0037792093941328e-09 
-7.985880237696089e-09 
-3.8253518853249218e-09 
2.2422892484312039e-08 
1.411516672894649e-08 
-8.3336171688625684e-09 
-9.3957590929087803e-09 
-1.7096992738748604e-08 
-1.7425930238838678e-08 
-9.6748204477641792e-09 
-3.2260776725036315e-09 
1.1777630334139795e-08 
-2.4446488230886502e-09 
-1.5694061674279311e-08 
2.5980980578193745e-09 
-1.0047533122855075e-07 
-4.8647207949800909e-08 
1.0558973699319126e-07 
4.4870255327274045e-08 
9.5370509123183452e-08 
7.9473869969528684e-08 
-1.1791898592386793e-07 
1.6011542310132206e-07 
-1.8273567008890762e-07 
-2.3103614769551782e-07 
1.1058549501320826e-07 
-2.0784338153165883e-07 
6.0927676281622101e-08 
2.6040635207664699e-07 
2.5973903455631126e-08 
2.3885430433473137e-07 
7.1427466647544821e-08 
-2.4695311015023938e-07 
1.6131060937406441e-07 
1.6435820081562412e-07 
-1.8691195801376363e-07 
-1.2061010817197004e-07 
2.9871657761603768e-07 
1.6306091570378583e-08 
-2.2571717776805347e-07 
8.5771692939093348e-08 
2.565488228668492e-07 
-1.8640118369361488e-07 
-1.5309515300491052e-07 
2.2948411448270654e-07 
8.1956805161043427e-08 
-2.9865044594406361e-07 
5.7235440388397287e-08 
2.6478452140202646e-07 
-1.4751329425480751e-07 
-1.8835447545625845e-07 
2.6879646194908501e-07 
1.2274047464194542e-08 
-2.7141662319360315e-07 
1.1944815619960068e-07 
2.4345564998108044e-07 
-2.4350570175812737e-07 
-8.8217748727865896e-08 
2.822061098317213e-07 
-2.6505816341945649e-08 
-2.8915599975989154e-07 
1.8466965550376074e-07 
1.4762781527533263e-07 
-2.6500059386965072e-07 
-1.6687304004929864e-09 
3.1978252360935324e-07 
-1.4631742906973405e-07 
-2.2456043036370413e-07 
2.2495463198353787e-07 
1.61194230264367e-07 
-3.1096330088564021e-07 
-3.0305897093755645e-08 
3.0192479711811719e-07 
-2.0286371750245969e-08 
-3.2790902502122833e-07 
1.0281258198516123e-07 
2.9061290901631719e-07 
-8.9655226180465071e-08 
-3.2703679515713606e-07 
1.0759220528513775e-07 
3.1137580721462545e-07 
-1.5454964872531409e-08 
-3.458422028671733e-07 
-3.9422328112796042e-08 
2.9992653740159658e-07 
1.883221728133195e-07 
-2.6823863176047511e-07 
-2.3911059350759334e-07 
1.2782649566957191e-07 
3.3302915275514581e-07 
3.3795467827613439e-08 
-2.8475089992612098e-07 
-2.7039859547244446e-07 
1.5989154774237119e-07 
2.8496304854225114e-07 
8.0755965879259431e-08 
-2.8757239637517401e-07 
-2.031367688697702e-07 
1.2502341354295361e-07 
3.0669756585637362e-07 
1.0771839199795866e-07 
-2.2107398408468297e-07 
-2.8560284280039214e-07 
1.0156891021335932e-08 
2.4326958012698394e-07 
2.1563414907575957e-07 
-1.3909616703770285e-07 
-2.3451558452836487e-07 
-1.4751887183770759e-07 
2.1571236176242018e-07 
2.302495496248833e-07 
7.3824442582767166e-08 
-2.2742318541297872e-07 
-1.9143606197639389e-07 
3.4095539755985903e-08 
2.4906593070179501e-07 
1.9487427157561122e-07 
-4.2654378285097222e-08 
-2.3085977488724948e-07 
-1.3990199105476827e-07 
1.0874011220159464e-07 
2.2298761461192504e-07 
-1.2645798107433325e-07 
1.3165420665555459e-07 
2.1184840078764074e-07 
8.9099413344787274e-08 
-1.4166052822252167e-07 
1.9528802376977991e-07 
5.9638328986070328e-08 
-1.6324524896356618e-07 
-1.8765855012504277e-07 
5.4246121585368764e-08 
-1.5022198213375534e-07 
-1.6928209238048067e-07 
-3.0152897946346504e-08 
-1.6411327007674559e-07 
-1.6407548441516394e-07 
-3.5267023170320774e-08 
-1.479321575917713e-07 
-1.4761553889387552e-07 
-2.4670729811059001e-08 
-1.5586829395243445e-07 
-1.4475226683595279e-07 
-2.94734288463478e-08 
-1.364295891753579e-07 
-1.3261027399027988e-07 
-3.4376979162448704e-08 
-1.4012080453525613e-07 
-1.3083339842653888e-07 
-3.6336419713077208e-08 
-1.1783413538385723e-07 
-1.2210992464250243e-07 
5.1149471280078841e-08 
-1.1604468818920867e-07 
1.1992153776781368e-07 
5.0485256364506634e-08 
8.8586096288710135e-08 
1.1126754184705471e-07 
-6.770255557623144e-08 
8.7546902081307286e-08 
-1.0525029017285843e-07 
-6.7749028270758901e-08 
-5.2797190241743594e-08 
-9.51268614432239e-08 
8.1610868306816509e-08 
-6.0832467041553052e-08 
7.5548682297234973e-08 
9.2291173199307125e-08 
2.8737908423245479e-08 
6.074377426338408e-08 
-1.02554729943914e-07 
-3.4398780255321074e-08 
-3.021836877807958e-08 
9.9441817145271996e-08 
2.0942811494709389e-09 
4.4951090933073514e-08 
9.506412260555324e-08 
-4.9367995215058658e-08 
-4.8907952568957736e-09 
-8.5410602157914743e-08 
3.881646371207851e-08 
2.3224497314507813e-08 
6.6151060841124906e-08 
-9.1608741029480065e-08 
3.8123995984240975e-08 
-3.7159727529052959e-08 
7.919995455794354e-08 
-5.4311869850600026e-08 
1.545471331448337e-09 
-1.071337435614563e-07 
4.2476226951819739e-08 
8.6168747058159073e-08 
5.8901391311855027e-08 
-6.2836414466456598e-08 
-1.7432244142604063e-07 
