275
1.2584561049212174e-07 
4.1230325558952986e-07 
2.4087593348762971e-07 
2.5551406912723624e-07 
1.1390933940203224e-07 
1.3296422818302498e-07 
3.1156364713094487e-08 
5.4985646210220098e-08 
-4.7861383911997414e-10 
2.456520586675308e-08 
-8.6354433469770676e-09 
1.6970987510848187e-08 
-7.2390111957796962e-09 
1.5533886569980059e-08 
-4.5278306655164498e-09 
1.5611033444129937e-08 
-2.0922184951939752e-09 
1.4914312063264008e-08 
1.7349129610157578e-09 
-1.2800614792858882e-08 
2.2073803929026175e-09 
-1.0919369109997831e-08 
2.6469638048304342e-09 
-9.4380304489412176e-09 
2.6759603294530326e-09 
-8.1051064049430357e-09 
2.8075685101059567e-09 
-7.7225599668364956e-09 
2.7230466007978217e-09 
-7.511111031305293e-09 
2.5624538586787897e-09 
-7.2021830476635103e-09 
2.1979513481929804e-09 
-6.0377735378747306e-09 
-1.8485852757162812e-09 
6.7239132030242831e-09 
1.9243051321818857e-09 
-7.168587533501979e-09 
1.3754822277585708e-09 
6.4091083645665674e-09 
-1.0664255395246036e-09 
-6.7802968377089014e-09 
-8.0274969201090296e-10 
6.7496135120924592e-09 
-5.611301926700343e-10 
6.3202115585039495e-09 
-4.0661988794499691e-10 
6.1728224341489593e-09 
-3.3905914205822245e-10 
6.3126335915262632e-09 
-3.3393831493383514e-10 
5.4713092275207349e-09 
-2.6452539196212887e-10 
5.835675783742853e-09 
-1.4285789092826402e-10 
5.4796231164358049e-09 
-1.2345516180367136e-10 
5.4088159768172243e-09 
-1.8228215220020063e-10 
5.3369786189640965e-09 
-2.8219779798227548e-11 
4.2392712185127624e-09 
-1.2009783974109826e-10 
5.3115185419291659e-09 
-1.9455414467862479e-10 
-5.0391998832513749e-09 
5.3278298843229853e-10 
3.9799389358705726e-09 
9.0767704681177223e-10 
-5.0848834654992287e-09 
8.6182152495625848e-10 
-5.145611621766609e-09 
6.188944890649369e-10 
3.4988364076055373e-09 
-1.1775932484620587e-09 
-5.2083236929595697e-09 
-2.3394786511814545e-09 
-4.2996538449121023e-09 
-1.8131787999970767e-09 
4.1618198810057303e-09 
4.743658670164471e-10 
-2.6412868400115335e-09 
1.0930281362703269e-09 
8.4779292992996995e-09 
9.4469231170756751e-09 
1.896579667792845e-11 
-9.7768690939854474e-09 
-2.3903123606819016e-09 
-7.9353356595603929e-09 
-5.5949119429410738e-09 
4.953279244722004e-09 
4.1919196903668867e-09 
2.2487291324300412e-09 
-1.9021269786591821e-09 
1.589850816712833e-08 
-1.5215274013521093e-08 
-3.384975446553125e-08 
1.376455040092813e-09 
2.9619621919696074e-08 
2.9516947023062602e-09 
3.3551071761637547e-08 
7.555750269704351e-09 
6.3943938133909973e-08 
1.4597705477953522e-08 
-7.6989013504105845e-08 
-4.2692149267357288e-08 
-6.0040453375064272e-08 
-4.8759745863059958e-08 
5.4702011211978164e-08 
8.0326513314948048e-08 
3.6927235133320461e-08 
7.9602459373154023e-08 
-1.6074635736112957e-08 
9.7921201153543299e-08 
-1.0262972983482491e-08 
-7.8696182042871954e-08 
4.2481502210798697e-08 
9.4879434117336031e-08 
-6.1449729536835328e-08 
-4.8624849090496532e-08 
8.357723882050063e-08 
3.0211200681398542e-08 
-9.5984649679164443e-08 
1.8633235443554243e-08 
8.8725319470977676e-08 
-4.67211946683461e-08 
-7.5283880927801168e-08 
9.0075899835427573e-08 
4.0289185633071413e-08 
-1.0138636495203649e-07 
1.7505446623385614e-08 
1.0828414326068554e-07 
-7.1242946581896892e-08 
-6.4146875606214527e-08 
1.0906215029059242e-07 
1.8014541784055666e-08 
-1.1440272825609057e-07 
5.3134137208194715e-08 
9.890121739463711e-08 
-9.1790538071419882e-08 
-5.0041120415787036e-08 
1.3193648090320253e-07 
-2.1666901298768114e-08 
-1.2287822113017957e-07 
9.2968633388308063e-08 
9.4168445536208264e-08 
-1.2435104968993093e-07 
-2.6839459520587049e-08 
1.4302745598277806e-07 
-1.8148571094035796e-08 
-1.3774103617809454e-07 
7.5866031064502597e-08 
1.2344873730127512e-07 
-9.568305431057999e-08 
-1.0575258558111165e-07 
1.3007012143168554e-07 
1.0116422658143291e-07 
-1.2410376344225811e-07 
-1.0888610984263585e-07 
1.3553598225618738e-07 
1.3465795048348801e-07 
-9.1840807542959603e-08 
-1.5506612652640792e-07 
5.8138528511695975e-08 
1.7685055736309405e-07 
2.8221802495127199e-08 
-1.6222501446677866e-07 
-8.2366518382345257e-08 
1.2526102296602938e-07 
1.4600875369114675e-07 
-2.0300678762247905e-08 
-1.5471632404792677e-07 
-1.0098496587090778e-07 
1.1376195576458937e-07 
1.5020089902716772e-07 
1.4424452720315964e-08 
-1.4070243747459339e-07 
-9.1621942176690966e-08 
8.8019491250177213e-08 
1.4731725748971252e-07 
6.2465274854693816e-08 
-1.1281237268335842e-07 
-1.3329356313720653e-07 
3.199260088416609e-09 
1.332073295779987e-07 
1.198284065383982e-07 
-4.1948097610583694e-08 
-1.2763045859934326e-07 
-8.4293365723588139e-08 
9.5750345439058484e-08 
1.3546088853923461e-07 
8.061087084923085e-08 
-8.8265046509769863e-08 
-1.2408057667970626e-07 
-1.2717927377234903e-08 
1.3018072226958098e-07 
1.3998974245023403e-07 
3.9848208981096214e-08 
-1.0452248218356516e-07 
-1.1977224574035321e-07 
2.044088839859444e-08 
1.3824553488408694e-07 
-1.4336986936719584e-07 
1.4632005070977751e-08 
1.130062009031211e-07 
1.146887658700206e-07 
-4.1119569993901391e-08 
1.4659281515358392e-07 
1.3649138085855665e-07 
-5.2776362933393699e-08 
-1.2005271979610862e-07 
1.1429591492796641e-07 
-5.0428569805288073e-08 
-1.5479085436131617e-07 
-1.3574620745152789e-07 
-6.4891001116322186e-08 
-1.2775267998252626e-07 
-1.1826677316152047e-07 
-5.0279791936175284e-08 
-1.6279068130876815e-07 
-1.4121420882020982e-07 
-6.2231963415540145e-08 
-1.3455146183478184e-07 
-1.2885906271883445e-07 
-3.9126907614889457e-08 
-1.6557884497329064e-07 
-1.5450361203889121e-07 
-4.5195977504596081e-08 
-1.3555133290415019e-07 
-1.4683953932063332e-07 
-9.9661688254545963e-09 
-1.5824002523085018e-07 
1.6976287401321578e-07 
-9.0514560278280177e-09 
1.253648635307741e-07 
1.6687023921411567e-07 
-4.123083741254627e-08 
1.3100358302717586e-07 
-1.7404101849890286e-07 
-4.2634197223604942e-08 
-9.1507877807932284e-08 
-1.7685075877914606e-07 
1.018230888200106e-07 
-6.7670764312031269e-08 
1.5848853903115872e-07 
9.0347857832673509e-08 
1.3458725097220762e-08 
1.5979733774378089e-07 
-1.3707902491419947e-07 
-1.64694454988454e-08 
-1.0816640683581113e-07 
1.2078539950773828e-07 
6.9263774820171287e-08 
6.6857916814025862e-08 
1.3377713701021941e-07 
-6.3858398578591626e-08 
-1.0829816713286896e-08 
-1.2507976405239272e-07 
1.0328771590632797e-07 
4.1379631445001162e-08 
4.8140612526679054e-08 
-8.327421620797393e-08 
-6.1034559946256946e-08 
-1.4193515462668524e-08 
1.0925399808127886e-07 
5.806886100580839e-08 
-5.1744335889323106e-08 
-4.8709849815257908e-08 
-1.0892693646723052e-07 
5.6119217476136563e-08 
-4.9257587239882848e-08 
7.4994449489578165e-08 
-8.8402541153829564e-08 
7.6504433501207266e-08 
1.1087988175657029e-07 
