275
1.086357555162358e-06 
1.0867021977108406e-06 
9.6406444001186633e-08 
1.0720299786631748e-07 
1.7715642665343138e-07 
-1.4650084523036828e-07 
2.2286842743706098e-07 
-2.2189902000781318e-07 
2.422154038605561e-07 
-2.2730682891058913e-07 
2.4497100556986942e-07 
-2.1019023039068301e-07 
2.3249706701842805e-07 
-1.8013367533008038e-07 
2.1147552695271085e-07 
-1.5077981213593697e-07 
1.8528817908458296e-07 
-1.177229832274893e-07 
-1.5949054569303849e-07 
8.8606462503563868e-08 
-1.338382244532504e-07 
6.1924527615523462e-08 
-1.08595990057666e-07 
3.7778355619696107e-08 
-8.8414860262331672e-08 
1.8924441411446628e-08 
-7.1827411163519307e-08 
8.5613011012434127e-10 
-5.7374725398566196e-08 
-1.5523777655884093e-08 
-4.2956399702630131e-08 
-3.1130125843947277e-08 
-2.76354041678527e-08 
-3.816535929114729e-08 
1.6251927484797142e-08 
5.3100835385840293e-08 
-7.4003377934279957e-09 
-6.9589007529984016e-08 
3.5479047497437444e-09 
7.1086620943263941e-08 
-1.1431487904875197e-08 
-8.363486493776184e-08 
-2.122533587469714e-08 
9.2755721965445024e-08 
-2.8155955884231841e-08 
9.5544222029214983e-08 
-3.472646469363244e-08 
1.0137284665236093e-07 
-4.3139563415973755e-08 
1.1382568699586592e-07 
-4.6533040372113667e-08 
1.0649500828427873e-07 
-5.4721542664938424e-08 
1.199975654976601e-07 
-5.4056818512812084e-08 
1.1881149929530004e-07 
-6.7896706468250052e-08 
1.2557472849518873e-07 
-6.4247269427864177e-08 
1.3080024692743252e-07 
-6.7306473372159717e-08 
1.0499860663257813e-07 
-7.1559498184681881e-08 
1.4120606296610221e-07 
7.8493768877907398e-08 
-1.2787735941823899e-07 
7.4472805655762759e-08 
1.2442703804019435e-07 
-8.0763010074058727e-08 
-1.3996555697823248e-07 
9.2065402262726856e-08 
-1.4775154439026979e-07 
-8.6341907909984992e-08 
1.3361135693229829e-07 
8.9757023930421903e-08 
-1.3031293380154824e-07 
-8.6952477568648389e-08 
-1.466092391257836e-07 
9.0219359017571196e-08 
1.298049095398596e-07 
-9.509315683610245e-08 
-1.4092695795267019e-07 
-9.8488306711525013e-08 
1.4798398880772532e-07 
6.9222284161598647e-08 
9.5754758828119941e-08 
8.9642009652656775e-08 
-1.3703026846924214e-07 
-1.0165751648266126e-07 
-1.1857126495208098e-07 
-7.4180923152785189e-08 
1.3398770422521897e-07 
9.0424373114636373e-08 
1.1793655194151637e-07 
-1.2118510859656669e-07 
-2.2688408177592407e-07 
-5.7880455943037225e-08 
2.4770834637457565e-08 
-1.0866941428409379e-07 
2.801647302096424e-07 
1.3199538743208367e-07 
-4.2689926956137703e-08 
-8.9485179613737043e-09 
-4.4604394778889955e-07 
-2.520956951403372e-07 
1.029182967583834e-07 
-6.0431766864875186e-08 
3.4823233741176812e-07 
3.9342533674700944e-07 
2.7115089545057986e-08 
1.5149056872877231e-07 
-2.0671266563269561e-07 
-4.8134523883766946e-07 
1.9931924229759517e-07 
1.3266247971994038e-07 
3.879631158298451e-08 
-4.0824553341119634e-07 
4.4974237149053909e-07 
1.9336028041338018e-08 
-7.1178499277007819e-08 
-1.5130593404694624e-07 
5.5058471502548743e-07 
-2.4188331848090551e-07 
-8.5935060950724061e-08 
5.7199106453279936e-08 
4.1077399979872387e-07 
-5.1658552761382114e-07 
9.8992384988883802e-08 
1.8568680013552792e-07 
1.0814153266651445e-07 
-5.2238717592432865e-07 
4.4998385788750426e-07 
-6.0301342626572984e-09 
-1.2632193699178301e-07 
-1.2093607183884623e-07 
6.084864264751827e-07 
-3.8776934701317358e-07 
-2.9019422729473323e-08 
1.3033845408920622e-07 
2.8172646116183279e-07 
-6.3585709721030201e-07 
3.0393574863944893e-07 
8.9847393845105623e-08 
-6.5412652417367027e-08 
-2.9967491402427731e-07 
6.8043810894566066e-07 
-2.419991555900174e-07 
-1.108278541004568e-07 
1.7790088572649188e-08 
5.509773370656504e-07 
-5.9348587233462292e-07 
5.1803289514907471e-08 
1.3380728223044801e-07 
2.8882897290568294e-07 
-7.4199926232852832e-07 
2.271985634630691e-07 
1.3179544358102674e-07 
1.932093920527506e-07 
-7.7863369261699011e-07 
2.4929232604317957e-07 
1.303361327317338e-07 
2.9367924353193026e-07 
-7.9863032458887494e-07 
9.1063025014507832e-08 
8.7696257088076788e-08 
6.1829664159713712e-07 
-6.1783641610098793e-07 
-6.5931610304047902e-08 
-1.1512001940092983e-07 
8.5464687638076825e-07 
-1.4803539292762605e-07 
-9.5864149234945104e-08 
-7.9389895653482047e-07 
4.2344605301991335e-07 
7.1279668914810804e-08 
3.8055843302076469e-07 
-7.9075628685684428e-07 
-1.6971647149938243e-08 
-7.5879128429412116e-08 
8.5110529848476748e-07 
-1.326417628980118e-07 
-8.3653353214837332e-08 
-8.529749533937256e-07 
2.0738252435468075e-07 
4.3755612835075469e-08 
6.2734522463345407e-07 
-5.4858900461713852e-07 
-6.0839081521792686e-08 
-5.3461072230965838e-07 
6.2438591029438051e-07 
1.6277658251522899e-08 
2.1142707121191771e-07 
-7.586808384228077e-07 
-3.0020085661020877e-08 
-1.2496098737954997e-07 
6.9339653181652654e-07 
-3.0634387834428206e-08 
-9.302987801387755e-08 
-7.1107426855927584e-07 
-1.7773176001092804e-08 
1.6508913030283553e-08 
5.3151304959669281e-07 
1.3514190814624714e-07 
2.4480090788637559e-07 
5.6265045055552102e-07 
1.2693440828730055e-08 
-1.171190048675097e-07 
3.2439615795295537e-07 
-2.2061980493255797e-07 
-3.2564441271506004e-07 
-3.6377539060618633e-07 
2.3556394420661426e-08 
-2.260613038402252e-07 
-9.8040366977602508e-08 
2.1675865608439401e-07 
-4.1427208850885681e-07 
-1.5002057584850394e-07 
-5.276695647431849e-08 
-3.4014353923614649e-07 
1.1266961774088011e-07 
1.4432807277598511e-07 
-4.9951123348130988e-07 
4.4465187499622819e-08 
-8.9208401684179255e-08 
-4.2495454792189126e-07 
2.6473127227540654e-07 
5.0232026255015883e-08 
-5.5952343994226158e-07 
1.953716093760106e-07 
-1.3008190205963483e-07 
-4.8727827739235271e-07 
3.7319614658138311e-07 
4.982206641874508e-08 
-6.009226153769444e-07 
-2.9765052194119199e-07 
1.919304948150977e-07 
5.707940215671935e-07 
-4.4948735657535081e-07 
-1.700003047594683e-07 
6.8908085855310734e-07 
3.8326846444012399e-07 
-2.9109502497366676e-07 
-7.2549609961382362e-07 
5.0017394219473522e-07 
3.2703402401789942e-07 
-8.5350109467370492e-07 
-5.2502639077818216e-07 
4.2980299164736213e-07 
9.559135222794609e-07 
-6.0674862709702736e-07 
-5.5876588680853294e-07 
-9.5522253702107195e-07 
6.5055819798417356e-07 
4.4127733176342714e-07 
-8.763305638304528e-07 
-4.0430706073269989e-07 
7.0511729543275018e-07 
4.0203630775356357e-07 
4.9755371177790259e-07 
-5.856885375842452e-07 
-6.9718684319135342e-07 
-1.0542350498866028e-07 
3.7630362388600071e-07 
-2.8280728098563703e-07 
2.4080469869795576e-09 
3.9163718428349074e-07 
7.862345558689517e-07 
1.0470208129091071e-06 
-6.239152467418502e-07 
-1.1707004170185204e-06 
-1.3613852544638917e-06 
5.9408771216941787e-07 
1.2338799344676795e-06 
1.2520575504413385e-06 
-2.870291097857374e-07 
