275
3.3503481740571698e-07 
9.8947706293986122e-07 
2.0372601257064109e-07 
3.0018028552023568e-07 
6.497437598503851e-08 
1.1143321996696309e-07 
2.6657715980773209e-09 
3.2725219827256876e-08 
-8.6835393009436863e-09 
9.7823277064580933e-09 
-4.4302902014700253e-09 
7.7063846563868425e-09 
1.4771517001656439e-09 
8.7069462275123357e-09 
3.7886222645243614e-09 
1.0024417672137133e-08 
5.5211035001921691e-09 
1.1462562533161834e-08 
-4.1882710596507083e-09 
-1.0051343886943908e-08 
-2.4438928358156132e-09 
-9.3827256512797623e-09 
-7.5143938825859478e-10 
-8.9072438444135472e-09 
-6.6594711323695244e-10 
-7.7282889463700238e-09 
1.9983240059472597e-10 
-8.3586144630218471e-09 
5.6926567549679269e-10 
-8.3779076636135964e-09 
8.1836330381530106e-10 
-8.3744871414982476e-09 
1.0093758161105985e-09 
-7.4054957284609241e-09 
-1.2235652341674023e-09 
8.4619398496020912e-09 
1.6915670321006342e-09 
-9.2359232865921363e-09 
1.3522507805306975e-09 
8.1204261749686142e-09 
-1.1694493476688842e-09 
-8.6241007046110842e-09 
-1.1993506017875999e-09 
8.8057847058742285e-09 
-1.2976281397699261e-09 
8.2965019743798092e-09 
-1.28734933220162e-09 
8.2964309726419959e-09 
-1.4841154230220484e-09 
8.6043331099098925e-09 
-1.6543867179569762e-09 
7.5040160276597077e-09 
-1.7326017265156163e-09 
8.1448625132715839e-09 
-1.5182258240428928e-09 
7.7737850940809238e-09 
-1.9358719456545771e-09 
7.7453624457982349e-09 
-1.8680015521791137e-09 
7.7260486220080251e-09 
-1.8994554908235881e-09 
6.1806281756907812e-09 
-1.8796699042870157e-09 
7.8430242314145914e-09 
1.8770200107367098e-09 
-7.2241504771135055e-09 
2.1848454022356216e-09 
6.1670721697280861e-09 
-1.4861600907868084e-09 
-7.5825986932604536e-09 
2.9426617080379332e-09 
-7.4377894025942279e-09 
-1.4415651553716831e-09 
5.8681045794764945e-09 
1.8287679297622449e-09 
-7.5596503639076124e-09 
-3.2782637799863777e-09 
-6.1023667716201653e-09 
1.1393414598242709e-09 
7.0834672524029097e-09 
-1.8079751407909102e-09 
-3.5313530963203888e-09 
-9.5217975653363148e-10 
1.6820443319334055e-08 
1.3591924732800516e-08 
-9.4983540249812106e-09 
-1.233024497602071e-08 
-1.0919692253176557e-08 
-1.4904612813968231e-08 
-6.2973358179079329e-09 
2.2023682898124053e-10 
7.5610024672930187e-09 
-1.8876609867480231e-09 
-1.7133358557674528e-08 
1.4265399525457232e-08 
-8.0241314292943153e-08 
-5.892747117101855e-08 
8.4510110369532108e-08 
5.5831960042930337e-08 
6.9191960737757136e-08 
8.0749481331074873e-08 
-8.8670942983855306e-08 
1.6192819273778507e-07 
-1.2322941717160864e-07 
-2.1870553902029393e-07 
6.2865635537272815e-08 
-1.927983390284275e-07 
1.3502505787645842e-08 
2.23506061151763e-07 
5.8117026367031491e-08 
2.0103333324805197e-07 
1.0097509365969931e-07 
-1.8975933117228495e-07 
1.6748368813987171e-07 
1.187912605598498e-07 
-1.8532653885698531e-07 
-6.3826275720337594e-08 
2.6431098217592131e-07 
-1.7994664139095332e-08 
-1.9635911903845728e-07 
1.0782913945120623e-07 
1.9790895157617114e-07 
-1.8317813569354622e-07 
-1.0918226542664134e-07 
2.1522333384746415e-07 
3.1547827826479627e-08 
-2.5222505331160307e-07 
8.0139687508615562e-08 
2.1659931916708054e-07 
-1.6116125694423413e-07 
-1.2624674148361893e-07 
2.4097009390439051e-07 
-2.0223809363317162e-08 
-2.3400922926711636e-07 
1.3774963627402665e-07 
1.8001750103533335e-07 
-2.2394600348403131e-07 
-4.8835069054116266e-08 
2.51885942643591e-07 
-6.1796657538654953e-08 
-2.276554506997476e-07 
1.8163017416192122e-07 
1.0435930270379308e-07 
-2.4715806980088906e-07 
3.6408219552808414e-08 
2.6228355550925608e-07 
-1.4913745404584958e-07 
-1.8098467695871378e-07 
2.1914618561028645e-07 
1.0512646061857295e-07 
-2.7050650829309901e-07 
-2.3935999512215262e-09 
2.6800625668998145e-07 
-5.1965908419715837e-08 
-2.6802474157373939e-07 
1.1037504029437617e-07 
2.5107919672650645e-07 
-1.0896560160812474e-07 
-2.6596410567498208e-07 
1.1240815510140974e-07 
2.7414659404998234e-07 
-4.2711154991188691e-08 
-2.8966786948981191e-07 
-2.0194120988961067e-08 
2.7395629992225045e-07 
1.3922792531696603e-07 
-2.3235637485505324e-07 
-2.0580939638538434e-07 
1.2901559878346089e-07 
2.7249514086308823e-07 
2.7259954974898009e-08 
-2.5388997089422375e-07 
-2.16406718577329e-07 
1.3573687755244693e-07 
2.5308393160397267e-07 
6.0521483393797881e-08 
-2.3410698268253397e-07 
-1.8080568785314904e-07 
1.1235445313926797e-07 
2.5029068695473149e-07 
1.0525937231389855e-07 
-1.9090505710220572e-07 
-2.320893976739489e-07 
-4.0393074798480764e-09 
2.1355220420226639e-07 
1.8273467393622481e-07 
-9.7618908968538612e-08 
-2.0943439484129993e-07 
-1.2805973483483968e-07 
1.6698544198603817e-07 
2.0808112433403286e-07 
7.7973895930497546e-08 
-1.7405745874238462e-07 
-1.800682601977349e-07 
1.5892844256252612e-08 
2.0465345797341848e-07 
1.8702750128759878e-07 
-1.3101923166282771e-08 
-1.8517755998809271e-07 
-1.4390832292352193e-07 
7.9074740368306067e-08 
1.9413657555994749e-07 
-1.4198408551282636e-07 
9.3835712180174398e-08 
1.7918496372875864e-07 
1.0684520878446098e-07 
-1.0993483491457519e-07 
1.8247484059849911e-07 
9.2900362186222292e-08 
-1.2954171822501549e-07 
-1.6991289905055402e-07 
8.1124364014465353e-08 
-1.1895631031240315e-07 
-1.7208767807303266e-07 
-7.0292426077624166e-08 
-1.3432911870749744e-07 
-1.610886385467701e-07 
-6.760413345509334e-08 
-1.1698371809838594e-07 
-1.6403354063182048e-07 
-6.6269915610773918e-08 
-1.2804917008687569e-07 
-1.5417995430530195e-07 
-6.5535841986087068e-08 
-1.0539455931602295e-07 
-1.5772251113844006e-07 
-7.6521138605756034e-08 
-1.1187467630853517e-07 
-1.4834306291791304e-07 
-7.5681494287365145e-08 
-8.3898066859493413e-08 
-1.5099355801332904e-07 
9.3687937942948279e-08 
-8.3365778274062151e-08 
1.396375797451072e-07 
9.194144995476318e-08 
4.6363227519646441e-08 
1.3723074588946069e-07 
-1.0801887626974662e-07 
4.4380045483451091e-08 
-1.1965203470100609e-07 
-1.0738511384816227e-07 
2.3711921573193691e-09 
-1.0797727075498232e-07 
1.1366575557203389e-07 
-4.7244983754872816e-09 
7.4549000243239396e-08 
1.1986264466153273e-07 
-3.809637191765579e-08 
5.6778118537763376e-08 
-1.1188741828138351e-07 
2.9976838470138681e-08 
-1.4239612719093995e-08 
9.9216779932684125e-08 
6.4449873752309439e-08 
2.2065210984074312e-08 
6.388121704522716e-08 
-9.1123229745868188e-08 
2.0213246182078903e-08 
-4.8533041152886401e-08 
7.4394280580081839e-08 
-8.8116180489914117e-09 
2.3753536968391583e-08 
-7.8584258685899852e-08 
6.9254385464710399e-08 
-1.4847291218397755e-08 
3.7229523866105952e-08 
-9.1109960513310463e-08 
-2.7226674655763605e-08 
-5.5693301908322439e-08 
4.4494308818849706e-08 
8.9389015212033359e-08 
-1.4078305914123586e-09 
-6.1812839063599572e-08 
-1.3780080374037724e-07 
