275
2.964989193846719e-07 
8.6800581354801518e-07 
2.425857525300188e-07 
3.0158081781043178e-07 
7.6465289403054864e-08 
1.2448965800956533e-07 
1.1240469891083321e-09 
4.5248671693935297e-08 
-1.6198272997554856e-08 
2.0619131271168926e-08 
-1.4097548073583795e-08 
1.7326853675017175e-08 
-8.1229925232207286e-09 
1.7159307787801892e-08 
-4.77850651029541e-09 
1.7483166518621679e-08 
-1.9059891659284356e-09 
1.7564722186335303e-08 
2.1465725064356624e-09 
-1.5107897303926925e-08 
2.989487602274445e-09 
-1.3419346771713727e-08 
3.7943935484556319e-09 
-1.2084986445496131e-08 
3.3747122544610273e-09 
-1.0356795358423102e-08 
3.7213730516439872e-09 
-1.0387236053163665e-08 
3.686387356566475e-09 
-1.0058636693117254e-08 
3.5628436552265171e-09 
-9.6526748136173097e-09 
3.2367934810127017e-09 
-8.1782294370662122e-09 
-2.9654404040451909e-09 
9.0837604177417472e-09 
3.4402294562588638e-09 
-9.6125939585102064e-09 
2.7304931662996357e-09 
8.3401694990198919e-09 
-2.3744906237924378e-09 
-8.7001580855043042e-09 
-2.2450503208460982e-09 
8.6599965909611907e-09 
-2.0506143102105346e-09 
8.0200371855133248e-09 
-1.8808309995572031e-09 
7.8678190039857498e-09 
-1.9361716842121592e-09 
8.0105657462708707e-09 
-1.9194582825569651e-09 
6.8875831941297917e-09 
-1.9123613567177553e-09 
7.3709047058393621e-09 
-1.5829862967341375e-09 
6.9444985905856872e-09 
-1.8862168258781882e-09 
6.8154800776909481e-09 
-1.7239388573010805e-09 
6.7040950993205668e-09 
-1.6671704879690566e-09 
5.343226368905033e-09 
-1.6192299285067755e-09 
6.6727216729996405e-09 
1.4902432498393543e-09 
-6.1641214378122312e-09 
1.8432171871726971e-09 
5.0609558050135861e-09 
-9.266041062913718e-10 
-6.3523052901038511e-09 
2.4331874351243635e-09 
-6.1510951423132675e-09 
-8.397954813462696e-10 
4.589957876770678e-09 
1.0378616656045915e-09 
-6.4109015505964149e-09 
-2.9432236377984557e-09 
-4.8108919985698828e-09 
2.2198969355396198e-10 
5.7799692757440035e-09 
-1.1703616238330864e-09 
-2.4239400910811408e-09 
1.5700639184194274e-12 
1.4340110983189727e-08 
1.3467034432674488e-08 
-8.1269021285510892e-09 
-1.2867622106257036e-08 
-8.0235449846458736e-09 
-1.369517273645877e-08 
-5.6066666918274272e-09 
1.9344166754117943e-09 
6.2306094538038422e-09 
-3.0658079786803439e-10 
-1.4862513201472495e-08 
1.9673289690071425e-08 
-6.3895120445126126e-08 
-6.2309956787546703e-08 
6.3478141389699163e-08 
5.785681084865113e-08 
5.0125691053865431e-08 
7.7373896227546291e-08 
-6.2011745153884632e-08 
1.516840928148428e-07 
-7.9636203020546949e-08 
-1.983991711920457e-07 
2.5847733429918175e-08 
-1.7020427993696311e-07 
-1.5691986188230995e-08 
1.8835679979532723e-07 
7.8375073799724753e-08 
1.635428898208407e-07 
1.1230908357723773e-07 
-1.441639848065919e-07 
1.6500337867181961e-07 
8.1071569102865254e-08 
-1.7190789794667518e-07 
-2.5600423053140637e-08 
2.3133988215435712e-07 
-4.0962108754455893e-08 
-1.6465411393786251e-07 
1.1523874651040201e-07 
1.5349069840060021e-07 
-1.7404852822603244e-07 
-7.2338967750106765e-08 
1.9391906811890795e-07 
3.89324740448138e-10 
-2.1299903007081398e-07 
9.426778532940011e-08 
1.7323416170807685e-07 
-1.6031776034841162e-07 
-8.2911974395234024e-08 
2.1594881498368293e-07 
-4.2876398572962898e-08 
-1.9658330078094872e-07 
1.4260510049868201e-07 
1.3510080068213771e-07 
-2.0526309709906615e-07 
-1.7457526072522403e-08 
2.2019103334620828e-07 
-8.0214126790350455e-08 
-1.8251720569583875e-07 
1.7715870645790098e-07 
6.9154279341333279e-08 
-2.2437318353829237e-07 
5.8675922653237199e-08 
2.2071025588985774e-07 
-1.4962491695725904e-07 
-1.427667298877316e-07 
2.071584854123967e-07 
6.8746721960417116e-08 
-2.4051598499937503e-07 
2.0278648653847979e-08 
2.3556763004957603e-07 
-6.9087256803007739e-08 
-2.2688160624981075e-07 
1.1743534284344256e-07 
2.1560273906796003e-07 
-1.1720817728152197e-07 
-2.2531845886646404e-07 
1.1827333923038968e-07 
2.4076624797988323e-07 
-5.74841801382844e-08 
-2.5364885384951573e-07 
-2.4986294823921652e-09 
2.497018705535351e-07 
1.0933581505160267e-07 
-2.1107965271902154e-07 
-1.7652915644484494e-07 
1.2603699899713203e-07 
2.3612659347725091e-07 
1.8777315638038607e-08 
-2.2733201503114282e-07 
-1.8484795300377105e-07 
1.2335854760582246e-07 
2.2584713609949282e-07 
5.0341309543001022e-08 
-2.0361018414895894e-07 
-1.6063173255414027e-07 
1.0074507468504472e-07 
2.1866252452143404e-07 
9.8973181055735698e-08 
-1.6698099402968714e-07 
-2.0265247051775243e-07 
-9.8694461730062185e-09 
1.8935092225527124e-07 
1.6584837979436599e-07 
-7.5074358170129495e-08 
-1.8845519345012619e-07 
-1.1959974587118494e-07 
1.3973267666096685e-07 
1.8884947464140278e-07 
8.2917614947889059e-08 
-1.4483085918954874e-07 
-1.6881413177144144e-07 
1.4386172333320899e-09 
1.8057068060391688e-07 
1.7749847793471981e-07 
6.8274313582903977e-09 
-1.6012024659077507e-07 
-1.4377966782854917e-07 
5.728260475215237e-08 
1.7829732127732375e-07 
-1.4834481031584323e-07 
6.8573579778487425e-08 
1.6080609482925676e-07 
1.1691154028996349e-07 
-8.7150207238432673e-08 
1.7470701633371813e-07 
1.1169543261233851e-07 
-1.0739403774594138e-07 
-1.5873714893936132e-07 
9.8433338280138003e-08 
-9.755105626744605e-08 
-1.7178827259819773e-07 
-9.472890907695984e-08 
-1.1563117489521305e-07 
-1.5698215204763228e-07 
-8.9550038131429282e-08 
-9.6936546762522442e-08 
-1.7019764530849179e-07 
-9.2910058173946714e-08 
-1.1125200818568672e-07 
-1.5592540146717106e-07 
-9.0721935634509137e-08 
-8.5950984623131773e-08 
-1.6788402452082137e-07 
-1.0432266874207768e-07 
-9.5059292605848963e-08 
-1.5355204235787626e-07 
-1.0327557212521468e-07 
-6.2473299774318165e-08 
-1.6217920123214865e-07 
1.2208604215232717e-07 
-6.361197425233834e-08 
1.4511014771268377e-07 
1.2119260760336359e-07 
1.9886453442299147e-08 
1.45180567911738e-07 
-1.3510933456110201e-07 
1.8612178841642425e-08 
-1.2056391711811214e-07 
-1.3592464070606749e-07 
3.5342859804418315e-08 
-1.0553207637222676e-07 
1.3585159212582383e-07 
2.7089238827083023e-08 
6.320536769318234e-08 
1.4076975732791417e-07 
-7.4988385916476205e-08 
4.144778889659483e-08 
-1.1971601693952854e-07 
6.4418774021728093e-08 
8.1780035931743918e-09 
9.8936761852996087e-08 
9.7048171531601525e-08 
-2.5872731054751565e-09 
4.4272958023243989e-08 
-1.1178076103998324e-07 
4.6256578414940199e-08 
-2.5245073545692409e-08 
8.4486273340344063e-08 
-3.6420642887373094e-08 
-5.064864897879229e-09 
-6.5098142478548367e-08 
8.9485673230296284e-08 
7.5517949307107639e-09 
1.0647680847586321e-08 
-9.6700495466908788e-08 
-5.8144359738735258e-08 
-2.2559559382311457e-08 
2.2081928864490335e-08 
9.1787042884109902e-08 
-3.3635294938919324e-08 
-3.169567055071761e-08 
-8.3999578795710932e-08 
