275
8.3766985245409992e-08 
2.8853186981853638e-07 
1.964434893544869e-07 
2.1711829089340897e-07 
1.1163566626138506e-07 
1.2438487467825711e-07 
4.0280610477197885e-08 
5.4467951874400829e-08 
8.2399083413688958e-09 
2.4209916218279255e-08 
-2.8410095075990983e-09 
1.5162191135131744e-08 
-3.7723185743524111e-09 
1.3115801993651524e-08 
-2.1702812800792699e-09 
1.3092795441059721e-08 
-4.9563974198624515e-10 
1.2460209342012785e-08 
3.4716064619696369e-10 
-1.0795340988327692e-08 
8.5732117812040678e-10 
-9.2218187154970864e-09 
1.3642347409303445e-09 
-7.9454332554325444e-09 
1.5866359407688873e-09 
-6.8406288793687381e-09 
1.770334900911962e-09 
-6.4984670639727561e-09 
1.7667187580965914e-09 
-6.3930096261349844e-09 
1.656268406461584e-09 
-6.2049866734684646e-09 
1.386253556293888e-09 
-5.2529916553557337e-09 
-1.1203766790779243e-09 
5.9147930258035788e-09 
1.0736129738773479e-09 
-6.3790294035445217e-09 
6.424059917384132e-10 
5.7810839748070424e-09 
-3.6898169136337344e-10 
-6.1789533706084269e-09 
-9.3753663313583046e-11 
6.2079396636363485e-09 
1.0081311893512043e-10 
5.8734782018052523e-09 
2.3051600558146339e-10 
5.7686036737762955e-09 
3.2195776629641594e-10 
5.9609884808566245e-09 
2.9856329952694266e-10 
5.2110710066413841e-09 
3.8871368650145314e-10 
5.5716833925348672e-09 
4.1723255638009907e-10 
5.2520591467936307e-09 
5.3788568183139636e-10 
5.2279117020718737e-09 
3.9572011615579879e-10 
5.1984699814703715e-09 
5.5785619122058054e-10 
4.1238697385183899e-09 
4.3265802830152125e-10 
5.2042547180930836e-09 
-7.930326372487589e-10 
-4.9465189637190122e-09 
3.4475106531752978e-11 
3.9922297102326501e-09 
1.476037925531503e-09 
-4.9818173204644716e-09 
2.2971887483671027e-10 
-5.1824697483708055e-09 
1.0552429586572395e-09 
3.5718798517739904e-09 
-1.8619192468816092e-09 
-5.0075268505715121e-09 
-1.8966973915768846e-09 
-4.5646155442475268e-09 
-2.266079596464058e-09 
3.9954711277850216e-09 
1.1285670605040602e-09 
-3.0599851240373152e-09 
1.2067278853769282e-09 
7.1997307354451559e-09 
7.0099238404114738e-09 
2.0488432555843823e-09 
-8.0369415173683599e-09 
-1.8558019582785126e-09 
-5.5359871250843198e-09 
-5.4761626441755031e-09 
5.0452839031537776e-09 
3.9500491344052249e-09 
1.6109410697205921e-09 
8.038272799505199e-10 
1.0814931895529843e-08 
-8.4872257612074901e-09 
-1.9214785317802101e-08 
-5.5789169788717738e-09 
1.7154930666420891e-08 
-1.0952673587845693e-09 
1.7754921062693247e-08 
1.3481400608150393e-08 
3.6448817537728837e-08 
1.8507174052704942e-08 
-4.1754471127139333e-08 
-3.9660283601967562e-08 
-3.2286416898000801e-08 
-3.8523908017183802e-08 
2.5301164713836952e-08 
6.2260776835790807e-08 
1.3982388234950606e-08 
5.5359472793378219e-08 
2.7609653081420587e-09 
6.8448874250312092e-08 
-1.7778415304393666e-08 
-4.8329051483174647e-08 
4.1101474048640242e-08 
5.9300807878892613e-08 
-4.9511055919843205e-08 
-2.3034892127265886e-08 
6.2464437948857087e-08 
1.0098935435315298e-08 
-6.5383430440932658e-08 
2.7777083322179021e-08 
5.7912093490868897e-08 
-4.2064096100994633e-08 
-4.2195426722671694e-08 
7.3618090520046135e-08 
1.5537644683526586e-08 
-7.3183326942266085e-08 
2.8745419518001531e-08 
7.5470505692263887e-08 
-6.2433601071187796e-08 
-3.2670061976257191e-08 
8.7132240499484529e-08 
-1.298001986400774e-09 
-8.2105333563230584e-08 
5.7821409415723863e-08 
6.5722402179748981e-08 
-7.96343316811116e-08 
-2.0834412511979558e-08 
1.0874770742624713e-07 
-3.415147265101657e-08 
-8.9386714178492712e-08 
8.9435160417784805e-08 
6.2509580159863751e-08 
-1.0611047275805869e-07 
-1.6972953308318058e-09 
1.1794615723219671e-07 
-3.1551240650273116e-08 
-1.0512956506270177e-07 
8.1619182998570804e-08 
9.1594313747335426e-08 
-9.2705953448711678e-08 
-7.2551014454550752e-08 
1.2594866176305188e-07 
7.0211657152332212e-08 
-1.1802392951757163e-07 
-7.6424509634790687e-08 
1.3556937226805659e-07 
1.0455082154774106e-07 
-9.6752734829453183e-08 
-1.2624085567032404e-07 
7.4555823598522086e-08 
1.5581158870883985e-07 
6.2714904028576637e-09 
-1.4835263129463685e-07 
-5.4253770245399034e-08 
1.2802346577309645e-07 
1.2147923012349678e-07 
-3.4400396550077103e-08 
-1.3544481962626891e-07 
-7.4992517112083486e-08 
1.1779602305954203e-07 
1.3005028536869529e-07 
-6.3825195996300061e-10 
-1.2700223100967339e-07 
-6.7584938948299766e-08 
9.3626150664511994e-08 
1.2842206078718093e-07 
4.5561624542147032e-08 
-1.029619502228616e-07 
-1.131414579157054e-07 
1.8376293152547003e-08 
1.2284242162923965e-07 
1.020607013915275e-07 
-4.1827201682694946e-08 
-1.0930397199755797e-07 
-6.4438321793420563e-08 
9.3483565502281567e-08 
1.2113252951582566e-07 
7.0133944393044973e-08 
-7.8198259254729472e-08 
-1.0529944208235304e-07 
-2.5001510356833211e-09 
1.1843488234590057e-07 
1.2552988943367651e-07 
3.8250142784898661e-08 
-9.093331616539105e-08 
-1.020372329202543e-07 
2.307805333540188e-08 
1.2555697092758362e-07 
-1.3267243329654348e-07 
7.3911231724241089e-09 
9.8254775377664482e-08 
9.9523230605173235e-08 
-3.8549453973121543e-08 
1.3435012037905131e-07 
1.3145619561687753e-07 
-4.1144880226027768e-08 
-1.0485154044073323e-07 
1.021987253918248e-07 
-4.515011132967725e-08 
-1.4335990623356951e-07 
-1.3455003975755721e-07 
-5.1821012557311848e-08 
-1.1222982907929811e-07 
-1.0886496422604546e-07 
-4.3618528819406157e-08 
-1.5185755612321284e-07 
-1.4172125268590093e-07 
-4.858035550535098e-08 
-1.1877319951895266e-07 
-1.2146559462380956e-07 
-3.1883414829407311e-08 
-1.5441872201068013e-07 
-1.5445843306487918e-07 
-3.1605678955426743e-08 
-1.1924161074407923e-07 
-1.4020942234333811e-07 
-2.4373858401951034e-09 
-1.4570366262326435e-07 
1.6683848522318912e-07 
3.2588075355159999e-09 
1.0840570600312316e-07 
1.5941762082209209e-07 
-4.7626690104731244e-08 
1.1634378968685903e-07 
-1.6645238110550949e-07 
-5.1425958433282525e-08 
-7.4617281812724737e-08 
-1.664872873341282e-07 
1.0415723511623518e-07 
-5.1631177068879582e-08 
1.4523814343542172e-07 
9.3302020135397942e-08 
5.17691422306284e-11 
1.4353141976851437e-07 
-1.3280376837586701e-07 
-2.7939017038955884e-08 
-9.010368409412642e-08 
1.1702610351956172e-07 
7.4345810561289607e-08 
4.4916621570824125e-08 
1.1747180983446096e-07 
-6.5941284475632617e-08 
-2.0128829694842583e-08 
-1.109977349799726e-07 
1.0152497167285529e-07 
5.5933208679658809e-08 
1.4226855320217637e-08 
-6.9938378492339378e-08 
-5.6112908762254589e-08 
-3.4197494537454979e-09 
9.5616009625001756e-08 
5.7509229945726042e-08 
-5.6159836806463777e-08 
-1.9419291437893597e-08 
-8.7158097807535271e-08 
5.7552894900636513e-08 
-4.839460586095631e-08 
6.4606269898870754e-08 
-8.5007827717794854e-08 
8.0548329480165352e-08 
1.2717172057117222e-07 
