275
7.8055289609562876e-08 
2.7093247904084853e-07 
1.8836541161762785e-07 
2.0998792562301159e-07 
1.1027984405205165e-07 
1.2239851835157779e-07 
4.1319242293754783e-08 
5.4256686815840747e-08 
9.5244136141227219e-09 
2.4212575495874558e-08 
-1.9124299593780152e-09 
1.4962496063107705e-08 
-3.2065640531230872e-09 
1.2794570858752661e-08 
-1.803813201714418e-09 
1.2731397383292008e-08 
-2.5915091931290754e-10 
1.2102211596082695e-08 
1.4991557423490009e-10 
-1.0503693840373345e-08 
6.6125726375827738e-10 
-8.9820422635160105e-09 
1.1751328779174403e-09 
-7.7403951251917992e-09 
1.4207216613157743e-09 
-6.6677231514421406e-09 
1.6122037893761307e-09 
-6.3340308820655536e-09 
1.6200488992221738e-09 
-6.2438330395136371e-09 
1.5161013263416249e-09 
-6.0735781172565516e-09 
1.2600269788268189e-09 
-5.1510508648870406e-09 
-1.0074497851212006e-09 
5.8105911209744212e-09 
9.4217717501614768e-10 
-6.2779990453480898e-09 
5.2884031749790684e-10 
5.7007186759323038e-09 
-2.6073638175406469e-10 
-6.1026456173524928e-09 
1.6107943219862246e-11 
6.140827026196779e-09 
2.0304741704724736e-10 
5.8197666841900236e-09 
3.296029955944372e-10 
5.7220260819084937e-09 
4.2549379045886813e-10 
5.9237214494493032e-09 
3.9813753687548802e-10 
5.1860203224783907e-09 
4.9235399232206333e-10 
5.5474046456433315e-09 
5.0712258377662463e-10 
5.2331598913072219e-09 
6.4337649364260086e-10 
5.2165320442606464e-09 
4.9008376944367468e-10 
5.1936944469616616e-09 
6.5137116895866278e-10 
4.1201253019373663e-09 
5.2372891725446105e-10 
5.2049985945667126e-09 
-8.9094078052468241e-10 
-4.9453537779480846e-09 
-5.0323214655900092e-11 
4.0122018468275386e-09 
1.5649883670842917e-09 
-4.9806690684519093e-09 
1.1958699985368015e-10 
-5.203960611639335e-09 
1.1263271486860183e-09 
3.6035756755746423e-09 
-1.9682087007477872e-09 
-4.9852495905373191e-09 
-1.8053906332054366e-09 
-4.6218989546533947e-09 
-2.330423028886578e-09 
3.9910819812706032e-09 
1.2373635062611634e-09 
-3.1361418544064334e-09 
1.2303134074296485e-09 
7.0383545044175733e-09 
6.6029512213644695e-09 
2.3184491832250395e-09 
-7.7649328607909678e-09 
-1.8353606751975913e-09 
-5.1496815978674399e-09 
-5.4556377022493461e-09 
5.0294662505011528e-09 
3.9368447463318304e-09 
1.4738601140704863e-09 
1.1329851017778195e-09 
1.0073418330171659e-08 
-7.8692439591855942e-09 
-1.7136147663986222e-08 
-6.0932606756808568e-09 
1.5449601183046005e-08 
-1.2670855955920768e-09 
1.5605104278019917e-08 
1.3768565354063634e-08 
3.2824328146524916e-08 
1.8207689266612938e-08 
-3.7105017550708823e-08 
-3.8458877153535175e-08 
-2.8773889852087955e-08 
-3.6431938639014425e-08 
2.1681375619359512e-08 
5.9153188379048714e-08 
1.1405466956770216e-08 
5.1522172436282992e-08 
4.6756874319386937e-09 
6.4074588026979545e-08 
-1.8099835620203722e-08 
-4.4030311721315253e-08 
4.0168634305202537e-08 
5.4530838000661713e-08 
-4.7182897651021222e-08 
-1.975814272717346e-08 
5.9095916372498298e-08 
7.8761954534204075e-09 
-6.0776863687777037e-08 
2.8408470618580835e-08 
5.3589864648921459e-08 
-4.0693399675434406e-08 
-3.7759809602892049e-08 
7.0697576571776858e-08 
1.2577672276165532e-08 
-6.8709726293633007e-08 
2.9651084337171228e-08 
7.0701707793037538e-08 
-6.0427105561630674e-08 
-2.8416521446160919e-08 
8.3440512386147871e-08 
-3.4623358151502374e-09 
-7.7099302633472878e-08 
5.7784847705010124e-08 
6.0956026979570861e-08 
-7.7101376275570441e-08 
-1.6935126908910289e-08 
1.0480678199122806e-07 
-3.5299123893268056e-08 
-8.4168872223409827e-08 
8.8214195597555517e-08 
5.7991775375477746e-08 
-1.0273731862662664e-07 
1.6423783909604468e-09 
1.1376851902876968e-07 
-3.2926658598977077e-08 
-9.9942745138212694e-08 
8.1848757811954546e-08 
8.6730116417645669e-08 
-9.1544546991118305e-08 
-6.7496528107304232e-08 
1.2469645543494441e-07 
6.5552148501352949e-08 
-1.1642235860160265e-07 
-7.1403021274674948e-08 
1.350283377614816e-07 
9.9823559587972059e-08 
-9.6977256603843049e-08 
-1.2153174206913504e-07 
7.6805035786143322e-08 
1.522695068103668e-07 
3.0513151690158941e-09 
-1.4582751422134648e-07 
-4.9820928694363468e-08 
1.2827084766338951e-07 
1.1753796117467993e-07 
-3.6490481779722113e-08 
-1.3221929984889864e-07 
-7.0764087765913749e-08 
1.1841413488747144e-07 
1.267797000818273e-07 
-3.0425858823107342e-09 
-1.247383994065349e-07 
-6.3591112504470535e-08 
9.4667344070935185e-08 
1.2533590325246635e-07 
4.2718545603919613e-08 
-1.0140794312435445e-07 
-1.0978856346548845e-07 
2.1127627889836688e-08 
1.212697272261116e-07 
9.901119593576148e-08 
-4.199648898225216e-08 
-1.0624125823681984e-07 
-6.0865423262190481e-08 
9.339235329106129e-08 
1.1880361468089082e-07 
6.8105273360438126e-08 
-7.6695157877737428e-08 
-1.0199896530317251e-07 
-3.2372009407682208e-10 
1.1656624048305669e-07 
1.2303652663774878e-07 
3.7600719640108986e-08 
-8.8767526886648115e-08 
-9.8722325673889966e-08 
2.4025817687835627e-08 
1.2342032199410151e-07 
-1.3057400571054829e-07 
6.5342134177587846e-09 
9.5797307025351494e-08 
9.6462126475407407e-08 
-3.8593986462340252e-08 
1.3218625520675332e-07 
1.3013824574435033e-07 
-3.9440003556013839e-08 
-1.0222006742101421e-07 
9.9517217942205487e-08 
-4.4686816328370284e-08 
-1.4124868847764707e-07 
-1.3379195965901598e-07 
-4.9803072303622264e-08 
-1.0943591420278936e-07 
-1.0655402600500038e-07 
-4.2893117934065516e-08 
-1.497466009550459e-07 
-1.4120494468646828e-07 
-4.6450199783170418e-08 
-1.1584554211126205e-07 
-1.1943076397159337e-07 
-3.1061700737848389e-08 
-1.5221362913154702e-07 
-1.538025425232384e-07 
-2.9519899447984519e-08 
-1.1618589900599418e-07 
-1.3826231184122941e-07 
-1.658305306769984e-09 
-1.4325978441480525e-07 
1.6563127316499645e-07 
5.0073195563755598e-09 
1.0525943110892337e-07 
1.5728377331244202e-07 
-4.8051812917268858e-08 
1.136203334407855e-07 
-1.6442089000599359e-07 
-5.2362905295993622e-08 
-7.1619277043966754e-08 
-1.6383421520942587e-07 
1.0369932758545006e-07 
-4.8963130610561308e-08 
1.4227804745773463e-07 
9.303371137433849e-08 
-1.9496141068979484e-09 
1.3997830977570435e-07 
-1.310812437995587e-07 
-2.9407213828135194e-08 
-8.6643602829557761e-08 
1.1551141331257286e-07 
7.4504205699379162e-08 
4.0907575834736396e-08 
1.1364850672390995e-07 
-6.5458078047778714e-08 
-2.1199304564428035e-08 
-1.0802807647401851e-07 
1.0036534945121287e-07 
5.7968136728606376e-08 
7.8228108552190614e-09 
-6.6486581153243037e-08 
-5.4263754550292063e-08 
-2.0259476331042347e-09 
9.2613072023908239e-08 
5.6674506180614891e-08 
-5.6151263605035931e-08 
-1.4204367693464801e-08 
-8.1857443177784905e-08 
5.6613517367161977e-08 
-4.7051988198541128e-08 
6.2853306446434868e-08 
-8.3592294474204652e-08 
7.9560652207959349e-08 
1.2719996626688577e-07 
