5.178003645313728498e+01 2.000000000000000000e+00 1.274997278934373490e+01 4.779242460800309233e-01 3.999784268314671154e-01 4.426976403071902766e-01
5.880395328679207978e+01 2.000000000000000000e+00 7.098599892308870452e+00 3.204925603585720428e-01 2.270867307170821581e-01 3.840242141840034540e-01
5.883554562015022782e+01 2.000000000000000000e+00 7.066359514394009445e+00 3.192833297764161582e-01 2.261434027954932202e-01 3.832097346148065631e-01
6.408890904785909015e+01 2.000000000000000000e+00 1.126576717520719972e+00 5.749303333998974364e-02 3.804988818796779804e-02 9.178718125842358355e-02
4.617785621966683607e+01 2.000000000000000000e+00 1.406224504069813364e+01 4.438341988716340003e-01 4.450232760337349269e-01 3.712780715474408577e-01
4.008888812050359718e+01 2.000000000000000000e+00 1.006007871265209808e+01 2.561219995154825901e-01 3.029760439473319078e-01 1.904099935755987905e-01
4.555167582719674613e+01 2.000000000000000000e+00 1.395582274006619450e+01 4.314608412689938111e-01 4.405675023503571319e-01 3.576013816187787464e-01
4.335243551384557747e+01 2.000000000000000000e+00 1.307619067613139308e+01 3.750122440796297418e-01 4.062750495194554778e-01 2.991460648263782884e-01
4.070883773794896854e+01 2.000000000000000000e+00 1.081100221403706385e+01 2.817462513715442429e-01 3.274976234017854537e-01 2.116895379519783404e-01
6.325453819483597329e+01 2.000000000000000000e+00 2.136732526058549020e+00 1.070421862897390219e-01 7.164932917446707739e-02 1.631152855433332660e-01
3.100000000000000000e+01 2.000000000000000000e+00 1.405503854058596502e+01 2.418826715076659306e-01 3.546567748786182417e-01 1.708284260748240690e-01
6.900000000000000000e+01 2.000000000000000000e+00 5.188492702353234343e+00 2.939072844267707763e-01 1.812013312456581260e-01 4.773361466743444859e-01
3.500000000000000000e+01 2.000000000000000000e+00 0.000000000000000000e+00 0.000000000000000000e+00 0.000000000000000000e+00 0.000000000000000000e+00
6.500000000000000000e+01 2.000000000000000000e+00 2.366283843305693584e-15 1.231917276057462084e-16 1.665334536937734811e-16 4.200821973221490539e-16
