5.178003645313728498e+01 1.700000000000000000e+02 2.313261879564249135e-06 1.482047932558451020e+00 1.041641594339505166e-07 1.677058322119088674e+00
5.178003645313728498e+01 2.750000000000000000e+02 8.375827837082051441e-07 5.366179436524192159e-01 9.633993885135564872e-08 1.551087217341379665e+00
5.178003645313728498e+01 3.110000000000000000e+02 2.576767740670766574e-07 1.650869422299816869e-01 1.970982496679087185e-08 3.173310874651350533e-01
5.178003645313728498e+01 3.420000000000000000e+02 6.867181248731109164e-08 4.399628015356066985e-02 2.103020209047432400e-09 3.385893537982215262e-02
5.178003645313728498e+01 3.690000000000000000e+02 2.369853625069514395e-08 1.518304821658163044e-02 1.076730473010481744e-09 1.733551934037785153e-02
5.178003645313728498e+01 3.930000000000000000e+02 1.289248487453975426e-08 8.259886493029486298e-03 6.746766239262163227e-10 1.086239310184351076e-02
5.178003645313728498e+01 4.150000000000000000e+02 8.949356537028006329e-09 5.733624658151219820e-03 2.150085019920804085e-10 3.461668577288511042e-03
5.178003645313728498e+01 4.360000000000000000e+02 6.336812090051352783e-09 4.059834011893664885e-03 1.358371561384421746e-10 2.186998238097573235e-03
5.880395328679207978e+01 1.700000000000000000e+02 2.317133701828316883e-06 1.797811402815746806e+00 9.267988166195227635e-08 1.931961783806734667e+00
5.880395328679207978e+01 2.750000000000000000e+02 6.242215935860020317e-07 4.843193545315240267e-01 6.459119315864757477e-08 1.346438024253704180e+00
5.880395328679207978e+01 3.110000000000000000e+02 1.954666678472364426e-07 1.516581473261040813e-01 9.423292609446219000e-09 1.964335827000995016e-01
5.880395328679207978e+01 3.420000000000000000e+02 5.619998188536393854e-08 4.360428929578955004e-02 2.082546942468405410e-09 4.341180667998459364e-02
5.880395328679207978e+01 3.690000000000000000e+02 3.169696876786634188e-08 2.459295803284937063e-02 8.007444140549190485e-10 1.669194628661152535e-02
5.880395328679207978e+01 3.930000000000000000e+02 1.523690682839386734e-08 1.182196988378931418e-02 3.931755010580055626e-10 8.195953951945630575e-03
5.880395328679207978e+01 4.150000000000000000e+02 2.041564541960637761e-09 1.584003551553836301e-03 9.379037783705213221e-11 1.955110671492866006e-03
5.880395328679207978e+01 4.360000000000000000e+02 1.626467600875141919e-09 1.261939264383611691e-03 5.756231924178345241e-11 1.199917381940969951e-03
5.883554562015022782e+01 1.700000000000000000e+02 2.317066266660700988e-06 1.799223091840565392e+00 9.264080439905554441e-08 1.933023612251702383e+00
5.883554562015022782e+01 2.750000000000000000e+02 6.234300290821882593e-07 4.840991043765269786e-01 6.447148831222730826e-08 1.345248565499454818e+00
5.883554562015022782e+01 3.110000000000000000e+02 1.953089850525032220e-07 1.516592084596885825e-01 9.422957983362861002e-09 1.966174667550899535e-01
5.883554562015022782e+01 3.420000000000000000e+02 5.602552051209455438e-08 4.350432773035090711e-02 2.081704111777808693e-09 4.343640178742862179e-02
5.883554562015022782e+01 3.690000000000000000e+02 3.163346506301682475e-08 2.456367417507531944e-02 7.991642179206451015e-10 1.667519311094216999e-02
5.883554562015022782e+01 3.930000000000000000e+02 1.521655329684479045e-08 1.181579243711587852e-02 3.927042920993020189e-10 8.194085470055347334e-03
5.883554562015022782e+01 4.150000000000000000e+02 2.039076161724050168e-09 1.583361239591500862e-03 9.357134777642822412e-11 1.952440135374035931e-03
5.883554562015022782e+01 4.360000000000000000e+02 1.608246664758100166e-09 1.248818205263729471e-03 5.764708626061399301e-11 1.202852022304046328e-03
6.408890904785909015e+01 1.700000000000000000e+02 2.294822773128474945e-06 2.030005251549085177e+00 8.943410908982547865e-08 2.196560187597704772e+00
6.408890904785909015e+01 2.750000000000000000e+02 5.139131944514594219e-07 4.546087374558327454e-01 4.721044911099540064e-08 1.159519494420921282e+00
6.408890904785909015e+01 3.110000000000000000e+02 1.922294056006357815e-07 1.700465532418712344e-01 9.338808896772598084e-09 2.293672518348778000e-01
6.408890904785909015e+01 3.420000000000000000e+02 3.272713264241465048e-08 2.895049321899239442e-02 1.911485630613143241e-09 4.694733673874758317e-02
6.408890904785909015e+01 3.690000000000000000e+02 1.101105307871798338e-08 9.740401671372045725e-03 3.056287479932560319e-10 7.506441858251737022e-03
6.408890904785909015e+01 3.930000000000000000e+02 5.143115513018123535e-09 4.549611247981914797e-03 1.919437376525728573e-10 4.714263681688595116e-03
6.408890904785909015e+01 4.150000000000000000e+02 1.504412233379897605e-09 1.330806356820525083e-03 3.023294440221246452e-11 7.425408795771164120e-04
6.408890904785909015e+01 4.360000000000000000e+02 8.223557211001661400e-10 7.274576721229496744e-04 1.880826251657703501e-11 4.619432234775778926e-04
4.617785621966683607e+01 1.700000000000000000e+02 2.340945524101439260e-06 1.264365832798869160e+00 1.082313567631525905e-07 1.290109102791045625e+00
4.617785621966683607e+01 2.750000000000000000e+02 1.051134788416997040e-06 5.677273983771395915e-01 1.283447683364565820e-07 1.529859357568748024e+00
4.617785621966683607e+01 3.110000000000000000e+02 3.271067980520789743e-07 1.766733377070105471e-01 3.450680719450857023e-08 4.113183776057685592e-01
4.617785621966683607e+01 3.420000000000000000e+02 4.807484151793328176e-08 2.596565635837556896e-02 2.045438910616029759e-09 2.438146796554927637e-02
4.617785621966683607e+01 3.690000000000000000e+02 4.806682481657043271e-08 2.596132646552219703e-02 1.112945637753303821e-09 1.326622284999340144e-02
4.617785621966683607e+01 3.930000000000000000e+02 2.681971898016286329e-08 1.448557259221204020e-02 6.827124076956446914e-10 8.137877211351769377e-03
4.617785621966683607e+01 4.150000000000000000e+02 5.371113511682823059e-09 2.900986946658156308e-03 1.602185438276763354e-10 1.909792208189172716e-03
4.617785621966683607e+01 4.360000000000000000e+02 3.199359842166706674e-09 1.728003163515341766e-03 1.378400049415501081e-10 1.643041817289666749e-03
4.008888812050359718e+01 1.700000000000000000e+02 2.941590251911675778e-06 1.287421475466818510e+00 2.259073340988718595e-07 2.063531634148684457e+00
4.008888812050359718e+01 2.750000000000000000e+02 1.274763970819174473e-06 5.579154034513843508e-01 1.615668742142367078e-07 1.475819088837911908e+00
4.008888812050359718e+01 3.110000000000000000e+02 4.085630736001122326e-07 1.788124211703800426e-01 5.849656630397877517e-08 5.343319885511366163e-01
4.008888812050359718e+01 3.420000000000000000e+02 7.435677055537297568e-08 3.254311275920705737e-02 3.083445914058980969e-09 2.816547860753577590e-02
4.008888812050359718e+01 3.690000000000000000e+02 6.435389329675692506e-08 2.816523620388740670e-02 1.764485419039628670e-09 1.611754436705804122e-02
4.008888812050359718e+01 3.930000000000000000e+02 2.407463867857745596e-08 1.053654798752554425e-02 6.785920512575220114e-10 6.198542291853529652e-03
4.008888812050359718e+01 4.150000000000000000e+02 1.012924055728019590e-08 4.433180935086797163e-03 2.520978477204960190e-10 2.302766688594370687e-03
4.008888812050359718e+01 4.360000000000000000e+02 8.410168545110099140e-09 3.680808906078525834e-03 1.880160602722969113e-10 1.717416965002500472e-03
4.555167582719674613e+01 1.700000000000000000e+02 2.356933447555263270e-06 1.247410829346993655e+00 1.082005963513027930e-07 1.251745862695782474e+00
4.555167582719674613e+01 2.750000000000000000e+02 1.075684035268103219e-06 5.693075109697782743e-01 1.319568772858932856e-07 1.526576384667801989e+00
4.555167582719674613e+01 3.110000000000000000e+02 3.354351025351768683e-07 1.775295691439704726e-01 3.655422512618560823e-08 4.228867641097998065e-01
4.555167582719674613e+01 3.420000000000000000e+02 4.848147578128427626e-08 2.565889926804138660e-02 2.040097985416107867e-09 2.360138759723079752e-02
4.555167582719674613e+01 3.690000000000000000e+02 5.254940145989619629e-08 2.781185549586472072e-02 1.268314720010501753e-09 1.467281842157970410e-02
4.555167582719674613e+01 3.930000000000000000e+02 2.814767569108959308e-08 1.489720276761824502e-02 7.369116353595527020e-10 8.525147936697084761e-03
4.555167582719674613e+01 4.150000000000000000e+02 4.551339494648250177e-09 2.408803769808516137e-03 1.570990405713109733e-10 1.817439835822564926e-03
4.555167582719674613e+01 4.360000000000000000e+02 3.479981176055326304e-09 1.841785651367365507e-03 1.328410030435589894e-10 1.536804616272622465e-03
4.335243551384557747e+01 1.700000000000000000e+02 2.466550084137449738e-06 1.212826651749233431e+00 1.117065660890617520e-07 1.172054008647598344e+00
4.335243551384557747e+01 2.750000000000000000e+02 1.159382227005462596e-06 5.700795104545087755e-01 1.449456132010241378e-07 1.520806635956375885e+00
4.335243551384557747e+01 3.110000000000000000e+02 3.649979341634289944e-07 1.794730320838480997e-01 4.444534976690783320e-08 4.663320356523767418e-01
4.335243551384557747e+01 3.420000000000000000e+02 5.796266695250253221e-08 2.850080674970075292e-02 2.090818958376950397e-09 2.193741001373470528e-02
4.335243551384557747e+01 3.690000000000000000e+02 6.492732351798263375e-08 3.192539608085492864e-02 1.702391914220703117e-09 1.786193361060636753e-02
4.335243551384557747e+01 3.930000000000000000e+02 3.020923456547403848e-08 1.485417427587470106e-02 8.342055982598073097e-10 8.752699592404839662e-03
4.335243551384557747e+01 4.150000000000000000e+02 5.270826271048401191e-09 2.591716511000025265e-03 1.412718904346158022e-10 1.482260992259873010e-03
4.335243551384557747e+01 4.360000000000000000e+02 6.216754789104152746e-09 3.056838757949599441e-03 1.190117163195530730e-10 1.248701522855437396e-03
4.070883773794896854e+01 1.700000000000000000e+02 2.805012273901693024e-06 1.256022506510513947e+00 1.877765497279871315e-07 1.764612818191770405e+00
4.070883773794896854e+01 2.750000000000000000e+02 1.252658099425184951e-06 5.609126136379463112e-01 1.588744185960706686e-07 1.493007704867879371e+00
4.070883773794896854e+01 3.110000000000000000e+02 4.000976704066405674e-07 1.791548947962922078e-01 5.556245807260249460e-08 5.221430783939038367e-01
4.070883773794896854e+01 3.420000000000000000e+02 7.266872677350449113e-08 3.253944989696101048e-02 2.685415223672465016e-09 2.523594204241292466e-02
4.070883773794896854e+01 3.690000000000000000e+02 6.672877325433592147e-08 2.987966998187193551e-02 1.823560574528334620e-09 1.713674241657578076e-02
4.070883773794896854e+01 3.930000000000000000e+02 2.605213595394409984e-08 1.166557073752482084e-02 7.401368231679602876e-10 6.955367575290247358e-03
4.070883773794896854e+01 4.150000000000000000e+02 9.611913480857019855e-09 4.304002436964504859e-03 2.333257330543120547e-10 2.192657070108388045e-03
4.070883773794896854e+01 4.360000000000000000e+02 8.460463123337956051e-09 3.788408413498135958e-03 1.866815683714372815e-10 1.754322831821012677e-03
6.325453819483597329e+01 1.700000000000000000e+02 2.299757753036283446e-06 1.993957846550571400e+00 8.990400674266161780e-08 2.151837486524061038e+00
6.325453819483597329e+01 2.750000000000000000e+02 5.282972738780681750e-07 4.580493285302256745e-01 4.961866373471156518e-08 1.187614484871659881e+00
6.325453819483597329e+01 3.110000000000000000e+02 1.896036785271644327e-07 1.643919852145083182e-01 9.352155043619352681e-09 2.238422794686826256e-01
6.325453819483597329e+01 3.420000000000000000e+02 3.356326108811814246e-08 2.910033794390811876e-02 1.937058266998578741e-09 4.636316826723749923e-02
6.325453819483597329e+01 3.690000000000000000e+02 1.450543213184123766e-08 1.257663776921955426e-02 3.183287449031172141e-10 7.619145699272129695e-03
6.325453819483597329e+01 3.930000000000000000e+02 7.146866735315141116e-09 6.196544390955275976e-03 2.001351250072119713e-10 4.790201015104925998e-03
6.325453819483597329e+01 4.150000000000000000e+02 2.075161793300008939e-09 1.799226520771392496e-03 4.377136908994144478e-11 1.047660457601403989e-03
6.325453819483597329e+01 4.360000000000000000e+02 1.156361058992078038e-09 1.002599166794244717e-03 3.410219980721728061e-11 8.162304949116582420e-04
3.100000000000000000e+01 1.700000000000000000e+02 1.618324253680047880e-05 4.816234962870626468e+00 4.018564120462226961e-06 2.861330049737448888e+01
3.100000000000000000e+01 2.750000000000000000e+02 4.808300607097749681e-06 1.430980561728310674e+00 2.280873939375418247e-07 1.624046039023321342e+00
3.100000000000000000e+01 3.110000000000000000e+02 2.386851176639104457e-06 7.103419516797837563e-01 5.603006995643516382e-07 3.989497692444405441e+00
3.100000000000000000e+01 3.420000000000000000e+02 6.458210054431008164e-07 1.922004010690846476e-01 1.356639806810313210e-07 9.659654865603740648e-01
3.100000000000000000e+01 3.690000000000000000e+02 9.526315304247581370e-07 2.835091467690359357e-01 1.963901101236876443e-07 1.398352512796333436e+00
3.100000000000000000e+01 3.930000000000000000e+02 8.438580222116295526e-07 2.511374652534885121e-01 1.899731365688473627e-07 1.352661866310585381e+00
3.100000000000000000e+01 4.150000000000000000e+02 5.855246160807744718e-08 1.742558156177248865e-02 1.317307615726437312e-08 9.379598664192763391e-02
3.100000000000000000e+01 4.360000000000000000e+02 2.288057695476837348e-08 6.809403891069298539e-03 3.960214772755192900e-09 2.819783682186267210e-02
6.900000000000000000e+01 1.700000000000000000e+02 2.255640274460410511e-06 2.235694749694116634e+00 8.581595634987069589e-08 2.428151739300618228e+00
6.900000000000000000e+01 2.750000000000000000e+02 4.533525880183541824e-07 4.493438126056405468e-01 3.569124046173744125e-08 1.009879179713819575e+00
6.900000000000000000e+01 3.110000000000000000e+02 2.253447620230473106e-07 2.233521484034130811e-01 9.298247271677475815e-09 2.630927422532290949e-01
6.900000000000000000e+01 3.420000000000000000e+02 6.110438076507017912e-08 6.056406458359469419e-02 1.888877124936072700e-09 5.344554173048712831e-02
6.900000000000000000e+01 3.690000000000000000e+02 3.551574225490925399e-08 3.520169390032041462e-02 1.172884075629132732e-09 3.318660805486866455e-02
6.900000000000000000e+01 3.930000000000000000e+02 2.043403771514950519e-08 2.025334950438398632e-02 5.177470371780996480e-10 1.464958758620929676e-02
6.900000000000000000e+01 4.150000000000000000e+02 9.099028484040848856e-09 9.018570221244017956e-03 3.353814105828706045e-10 9.489575016978984284e-03
6.900000000000000000e+01 4.360000000000000000e+02 6.629985137200045776e-09 6.571359418262739255e-03 1.966886745658199912e-10 5.565281418068689090e-03
3.500000000000000000e+01 1.700000000000000000e+02 6.227813955798807781e-06 2.225171634891355499e+00 1.182330554195032696e-06 8.982909349907236773e+00
3.500000000000000000e+01 2.750000000000000000e+02 1.835085277378241580e-06 6.556682225593306601e-01 1.673559307805759506e-07 1.271508335834885539e+00
3.500000000000000000e+01 3.110000000000000000e+02 6.727431965311219781e-07 2.403683040488618639e-01 1.092891785868039024e-07 8.303386736372367904e-01
3.500000000000000000e+01 3.420000000000000000e+02 7.914578403781046228e-08 2.827845451262902751e-02 1.028282954246257600e-08 7.812512779336705515e-02
3.500000000000000000e+01 3.690000000000000000e+02 9.496616982180100946e-08 3.393101156546072389e-02 1.668828441611929997e-08 1.267913999038384198e-01
3.500000000000000000e+01 3.930000000000000000e+02 6.668828003989988858e-08 2.382744092512683806e-02 1.470741519671665771e-08 1.117414897338097624e-01
3.500000000000000000e+01 4.150000000000000000e+02 3.365206687640849195e-09 1.202374142842332991e-03 7.773269597240931267e-10 5.905842143438923622e-03
3.500000000000000000e+01 4.360000000000000000e+02 1.121499285021434032e-09 4.007069599850534951e-04 1.519751804285968985e-10 1.154651095146009155e-03
6.500000000000000000e+01 1.700000000000000000e+02 2.288857014700419528e-06 2.069049905792999855e+00 8.887693177074767461e-08 2.244826817855362755e+00
6.500000000000000000e+01 2.750000000000000000e+02 4.995498707825137079e-07 4.515763136111622389e-01 4.471313237301155229e-08 1.129350852481715295e+00
6.500000000000000000e+01 3.110000000000000000e+02 1.962973532242485159e-07 1.774462177355390635e-01 9.325876736604866967e-09 2.355501903727334756e-01
6.500000000000000000e+01 3.420000000000000000e+02 3.427108556250014126e-08 3.097991088962616033e-02 1.882236198956744441e-09 4.754095593505766604e-02
6.500000000000000000e+01 3.690000000000000000e+02 9.711004622648305970e-09 8.778422186532131022e-03 3.467286102756073906e-10 8.757566978933256988e-03
6.500000000000000000e+01 3.930000000000000000e+02 4.395426775176813780e-09 3.973318253036415594e-03 1.775885687918398941e-10 4.485478670627160783e-03
6.500000000000000000e+01 4.150000000000000000e+02 9.272560217160634334e-10 8.382083162275314739e-04 4.078405699125597359e-11 1.030111447940938686e-03
6.500000000000000000e+01 4.360000000000000000e+02 4.406319760524297167e-10 3.983165146119846032e-04 1.859376079347323819e-11 4.696356190787660465e-04
