5.178003645313728498e+01 1.700000000000000000e+02 6.300000000000000000e+01 1.133528260878042886e+02 4.248955260071826778e+00 6.199418269008700300e+00 6.861539660297311549e+00
5.178003645313728498e+01 2.750000000000000000e+02 2.320000000000000000e+02 1.778063899440893891e+01 6.664954213334826072e-01 7.728283451806152726e-01 8.553693445024898034e-01
5.178003645313728498e+01 3.110000000000000000e+02 2.760000000000000000e+02 7.373708492766460232e+00 2.763985563298384518e-01 1.806156158002364398e-01 1.999060488106912115e-01
5.178003645313728498e+01 3.420000000000000000e+02 3.130000000000000000e+02 4.439800474799661778e+00 1.664229665209825959e-01 1.201997836812527254e-01 1.330375766079666677e-01
5.178003645313728498e+01 3.690000000000000000e+02 3.430000000000000000e+02 1.012933526159899289e+00 3.796913921445906059e-02 2.255995293044910088e-02 2.496944149430157037e-02
5.178003645313728498e+01 3.930000000000000000e+02 3.700000000000000000e+02 4.758415346699539361e-01 1.783660329853991450e-02 1.195625517426485152e-02 1.323322858807062137e-02
5.178003645313728498e+01 4.150000000000000000e+02 3.940000000000000000e+02 2.521069397313632221e-01 9.450060881961874770e-03 5.929570210710499722e-03 6.562870805588239508e-03
5.178003645313728498e+01 4.360000000000000000e+02 4.170000000000000000e+02 1.091989022901806577e-01 4.093248190570279894e-03 4.474375964920784821e-03 4.952256293443188517e-03
5.880395328679207978e+01 1.700000000000000000e+02 6.300000000000000000e+01 8.617608972637165721e+01 3.890738463512933176e+00 4.432046958904593659e+00 7.494992531027301119e+00
5.880395328679207978e+01 2.750000000000000000e+02 2.320000000000000000e+02 1.795428592566367243e+01 8.106126775732707124e-01 7.644179465037086452e-01 1.292699931375401068e+00
5.880395328679207978e+01 3.110000000000000000e+02 2.760000000000000000e+02 7.965533425504669474e+00 3.596334827840861892e-01 2.446582479947408961e-01 4.137392402150948389e-01
5.880395328679207978e+01 3.420000000000000000e+02 3.130000000000000000e+02 4.639277659340460325e+00 2.094573574807774285e-01 6.281177402904186691e-02 1.062203946784440051e-01
5.880395328679207978e+01 3.690000000000000000e+02 3.430000000000000000e+02 1.209694529432218779e+00 5.461613598049800539e-02 2.349796510311766284e-02 3.973718567858663259e-02
5.880395328679207978e+01 3.930000000000000000e+02 3.700000000000000000e+02 5.282044748927203770e-01 2.384774562863292702e-02 1.597489312958444430e-02 2.701499009382949887e-02
5.880395328679207978e+01 4.150000000000000000e+02 3.940000000000000000e+02 2.275259214243819383e-01 1.027249967761256245e-02 7.001101526092734506e-03 1.183949631706924556e-02
5.880395328679207978e+01 4.360000000000000000e+02 4.170000000000000000e+02 3.895025113583351628e-02 1.758553222116085663e-03 8.224851414230238689e-04 1.390896813369977246e-03
5.883554562015022782e+01 1.700000000000000000e+02 6.300000000000000000e+01 8.607200799808360614e+01 3.889040354965179969e+00 4.423969652599730296e+00 7.496607088953232356e+00
5.883554562015022782e+01 2.750000000000000000e+02 2.320000000000000000e+02 1.795444555547448928e+01 8.112458967823799050e-01 7.643029767908617877e-01 1.295144307907131864e+00
5.883554562015022782e+01 3.110000000000000000e+02 2.760000000000000000e+02 7.971751711317518918e+00 3.601921789226392168e-01 2.449603830530571735e-01 4.150959179905563401e-01
5.883554562015022782e+01 3.420000000000000000e+02 3.130000000000000000e+02 4.642788243885598298e+00 2.097777344805413224e-01 6.289853624720220804e-02 1.065842783163007262e-01
5.883554562015022782e+01 3.690000000000000000e+02 3.430000000000000000e+02 1.210085048493802606e+00 5.467595907181781872e-02 2.353031171678983749e-02 3.987312650702895533e-02
5.883554562015022782e+01 3.930000000000000000e+02 3.700000000000000000e+02 5.276514741068006886e-01 2.384117582343265110e-02 1.593833470282124409e-02 2.700819451803088828e-02
5.883554562015022782e+01 4.150000000000000000e+02 3.940000000000000000e+02 2.274340529640106745e-01 1.027628180918027483e-02 7.011544044848772028e-03 1.188136332721739623e-02
5.883554562015022782e+01 4.360000000000000000e+02 4.170000000000000000e+02 3.888531954272250041e-02 1.756977447542888010e-03 8.144372196502436267e-04 1.380098941399720506e-03
6.408890904785909015e+01 1.700000000000000000e+02 6.300000000000000000e+01 7.091161805501639037e+01 3.618860533530148693e+00 3.146844631138979942e+00 7.591086657694519957e+00
6.408890904785909015e+01 2.750000000000000000e+02 2.320000000000000000e+02 1.810574224797681708e+01 9.239974752887140097e-01 7.370609676400470267e-01 1.778001246707456851e+00
6.408890904785909015e+01 3.110000000000000000e+02 2.760000000000000000e+02 9.384263976135152063e+00 4.789108395907178961e-01 2.968973050538250558e-01 7.162009680420137192e-01
6.408890904785909015e+01 3.420000000000000000e+02 3.130000000000000000e+02 5.596349166844449385e+00 2.856006912158595146e-01 7.802460361125423960e-02 1.882175947246940151e-01
6.408890904785909015e+01 3.690000000000000000e+02 3.430000000000000000e+02 1.345025448554820091e+00 6.864121346931234546e-02 2.973165282551895605e-02 7.172122539564766697e-02
6.408890904785909015e+01 3.930000000000000000e+02 3.700000000000000000e+02 4.385361067883256636e-01 2.237998586004578613e-02 7.996234682706401461e-03 1.928919839608246936e-02
6.408890904785909015e+01 4.150000000000000000e+02 3.940000000000000000e+02 1.707972073665936785e-01 8.716361153916806978e-03 2.948173096877988383e-03 7.111834260525342656e-03
6.408890904785909015e+01 4.360000000000000000e+02 4.170000000000000000e+02 2.927537131199667644e-02 1.494021554595324850e-03 5.030904232831145961e-04 1.213597570724702810e-03
4.617785621966683607e+01 1.700000000000000000e+02 6.300000000000000000e+01 1.400596675551416581e+02 4.420579371476912378e+00 7.400349106864074322e+00 6.174030647704906727e+00
4.617785621966683607e+01 2.750000000000000000e+02 2.320000000000000000e+02 1.671991706319842308e+01 5.277159495847058013e-01 7.526575771540997550e-01 6.279340179055264981e-01
4.617785621966683607e+01 3.110000000000000000e+02 2.760000000000000000e+02 7.458189635841644183e+00 2.353962409612627427e-01 2.425188260579896893e-01 2.023308148177266341e-01
4.617785621966683607e+01 3.420000000000000000e+02 3.130000000000000000e+02 4.365637106917427346e+00 1.377887415775524982e-01 1.555140948965815229e-01 1.297437153540517418e-01
4.617785621966683607e+01 3.690000000000000000e+02 3.430000000000000000e+02 9.413295365572947881e-01 2.971035133600343284e-02 1.566584837943044151e-02 1.306984665455706608e-02
4.617785621966683607e+01 3.930000000000000000e+02 3.700000000000000000e+02 6.479613793218071960e-01 2.045103174199670165e-02 2.299567463902907338e-02 1.918504085899520872e-02
4.617785621966683607e+01 4.150000000000000000e+02 3.940000000000000000e+02 3.702335001316501839e-01 1.168535240644718622e-02 1.531158312137953503e-02 1.277428700878378148e-02
4.617785621966683607e+01 4.360000000000000000e+02 4.170000000000000000e+02 8.366371773340285090e-02 2.640603902674126466e-03 1.625341593071816249e-03 1.356004786221124726e-03
4.008888812050359718e+01 1.700000000000000000e+02 6.300000000000000000e+01 1.720567473482777530e+02 4.380434728164643410e+00 8.359841479585909951e+00 5.253872027907555697e+00
4.008888812050359718e+01 2.750000000000000000e+02 2.320000000000000000e+02 1.489956353728571337e+01 3.793316249383071326e-01 7.457686283784321635e-01 4.686898603874615210e-01
4.008888812050359718e+01 3.110000000000000000e+02 2.760000000000000000e+02 6.514883769516495171e+00 1.658640161096355536e-01 2.277816067632346675e-01 1.431528833611896978e-01
4.008888812050359718e+01 3.420000000000000000e+02 3.130000000000000000e+02 3.306750104220554043e+00 8.418735804977868498e-02 1.004464899468991979e-01 6.312715439906302350e-02
4.008888812050359718e+01 3.690000000000000000e+02 3.430000000000000000e+02 1.198258463358901738e+00 3.050675470221292720e-02 3.664416733346087529e-02 2.302959526318317657e-02
4.008888812050359718e+01 3.930000000000000000e+02 3.700000000000000000e+02 8.435956210684358858e-01 2.147730683049429642e-02 3.030651054680738588e-02 1.904659656695352130e-02
4.008888812050359718e+01 4.150000000000000000e+02 3.940000000000000000e+02 2.970046292498803031e-01 7.561513352093847742e-03 7.699800128673051081e-03 4.839058804559790566e-03
4.008888812050359718e+01 4.360000000000000000e+02 4.170000000000000000e+02 1.361655162598208457e-01 3.466671115173543174e-03 5.295447129846586609e-03 3.328005874118850852e-03
4.555167582719674613e+01 1.700000000000000000e+02 6.300000000000000000e+01 1.432449409608022961e+02 4.428587542677685285e+00 7.484756524181034543e+00 6.075253530612880759e+00
4.555167582719674613e+01 2.750000000000000000e+02 2.320000000000000000e+02 1.652202788284838775e+01 5.107981222302144797e-01 7.487366306959916118e-01 6.077371848288320999e-01
4.555167582719674613e+01 3.110000000000000000e+02 2.760000000000000000e+02 7.438404343098234506e+00 2.299671080199517381e-01 2.489202647086864451e-01 2.020444769481673508e-01
4.555167582719674613e+01 3.420000000000000000e+02 3.130000000000000000e+02 4.314883104542294845e+00 1.333997377967811593e-01 1.548175112651291041e-01 1.256628226817422811e-01
4.555167582719674613e+01 3.690000000000000000e+02 3.430000000000000000e+02 9.686259464409519016e-01 2.994622198278266284e-02 1.775212201408901680e-02 1.440910490455339296e-02
4.555167582719674613e+01 3.930000000000000000e+02 3.700000000000000000e+02 6.908125834321192649e-01 2.135729178840339859e-02 2.558097730942743286e-02 2.076365773736798051e-02
4.555167582719674613e+01 4.150000000000000000e+02 3.940000000000000000e+02 3.754745996662026131e-01 1.160824335938434593e-02 1.549384895044425559e-02 1.257610187250126146e-02
4.555167582719674613e+01 4.360000000000000000e+02 4.170000000000000000e+02 7.848596158744275408e-02 2.426486753597399595e-03 1.412645110850657779e-03 1.146620757732333363e-03
4.335243551384557747e+01 1.700000000000000000e+02 6.300000000000000000e+01 1.546535364461205404e+02 4.435310802202904412e+00 7.848746696056217331e+00 5.779143195530690669e+00
4.335243551384557747e+01 2.750000000000000000e+02 2.320000000000000000e+02 1.574062688900973939e+01 4.514256452104667416e-01 7.316668135103339132e-01 5.387366226022467508e-01
4.335243551384557747e+01 3.110000000000000000e+02 2.760000000000000000e+02 7.250793068074063541e+00 2.079455895958177980e-01 2.587195647413996769e-01 1.904988745371548331e-01
4.335243551384557747e+01 3.420000000000000000e+02 3.130000000000000000e+02 4.037847899470814461e+00 1.158014929223072226e-01 1.431677097137821209e-01 1.054164094539904728e-01
4.335243551384557747e+01 3.690000000000000000e+02 3.430000000000000000e+02 1.095439656760508473e+00 3.141612829839173643e-02 2.726568216833724634e-02 2.007610739353131099e-02
4.335243551384557747e+01 3.930000000000000000e+02 3.700000000000000000e+02 8.230101082456440231e-01 2.360311769977409962e-02 3.204901938873316869e-02 2.359814623867202005e-02
4.335243551384557747e+01 4.150000000000000000e+02 3.940000000000000000e+02 3.700540619352836180e-01 1.061278530072564535e-02 1.414013300133937223e-02 1.041157990990464882e-02
4.335243551384557747e+01 4.360000000000000000e+02 4.170000000000000000e+02 8.735733857465269314e-02 2.505322259907318688e-03 3.135005519686595576e-03 2.308348901889211314e-03
4.070883773794896854e+01 1.700000000000000000e+02 6.300000000000000000e+01 1.687154736532058621e+02 4.396905236819362628e+00 8.289924415787373491e+00 5.358482455556304203e+00
4.070883773794896854e+01 2.750000000000000000e+02 2.320000000000000000e+02 1.494685213733684925e+01 3.895309126874047512e-01 7.025725732529849443e-01 4.541323441214504819e-01
4.070883773794896854e+01 3.110000000000000000e+02 2.760000000000000000e+02 6.701633774940066957e+00 1.746517257856720906e-01 2.383886984322503011e-01 1.540908691181099022e-01
4.070883773794896854e+01 3.420000000000000000e+02 3.130000000000000000e+02 3.477572596367101365e+00 9.062925189550609384e-02 1.107259855802350534e-01 7.157161167548670155e-02
4.070883773794896854e+01 3.690000000000000000e+02 3.430000000000000000e+02 1.200112577272878900e+00 3.127621409895283561e-02 3.628719207162600657e-02 2.345549516795461878e-02
4.070883773794896854e+01 3.930000000000000000e+02 3.700000000000000000e+02 8.639629885126173248e-01 2.251579719603893914e-02 3.187436259212605982e-02 2.060310856473898319e-02
4.070883773794896854e+01 4.150000000000000000e+02 3.940000000000000000e+02 3.162177959460436560e-01 8.240973118023289454e-03 9.014599663350886249e-03 5.826901635910940007e-03
4.070883773794896854e+01 4.360000000000000000e+02 4.170000000000000000e+02 1.300962794440669035e-01 3.390447834998942377e-03 5.207985229915224057e-03 3.366363320532942023e-03
6.325453819483597329e+01 1.700000000000000000e+02 6.300000000000000000e+01 7.305067966634702259e+01 3.659561674694563393e+00 3.337346575930765891e+00 7.597729747957008506e+00
6.325453819483597329e+01 2.750000000000000000e+02 2.320000000000000000e+02 1.806009995502965282e+01 9.047424327665332111e-01 7.423770140444755361e-01 1.690079167828753670e+00
6.325453819483597329e+01 3.110000000000000000e+02 2.760000000000000000e+02 9.117667905668328743e+00 4.567605418946952267e-01 2.884324923286888942e-01 6.566390626157500021e-01
6.325453819483597329e+01 3.420000000000000000e+02 3.130000000000000000e+02 5.401392240914494991e+00 2.705892419499199009e-01 7.552120211568943975e-02 1.719299062476964679e-01
6.325453819483597329e+01 3.690000000000000000e+02 3.430000000000000000e+02 1.306045304020355902e+00 6.542791062092674637e-02 2.868777925504243168e-02 6.530996673249961360e-02
6.325453819483597329e+01 3.930000000000000000e+02 3.700000000000000000e+02 4.373866521304202171e-01 2.191141049570320687e-02 7.690248726799078609e-03 1.750745096184519803e-02
6.325453819483597329e+01 4.150000000000000000e+02 3.940000000000000000e+02 1.783896725237119063e-01 8.936645240137781193e-03 3.829866179107188628e-03 8.718989034449259323e-03
6.325453819483597329e+01 4.360000000000000000e+02 4.170000000000000000e+02 3.327370079508892853e-02 1.666886068153273408e-03 8.071568775986637245e-04 1.837555579162205221e-03
3.100000000000000000e+01 1.700000000000000000e+02 6.300000000000000000e+01 2.239061524630679116e+02 3.853352530366785267e+00 1.030838936048355947e+01 4.965267984576247073e+00
3.100000000000000000e+01 2.750000000000000000e+02 2.320000000000000000e+02 6.009856195826392167e+01 1.034276830921291079e+00 8.119177778323059869e+00 3.910784902860837686e+00
3.100000000000000000e+01 3.110000000000000000e+02 2.760000000000000000e+02 2.042137864997407348e+01 3.514453275572025914e-01 2.341816698829514820e+00 1.127988774368411606e+00
3.100000000000000000e+01 3.420000000000000000e+02 3.130000000000000000e+02 1.453910431148637983e+01 2.502132870027927725e-01 2.692776257178578270e+00 1.297036352803097481e+00
3.100000000000000000e+01 3.690000000000000000e+02 3.430000000000000000e+02 5.156411012147305684e+00 8.874016726515068787e-02 7.834039887457129314e-01 3.773441813538512268e-01
3.100000000000000000e+01 3.930000000000000000e+02 3.700000000000000000e+02 2.580586852024941535e+00 4.441106582688369303e-02 1.539600672548664118e-01 7.415833512985718634e-02
3.100000000000000000e+01 4.150000000000000000e+02 3.940000000000000000e+02 1.329388758034284912e+00 2.287835094418638401e-02 2.548662832859746596e-01 1.227620875089285024e-01
3.100000000000000000e+01 4.360000000000000000e+02 4.170000000000000000e+02 4.542082559775196815e-01 7.816777311526310404e-03 6.601475083857698267e-02 3.179749206069844292e-02
6.900000000000000000e+01 1.700000000000000000e+02 6.300000000000000000e+01 6.000498527830458784e+01 3.399041549623095015e+00 2.155829624865955640e+00 5.679071996578230141e+00
6.900000000000000000e+01 2.750000000000000000e+02 2.320000000000000000e+02 1.856085867070147088e+01 1.051398138434456175e+00 7.026294415739007260e-01 1.850926965465485408e+00
6.900000000000000000e+01 3.110000000000000000e+02 2.760000000000000000e+02 1.113840906512645468e+01 6.309461627807779749e-01 3.481208816817485396e-01 9.170499967991982970e-01
6.900000000000000000e+01 3.420000000000000000e+02 3.130000000000000000e+02 6.951868549015925325e+00 3.937954477620162486e-01 9.401157927580107432e-02 2.476533957327414770e-01
6.900000000000000000e+01 3.690000000000000000e+02 3.430000000000000000e+02 1.773572257768677218e+00 1.004657490949209808e-01 3.627246744276527851e-02 9.555205649138998059e-02
6.900000000000000000e+01 3.930000000000000000e+02 3.700000000000000000e+02 7.337868401572767985e-01 4.156607899648994547e-02 1.899406653488305841e-02 5.003580529519121439e-02
6.900000000000000000e+01 4.150000000000000000e+02 3.940000000000000000e+02 3.516699143772191727e-01 1.992068900903058368e-02 1.107950002403274015e-02 2.918657281485518770e-02
6.900000000000000000e+01 4.360000000000000000e+02 4.170000000000000000e+02 1.259263217752891184e-01 7.133220646921371519e-03 4.871057061519579179e-03 1.283175786840321658e-02
3.500000000000000000e+01 1.700000000000000000e+02 6.300000000000000000e+01 2.002165785019328723e+02 4.145452595509918403e+00 9.479128197662667787e+00 4.941716271950402195e+00
3.500000000000000000e+01 2.750000000000000000e+02 2.320000000000000000e+02 2.421847083549323543e+01 5.014396087250460043e-01 2.924185800318876982e+00 1.524454174509978666e+00
3.500000000000000000e+01 3.110000000000000000e+02 2.760000000000000000e+02 6.189041776553023233e+00 1.281431312446654480e-01 5.064445318890793413e-01 2.640227172677838130e-01
3.500000000000000000e+01 3.420000000000000000e+02 3.130000000000000000e+02 2.362079584848129077e+00 4.890648426356530160e-02 2.610491601872511613e-01 1.360917223373366569e-01
3.500000000000000000e+01 3.690000000000000000e+02 3.430000000000000000e+02 6.217204577636572527e-01 1.287262375874176877e-02 5.976163545072344513e-02 3.115529616088833290e-02
3.500000000000000000e+01 3.930000000000000000e+02 3.700000000000000000e+02 2.288877294829509135e-01 4.739084242498484145e-03 1.829360136677886037e-02 9.536930576492909720e-03
3.500000000000000000e+01 4.150000000000000000e+02 3.940000000000000000e+02 1.248239414697315669e-01 2.584459968396080661e-03 2.684485419531189299e-02 1.399492126584168245e-02
3.500000000000000000e+01 4.360000000000000000e+02 4.170000000000000000e+02 1.902120484236132295e-02 3.938310382360836557e-04 2.483655252702721139e-03 1.294794132990256330e-03
6.500000000000000000e+01 1.700000000000000000e+02 6.300000000000000000e+01 6.867976870886600693e+01 3.575555562678643717e+00 2.945688380802325312e+00 7.430526540986704731e+00
6.500000000000000000e+01 2.750000000000000000e+02 2.320000000000000000e+02 1.816641614341148170e+01 9.457665847835750039e-01 7.308872116346201153e-01 1.843669839590971415e+00
6.500000000000000000e+01 3.110000000000000000e+02 2.760000000000000000e+02 9.688620034583081519e+00 5.044018043535033469e-01 3.062260422112736413e-01 7.724580607445045155e-01
6.500000000000000000e+01 3.420000000000000000e+02 3.130000000000000000e+02 5.823693992457408264e+00 3.031888697578157821e-01 8.082953104804130318e-02 2.038932494225309255e-01
6.500000000000000000e+01 3.690000000000000000e+02 3.430000000000000000e+02 1.398755527639841345e+00 7.282098064250622227e-02 3.089433862082254997e-02 7.793125864376948542e-02
6.500000000000000000e+01 3.930000000000000000e+02 3.700000000000000000e+02 4.561993234164061772e-01 2.375031336296848025e-02 8.338589557757529816e-03 2.103417029008196326e-02
6.500000000000000000e+01 4.150000000000000000e+02 3.940000000000000000e+02 1.724854894444871889e-01 8.979812583221027239e-03 3.086177754754618457e-03 7.784912303134019357e-03
6.500000000000000000e+01 4.360000000000000000e+02 4.170000000000000000e+02 2.826410228735811575e-02 1.471464887805242101e-03 2.194380222624250801e-04 5.535344672400365406e-04
