311
-1.372759287773562e-07 
-2.9051860116492874e-07 
4.5001742756552033e-08 
-7.6270354007566328e-08 
5.0469349138931273e-08 
-2.9041533333147756e-08 
4.5660644087701302e-08 
-6.3166578722168219e-09 
3.4636352552835098e-08 
-7.0894906738773169e-10 
2.3946699154666607e-08 
1.5469329521529783e-09 
1.6952680758720283e-08 
2.727391824722965e-09 
1.2449922729174472e-08 
4.4051168761080324e-09 
1.0033189014338998e-08 
6.1211117794673952e-09 
-8.7128808710627341e-09 
-7.1204585227166974e-09 
-7.2943582111602653e-09 
-7.7596660261129015e-09 
-6.2103663465695819e-09 
-7.8612432967978348e-09 
-5.2178242642486007e-09 
-7.8567042498375596e-09 
-4.4523977170299797e-09 
-7.9089731465364662e-09 
-3.9817241997616441e-09 
-8.1753605374146161e-09 
-3.5179793514232971e-09 
-8.2280377815512648e-09 
-2.9472589364303619e-09 
-7.0874572550687777e-09 
2.4996579742687225e-09 
7.9931489152302086e-09 
-2.7321824029197535e-09 
-8.4111014009276112e-09 
-2.2892298788335288e-09 
7.4782294374431224e-09 
2.1014549013501853e-09 
-7.8535057362315961e-09 
2.0359566877138312e-09 
7.7690101952698569e-09 
1.7513415614606895e-09 
7.3480248511505002e-09 
1.6149129580926941e-09 
7.2152895344398195e-09 
1.622048593707647e-09 
7.5708427863427865e-09 
1.4094067792710817e-09 
6.6608665530235781e-09 
1.4060314277593767e-09 
7.0959277209869382e-09 
1.1414180142554067e-09 
6.7049223015674737e-09 
1.2927551042036143e-09 
6.7296142770302466e-09 
1.0151514652520464e-09 
6.7192398873662861e-09 
9.7499350665690415e-10 
5.2273499071371882e-09 
9.2913962695043951e-10 
6.6710900187754617e-09 
-9.6921664288686407e-10 
-6.1765436139414391e-09 
-5.2217526947970792e-10 
5.173137710560611e-09 
1.2818384038017693e-09 
-6.3871117467657044e-09 
-1.503358368280935e-10 
-6.1931550688131843e-09 
1.2701501120688795e-09 
4.8089863585769994e-09 
-8.1658000916369572e-10 
-6.3499890638442527e-09 
-4.5502428724324124e-10 
-4.8798113302027083e-09 
-1.2195766114038471e-09 
5.9695080163928257e-09 
1.049592623988365e-09 
-2.0934259981224326e-09 
1.3865053981486542e-09 
1.6995891017279185e-08 
1.1361885685325251e-08 
-1.2844293653493236e-08 
-1.498484615964542e-08 
-1.165383664124203e-08 
-1.3058408438626644e-08 
-4.9204353748904488e-09 
1.0027389039276002e-09 
6.1349682499377305e-09 
-7.5040379918960365e-09 
-2.1362396637068759e-08 
9.0448676790660258e-09 
-9.3110517902741696e-08 
-4.7103205541078172e-08 
1.0684373164255077e-07 
5.2167720117166154e-08 
8.4832491233500285e-08 
7.4993440665646079e-08 
-1.1791116262485983e-07 
1.6610825568606785e-07 
-1.6568694696353612e-07 
-2.2584823447657584e-07 
1.0676125743729086e-07 
-2.1209486229964746e-07 
4.4520089093920088e-08 
2.4882944434907745e-07 
2.8633166974172294e-08 
2.3879500954360017e-07 
8.5330980721364339e-08 
-2.2979873860029901e-07 
1.5907622975625904e-07 
1.620787694179415e-07 
-1.953257546820197e-07 
-1.0234823328741875e-07 
2.8792823792589306e-07 
1.452606029192482e-08 
-2.293411642551804e-07 
9.829208556253493e-08 
2.376777842651175e-07 
-1.8178522326488499e-07 
-1.5209616912636444e-07 
2.3578229040706175e-07 
6.2810120186254223e-08 
-2.8314492145843159e-07 
5.6955222176410864e-08 
2.6424306741491406e-07 
-1.5938653238171505e-07 
-1.6707939096924571e-07 
2.575610906656389e-07 
1.0852776237172227e-08 
-2.7455557266632813e-07 
1.3242688447779112e-07 
2.2082180706001552e-07 
-2.3476807377635485e-07 
-8.7565054980290792e-08 
2.8755253445033352e-07 
-4.4580629945175761e-08 
-2.6742317851690893e-07 
1.7956326896067557e-07 
1.468887474013025e-07 
-2.7402738702569212e-07 
1.6419253786464573e-08 
2.9895262415396555e-07 
-1.431532997840933e-07 
-2.2685807151125402e-07 
2.3585472517320521e-07 
1.3816048047810982e-07 
-2.9574421009848404e-07 
-3.1912458923726012e-08 
3.0911587322045532e-07 
-3.8224131291783717e-08 
-3.056947564020574e-07 
9.7935986365364988e-08 
2.9721921417426e-07 
-1.0573640488416803e-07 
-3.0314166881804945e-07 
1.0149989582131828e-07 
3.1926158137011923e-07 
-3.2773791213621983e-08 
-3.2323776847123527e-07 
-4.5197174942023775e-08 
3.1047846162595336e-07 
1.6452709623512624e-07 
-2.5206089908525395e-07 
-2.4765212614804887e-07 
1.4045166986594551e-07 
3.0670429495009819e-07 
4.0769283672994047e-08 
-2.9560508328950399e-07 
-2.4549249118178915e-07 
1.4739414274754611e-07 
2.9526154204282619e-07 
6.3659356861213399e-08 
-2.6498314457536958e-07 
-2.1435498882946839e-07 
1.3488540344057917e-07 
2.8050135678208331e-07 
1.1780665305863754e-07 
-2.3122978319949012e-07 
-2.6028900856907153e-07 
-1.2349245162880878e-09 
2.5368276795220465e-07 
1.9510583948919628e-07 
-1.2341558254929654e-07 
-2.4690793342271603e-07 
-1.3126657506541506e-07 
1.9514502472885809e-07 
2.4228408887434968e-07 
6.3712378239144099e-08 
-2.0611175783479505e-07 
-2.0399206437777747e-07 
3.9893478726827463e-08 
2.2820063150461141e-07 
2.0626872321834138e-07 
-4.6240784516251422e-08 
-2.1134620313829453e-07 
-1.5048129222238398e-07 
1.11937580437269e-07 
2.0801388521994265e-07 
-1.3678624539552273e-07 
1.3351130737850899e-07 
1.9837752453687682e-07 
9.752974218928733e-08 
-1.4194876824958623e-07 
1.8791744464498152e-07 
6.8200909803368641e-08 
-1.6238239181520226e-07 
-1.8241440280039225e-07 
6.104288168214924e-08 
-1.4630160135119719e-07 
-1.69487034109568e-07 
-3.6673511195721839e-08 
-1.5964728643712732e-07 
-1.6732458821836119e-07 
-4.0324348734118356e-08 
-1.3954728321595573e-07 
-1.5506063414463912e-07 
-2.8307432409604396e-08 
-1.4770730196041976e-07 
-1.5449137765822723e-07 
-3.3965121840926385e-08 
-1.2601945514188881e-07 
-1.442704787043932e-07 
-3.6772250867031369e-08 
-1.3000265053599112e-07 
-1.4332805134883551e-07 
-3.9356762012929584e-08 
-1.0495252933349288e-07 
-1.3610194639369755e-07 
5.4830915009361857e-08 
-1.0367876460441893e-07 
1.3195720954473061e-07 
5.2563358407313091e-08 
7.3058535223715788e-08 
1.269593547473512e-07 
-7.261956309440169e-08 
6.8111458639393581e-08 
-1.1671749210510101e-07 
-6.8106872878338611e-08 
-3.1990746223586744e-08 
-1.1093470210836749e-07 
8.5652396780214474e-08 
-3.1442008529016228e-08 
8.6125890722191075e-08 
8.7950068509550747e-08 
-3.3121312491301176e-09 
7.7597931112556232e-08 
-9.6145505165230264e-08 
6.6805806853976788e-10 
-4.1531560337689493e-08 
9.4148695660627727e-08 
3.5641032881098903e-08 
4.3812554431288775e-08 
7.3991071851652079e-08 
-6.2111354919187852e-08 
-1.2008190885933016e-08 
-6.5054530553729934e-08 
7.6057336527224136e-08 
8.1854014054861074e-09 
3.6896009253587557e-08 
-7.207992900961728e-08 
4.0397839216979044e-08 
-4.0945127593013627e-08 
4.6735041398493695e-08 
-7.2391987452934229e-08 
-4.498753821450807e-09 
-4.8082852979206596e-08 
5.3180950498911322e-08 
5.5294640831247692e-08 
2.0139230193226469e-08 
-5.3031837674882903e-08 
-5.7538999503201892e-08 
4.4137225984784283e-08 
2.9102177451147769e-08 
-5.2940051459284897e-08 
-5.7020089646774733e-08 
2.5519542777760263e-08 
3.6073123984293271e-08 
-5.4681773064614052e-08 
-6.0794933615264316e-08 
2.6691400346607089e-08 
3.446548147636535e-08 
-5.2456752578453045e-08 
5.3393709749036739e-08 
2.1137580778778151e-08 
3.766064669189373e-08 
-5.2833030790425177e-08 
5.2886637724251156e-08 
-4.1994203448592428e-08 
3.1238028660484436e-08 
-4.7517957677985161e-08 
5.0470042270019639e-08 
-3.8686235516566721e-08 
-2.4077001937309386e-08 
5.1519558100316314e-08 
4.7421219920254047e-08 
-6.0370875343310396e-08 
4.2722960437668973e-09 
4.2333086301303007e-08 
-4.4672711415191572e-08 
5.7312429591419644e-08 
4.1223545170728817e-08 
3.7012214393653754e-08 
-5.0712645343134279e-08 
5.7009675409308129e-08 
-6.5729209318249108e-08 
3.7823936712810658e-08 
7.2754681604750276e-08 
