311
-1.3389355858642942e-08 
-3.2779974235110066e-08 
-1.7575755251802609e-08 
-8.7086017542334558e-09 
1.8565617469403096e-09 
1.4380593082121122e-08 
1.6030198924175684e-08 
2.4398259280606383e-08 
2.1574454135601218e-08 
2.5884012306009028e-08 
2.1550793591184699e-08 
2.4088564111341804e-08 
1.9456223515707798e-08 
2.1358709876341799e-08 
1.7732691676574602e-08 
2.0256084051381078e-08 
1.6611061066698817e-08 
1.9424885676407927e-08 
-1.6194744655695803e-08 
-1.8868896912126491e-08 
-1.5731657295223058e-08 
-1.8343403208994091e-08 
-1.5061844217638984e-08 
-1.7354252618172393e-08 
-1.4192620705599217e-08 
-1.6166834131109366e-08 
-1.3787480449557461e-08 
-1.5876126957939934e-08 
-1.3634762007881282e-08 
-1.58626214798084e-08 
-1.3385822994365303e-08 
-1.5416219534606612e-08 
-1.2428801152917468e-08 
-1.2911713735908706e-08 
1.1121602625142061e-08 
1.4347500240820051e-08 
-1.3201726811938999e-08 
-1.4908522618003326e-08 
-1.1930665157172167e-08 
1.3072427128890218e-08 
1.1620032186630577e-08 
-1.3550205432777275e-08 
1.2109290236203218e-08 
1.3278625304448479e-08 
1.1173901844292744e-08 
1.2424784189384784e-08 
1.0877597978993441e-08 
1.2149178008427552e-08 
1.123838401647276e-08 
1.2631730364002232e-08 
1.0258411307933865e-08 
1.1075282347545303e-08 
1.0711734633145304e-08 
1.1724054967823026e-08 
9.5128066634189484e-09 
1.1029315248033789e-08 
1.0827902702615186e-08 
1.1027985611178775e-08 
9.3683588749092266e-09 
1.0938391135990432e-08 
9.1609258400023978e-09 
8.5693803996563852e-09 
9.1786436109727588e-09 
1.0868050905921852e-08 
-9.6992172155704106e-09 
-9.8301236201541207e-09 
-7.9137444920260635e-09 
8.658166575700513e-09 
9.6966842126951769e-09 
-9.9557256990203288e-09 
-8.6250828298074263e-09 
-1.0270036385867941e-08 
8.9105191937806458e-09 
7.9865553120024249e-09 
-9.663332635875214e-09 
-9.095140236868644e-09 
5.4747532771328237e-09 
-9.1943529346705833e-09 
-9.4677254506867619e-09 
7.8264643141285253e-09 
8.5181035519715168e-09 
-7.3272558405959529e-09 
8.6027389328739365e-09 
1.0698128721346654e-08 
1.7949489800908675e-09 
5.7809046360298657e-09 
-1.4694062755739669e-08 
-5.030094633981165e-09 
1.2356252687068487e-09 
-8.7102736723733631e-09 
9.7227855919694261e-09 
7.4144217416796035e-09 
-5.4613431797815331e-09 
4.8017107909825437e-09 
1.6315460992807826e-08 
-1.0517517852014348e-08 
-1.2145850731389958e-08 
-9.1690684849385841e-09 
2.2142817082656644e-08 
2.2924914710624816e-09 
8.935428569386467e-09 
1.7050109413467214e-08 
3.9297725026103134e-08 
1.5927881513956591e-08 
-3.0843164572002553e-08 
-4.208652224274268e-08 
-3.5444286491190933e-08 
-3.3147000742487441e-08 
1.4755171814116552e-08 
6.2856160865417535e-08 
1.7601692189476349e-08 
4.7699926957196934e-08 
1.1575523124358762e-08 
6.7914076580550605e-08 
-1.1707496815052422e-08 
-4.0164110388228383e-08 
4.7229870175885616e-08 
5.7026141639527636e-08 
-4.0607552805364688e-08 
-1.6088142568515766e-08 
6.6411957433521497e-08 
9.6187802031799679e-09 
-5.3875256819185098e-08 
3.1503061894652038e-08 
6.0206180949454075e-08 
-3.7904475023414805e-08 
-3.0817726417466015e-08 
7.4347505523375785e-08 
1.8182608989435463e-08 
-6.5386704781063494e-08 
3.6643237263237576e-08 
7.3073989589487282e-08 
-5.4233004868419266e-08 
-2.5952955630867465e-08 
9.0021323973438244e-08 
-2.7723106040207253e-09 
-7.0415860028024504e-08 
6.0670861438535876e-08 
6.6385309411163257e-08 
-7.4750342792801081e-08 
-1.024264179050629e-08 
1.0757660088085336e-07 
-3.0301551207759918e-08 
-8.2052237626383232e-08 
9.4985807033037e-08 
5.8129331814960184e-08 
-9.7306004631355634e-08 
3.3871078223051184e-09 
1.2009370602187392e-07 
-3.2641159477650278e-08 
-9.440625517893398e-08 
8.4849873960156803e-08 
9.2291421615962724e-08 
-9.1067685787072319e-08 
-6.1369076908953527e-08 
1.278539526309197e-07 
7.0585086813008084e-08 
-1.1591806922094956e-07 
-6.5764313848027287e-08 
1.3787520933019142e-07 
1.0478703807756509e-07 
-9.7031267801542996e-08 
-1.1636749276378477e-07 
7.8808327402527045e-08 
1.5759849165499344e-07 
1.5676374286994034e-09 
-1.4184521974956652e-07 
-5.0487184912087413e-08 
1.3443629332922345e-07 
1.15010290585151e-07 
-3.3888904973138454e-08 
-1.3449960839445758e-07 
-6.5455186675200759e-08 
1.1938158172086315e-07 
1.3125320951824505e-07 
-6.157027441959188e-09 
-1.2218900305806593e-07 
-6.523171737399459e-08 
9.8824445234861641e-08 
1.2136256037831905e-07 
4.3268139323317507e-08 
-1.0613117810198102e-07 
-1.0663283617411773e-07 
1.9814110062165485e-08 
1.2465475853157389e-07 
9.2961372871884755e-08 
-4.3547495245834063e-08 
-1.1063936734403208e-07 
-5.9289405741639902e-08 
8.9280936763472429e-08 
1.2066559829102535e-07 
5.9716969907176043e-08 
-7.7681194829293015e-08 
-1.0687918985806808e-07 
-1.5621013979465798e-09 
1.1078838133684464e-07 
1.2284301927239065e-07 
2.7637093034745187e-08 
-8.9361112309433614e-08 
-1.0511435419423332e-07 
2.153421222384471e-08 
1.1679290616999277e-07 
-1.2503684938789979e-07 
1.7421689894709357e-08 
9.6729527454561606e-08 
1.0468692095353952e-07 
-3.5762713278511433e-08 
1.2439323649672908e-07 
1.2023581268923222e-07 
-4.9237165682244086e-08 
-1.0400310702927628e-07 
1.0833320889123628e-07 
-4.1333290007195409e-08 
-1.3268162212332752e-07 
-1.2153725669445448e-07 
-5.8768698996766778e-08 
-1.1207994695699681e-07 
-1.1493298536744666e-07 
-3.940850430584303e-08 
-1.4117298046117635e-07 
-1.2932627138307283e-07 
-5.4954525939315925e-08 
-1.187752012561528e-07 
-1.2530137784714699e-07 
-2.7863799286665022e-08 
-1.4519755820062016e-07 
-1.4433973220036534e-07 
-3.6342117751583163e-08 
-1.1861713014421415e-07 
-1.3980879361898144e-07 
-2.2168214409571907e-09 
-1.4008333874913633e-07 
1.6059116900654046e-07 
8.8050677652365438e-10 
1.0547094814800842e-07 
1.5307144590536838e-07 
-4.1252336282652399e-08 
1.163431063131331e-07 
-1.6547778014650575e-07 
-5.1304277577486946e-08 
-6.7346995926769422e-08 
-1.5485472748001424e-07 
9.0993606423941817e-08 
-5.9191359764586296e-08 
1.5037493022384842e-07 
9.310350271387302e-08 
-7.99923777902185e-09 
1.2978314676871897e-07 
-1.1605358609133712e-07 
-2.0380438682258531e-08 
-9.8687133693602837e-08 
1.1151390003739732e-07 
7.4303542098388271e-08 
4.8660555669917553e-08 
1.1169928559145549e-07 
-6.748914494896686e-08 
-1.977005963298385e-08 
-9.0659820670492012e-08 
8.8547405249841677e-08 
3.2451762372582651e-08 
5.0103168913466928e-08 
-8.4363274098507563e-08 
-6.1506547305575057e-08 
1.1966607110184194e-08 
6.7899455448698221e-08 
5.2868821595594189e-08 
-4.8793068849073212e-08 
-2.0929306008847643e-08 
-6.5235868614659385e-08 
4.6083019599256659e-08 
-3.707215931725274e-08 
1.9763507502817484e-08 
-4.9786321904230177e-08 
3.144307390866755e-08 
2.8595391670665257e-08 
3.8073391140044962e-08 
-4.374124920913013e-08 
3.4340242249637351e-08 
2.6183011039122503e-08 
1.5381814626337337e-08 
-3.3113362125840432e-08 
2.3224484994142763e-08 
1.7865916875638367e-08 
3.5294915044194866e-08 
-3.4581862155072701e-08 
3.0568084609952879e-08 
-2.818796418542201e-08 
-5.7577393911177104e-09 
-2.1181433267551856e-08 
2.0456875946557839e-08 
-1.9786285136080767e-08 
-1.9873237014683761e-08 
-3.1805303628718933e-08 
2.6258388117008037e-08 
-2.6922222833913445e-08 
2.6306018748150701e-08 
4.6561116796351563e-09 
-2.0374666310379333e-08 
-1.7285556772758925e-08 
1.0778875719207946e-08 
2.0202270651064716e-08 
-2.020385582305455e-08 
2.2520632014331939e-08 
-2.0402901677157574e-08 
-7.1455773204176887e-09 
-2.3685107707214781e-08 
2.460047498554229e-08 
-2.4015883150309835e-08 
2.6450119699990632e-08 
-3.7956449828910097e-09 
-4.6063447169012713e-08 
