275
3.6164204906600125e-07 
1.0978636368133457e-06 
1.5493249307856616e-07 
2.9317471828256806e-07 
5.8810789289539339e-08 
9.0210901096502276e-08 
1.4261161944159409e-08 
1.0278291924409742e-08 
9.7683791216078339e-09 
-1.133818605138155e-08 
1.5819766455297676e-08 
-1.1976203189179029e-08 
2.0894880483549859e-08 
-8.8674865289193679e-09 
2.1383549735580001e-08 
-5.6139570544354386e-09 
2.0956785497264573e-08 
-1.7474622744622705e-09 
-1.772154461998544e-08 
1.0234824797536629e-09 
-1.4248759525576706e-08 
-2.5245370758029165e-10 
-1.0847953111710377e-08 
-1.5099239194796918e-09 
-9.5109549804528607e-09 
-1.6520092109472274e-09 
-7.6189303920276725e-09 
-3.4027194941525054e-09 
-6.4145254556212216e-09 
-4.2392464534898939e-09 
-5.351175016964441e-09 
-5.1518400226509926e-09 
-4.0560484046042227e-09 
-5.3256803307030301e-09 
2.8295474817879728e-09 
6.6781531432115044e-09 
-2.484022409051075e-09 
-8.0194678782076811e-09 
-1.9355780420548738e-09 
7.432013705257791e-09 
1.6828788952706026e-09 
-8.3134967176414026e-09 
1.3156815644016696e-09 
8.9952301606494311e-09 
5.9386117667079587e-10 
8.8380035190585397e-09 
2.257660452264957e-10 
9.1839100097584871e-09 
-2.7230481306971782e-10 
9.890688338210307e-09 
-8.6301497117964528e-10 
8.8930180429866273e-09 
-1.1559398839970872e-09 
9.9045825959698248e-09 
-1.2411290874197041e-09 
9.668093346993278e-09 
-1.8878120625218317e-09 
9.904056480654691e-09 
-2.0586933007163796e-09 
1.0108075710251115e-08 
-2.2786204410749452e-09 
8.1487973165068232e-09 
-2.3822866686084584e-09 
1.0606648607265394e-08 
2.630583401142272e-09 
-9.7788448806566291e-09 
2.9464597676570008e-09 
8.7788151959094804e-09 
-2.5582909468394063e-09 
-1.0529262428243217e-08 
4.1111035059673821e-09 
-1.0603513812391613e-08 
-2.7433405170502872e-09 
8.8847194932315464e-09 
3.3538318049146059e-09 
-1.0375587539557094e-08 
-4.3988571726486189e-09 
-9.3901708165197529e-09 
2.8999080310237695e-09 
1.0062567563446376e-08 
-3.3353904971654933e-09 
-6.6689350500076473e-09 
-3.0008957057561283e-09 
2.0945615088805155e-08 
1.3896593516439296e-08 
-8.9654878028908006e-09 
-1.0285578229546708e-08 
-1.5516999348761497e-08 
-1.673140970195195e-08 
-8.6433320023433712e-09 
-2.3590446543955774e-09 
1.0562220156410998e-08 
-2.6086123638131508e-09 
-1.6548105393767331e-08 
5.3761400317354886e-09 
-9.6468527595106959e-08 
-5.1021455996227531e-08 
1.0220645384019914e-07 
4.7839990597045288e-08 
8.9941983358523004e-08 
8.004395140871716e-08 
-1.1290633007742007e-07 
1.6188045979775944e-07 
-1.7071090919071721e-07 
-2.2969323193953187e-07 
1.015599458402176e-07 
-2.063004547493742e-07 
5.065737747930786e-08 
2.537844908025351e-07 
3.2508343081114452e-08 
2.3261104734979883e-07 
7.8676874027837397e-08 
-2.3577472396467032e-07 
1.6309621970827198e-07 
1.5598202264731399e-07 
-1.8821261072541686e-07 
-1.0872350053747891e-07 
2.9248431388632597e-07 
9.4230059147834791e-09 
-2.2129112496817112e-07 
9.133808137842569e-08 
2.4472504046139367e-07 
-1.8632380964193849e-07 
-1.4514083940445102e-07 
2.2807280416319412e-07 
7.0964873884872255e-08 
-2.8970998883051737e-07 
6.1859159016171665e-08 
2.5632721826855411e-07 
-1.5170683297202753e-07 
-1.7542203764183895e-07 
2.6347133833840178e-07 
5.8609466899998942e-09 
-2.6537602966918531e-07 
1.2429120083306648e-07 
2.3023767788846778e-07 
-2.3984279909399651e-07 
-8.0898375674763676e-08 
2.7749138861725343e-07 
-3.4705239855202354e-08 
-2.7650455919960632e-07 
1.8406461070202799e-07 
1.3961936778547142e-07 
-2.6284446256184942e-07 
6.8828075382877199e-09 
3.0780808710769298e-07 
-1.4685568207018659e-07 
-2.1686916052266584e-07 
2.2496742013914225e-07 
1.4902252382179294e-07 
-3.0256296333321962e-07 
-2.5206039515545412e-08 
2.9634477916401987e-07 
-2.7687391712838415e-08 
-3.151424222517797e-07 
1.0393135380937271e-07 
2.8379661946719172e-07 
-9.4577667412849839e-08 
-3.1382257754505153e-07 
1.0807208336246213e-07 
3.0501051962797893e-07 
-2.1926644432952779e-08 
-3.3348961113707658e-07 
-3.6209852363317052e-08 
2.957559462697088e-07 
1.7725276726138545e-07 
-2.6009260932528012e-07 
-2.3335073859315432e-07 
1.289347400854505e-07 
3.1938308448576599e-07 
3.3152013522114257e-08 
-2.7944251726190803e-07 
-2.5800712069346947e-07 
1.541872039561756e-07 
2.7946169195065603e-07 
7.5709357498344758e-08 
-2.7530534906618875e-07 
-1.9941880905994769e-07 
1.231794305009979e-07 
2.9362981897991621e-07 
1.0805178361667004e-07 
-2.1558980843514701e-07 
-2.730477150689876e-07 
6.6150367240161809e-09 
2.3802205429448987e-07 
2.076423443171726e-07 
-1.2945591235700304e-07 
-2.3011420743136844e-07 
-1.4235081790539301e-07 
2.0456027040754051e-07 
2.2653126062362356e-07 
7.4145857695565502e-08 
-2.1497602440114987e-07 
-1.8972063664616301e-07 
3.0952169149636896e-08 
2.3865195948963189e-07 
1.9405296787528569e-07 
-3.6602849610155116e-08 
-2.201410839036126e-07 
-1.411498069986925e-07 
1.0307912606641207e-07 
2.1619152262417619e-07 
-1.304246478213185e-07 
1.2375062056013876e-07 
2.0420599356798472e-07 
9.296701426956617e-08 
-1.3539583913846112e-07 
1.9234250296564928e-07 
6.7200437221425705e-08 
-1.5602970851820748e-07 
-1.836450682426065e-07 
5.9790090895303651e-08 
-1.4375255556123496e-07 
-1.7017309351387932e-07 
-3.8963202694247911e-08 
-1.5745947099750358e-07 
-1.6368326517220583e-07 
-4.1756663249619071e-08 
-1.4121235995673161e-07 
-1.5187147156007511e-07 
-3.3532745239244325e-08 
-1.4941419732624357e-07 
-1.4743436045533651e-07 
-3.6597425449025394e-08 
-1.2948364154454381e-07 
-1.3904283440900332e-07 
-4.3146695015540455e-08 
-1.3345849962353906e-07 
-1.355780724117555e-07 
-4.408126220635111e-08 
-1.1020375886142819e-07 
-1.2961256845545325e-07 
5.985777471689096e-08 
-1.0841450904158215e-07 
1.2537055103296568e-07 
5.8584872172836759e-08 
7.9076599282841495e-08 
1.183988365222825e-07 
-7.5801710694448392e-08 
7.7522061426871472e-08 
-1.0982062291911855e-07 
-7.530657923194042e-08 
-4.0156713083206989e-08 
-9.9812745283701983e-08 
8.7746536376474695e-08 
-4.7612476987853905e-08 
7.7367437279440065e-08 
9.7144507366749119e-08 
1.2921328916278032e-08 
6.2322889480049798e-08 
-1.0362933870898889e-07 
-1.897230422881675e-08 
-2.9250118074078605e-08 
9.8892722925648717e-08 
1.7041220390791456e-08 
4.1985856966541994e-08 
8.7736721471355247e-08 
-5.9368544183124573e-08 
-1.5692986445095845e-09 
-7.6938233992077567e-08 
4.8649264882492492e-08 
1.7721560536530435e-08 
5.7103913236355208e-08 
-8.9333931816899471e-08 
4.453228120745407e-08 
-3.4011709642839995e-08 
6.9598224810921277e-08 
-6.5435765055579654e-08 
-2.0898294097278994e-09 
-9.5227377428929015e-08 
4.7569444987299171e-08 
8.6178244119929176e-08 
4.4231476487233105e-08 
-6.7874594639893912e-08 
-1.7033776708899561e-07 
