275
2.1070898759681565e-07 
6.4015178316592849e-07 
2.7161193255512703e-07 
2.9100547545475664e-07 
9.9624441074048392e-08 
1.3480457312274773e-07 
1.2793766704306326e-08 
5.3542487698863363e-08 
-1.3177222184683268e-08 
2.5566466038723999e-08 
-1.578285745912071e-08 
2.0269708507482375e-08 
-1.1275351340163822e-08 
1.9321644752170586e-08 
-7.5682528969891948e-09 
1.9254367098973781e-08 
-4.3360511277626468e-09 
1.8525416947481277e-08 
3.8925416787552267e-09 
-1.5805488262246709e-08 
4.2922660283940566e-09 
-1.3639778551330407e-08 
4.6520616480063556e-09 
-1.1949971474467039e-08 
4.284462417129993e-09 
-1.0227294416719306e-08 
4.3727410338119346e-09 
-9.8772338685794681e-09 
4.1824414608559894e-09 
-9.4954814903365018e-09 
3.9374610731151012e-09 
-9.0072485405315744e-09 
3.4396131787258023e-09 
-7.5028585217325152e-09 
-2.9878343671933677e-09 
8.264862272847673e-09 
3.2864256654867104e-09 
-8.6914716007011775e-09 
2.5466618139054687e-09 
7.6067731812109236e-09 
-2.1719468784251204e-09 
-7.9369059128631664e-09 
-1.940431128187907e-09 
7.8314271756440007e-09 
-1.6409636891517788e-09 
7.2417027921662141e-09 
-1.4379980114966566e-09 
7.04542005158858e-09 
-1.4050042334764338e-09 
7.1339966301534549e-09 
-1.3464964007801893e-09 
6.1226371400632776e-09 
-1.2974600260642946e-09 
6.5154476863450575e-09 
-1.0213245867215957e-09 
6.1021705090760643e-09 
-1.1674709166688902e-09 
5.9680418270549885e-09 
-1.0697349089090469e-09 
5.8416861837248653e-09 
-9.5284074150403043e-10 
4.651988715662553e-09 
-9.5824625824665603e-10 
5.7765315476384777e-09 
7.2077154159077029e-10 
-5.4092252299085626e-09 
1.2484998750189548e-09 
4.2814535111452589e-09 
-3.3713953705043705e-11 
-5.4955235193764671e-09 
1.7134038220863544e-09 
-5.3719807712607674e-09 
-8.9811832693055469e-11 
3.7506956178928139e-09 
-5.8699405813163753e-11 
-5.6456837713842606e-09 
-2.7099643031139836e-09 
-4.2082505754004286e-09 
-8.9647300783855697e-10 
4.7586051169555909e-09 
-4.2140674554291376e-10 
-2.197736899722024e-09 
7.8664556003802926e-10 
1.1173742010064408e-08 
1.2314120412249457e-08 
-4.1228807140205757e-09 
-1.2042608677522687e-08 
-4.5680467936873207e-09 
-1.1293486139541989e-08 
-5.5778971510947312e-09 
3.9596804193312426e-09 
5.022437644261001e-09 
1.9062383060354196e-09 
-8.2982033709194064e-09 
2.1702028145760573e-08 
-3.6237258466118007e-08 
-5.5053976294261268e-08 
2.7094359139770279e-08 
4.9189735686673269e-08 
2.133833888934683e-08 
6.0337244073659048e-08 
-1.9408006430225993e-08 
1.1431414930560794e-07 
-1.8265900998885226e-08 
-1.4350595094216332e-07 
-2.33149004562819e-08 
-1.17041733092431e-07 
-4.6294444649612292e-08 
1.1971492680919507e-07 
9.3530472748390398e-08 
9.4880056434417832e-08 
1.0854434048602603e-07 
-7.0667315650162808e-08 
1.4147150771415801e-07 
2.4354316263576006e-08 
-1.3105035792631533e-07 
2.2481811476381585e-08 
1.6424957364199985e-07 
-6.381604242846758e-08 
-1.0401309439641881e-07 
1.0932954733991416e-07 
8.3477163867384551e-08 
-1.4266942873173838e-07 
-1.6666167239201253e-08 
1.4434917557538532e-07 
-3.5430251631987744e-08 
-1.4202294789554736e-07 
1.0312286926148796e-07 
9.9819327938297925e-08 
-1.3991019392921875e-07 
-2.1691902107143648e-08 
1.6489769723176734e-07 
-6.8053889719358734e-08 
-1.2766606509647038e-07 
1.3462598762270007e-07 
6.798902496383872e-08 
-1.6433571003202359e-07 
2.7271402138475013e-08 
1.5937731930952495e-07 
-9.5809640344970103e-08 
-1.1086653218835549e-07 
1.6074056285993733e-07 
1.5770235986311816e-08 
-1.7628243295847776e-07 
8.3977485099029332e-08 
1.5400986311315539e-07 
-1.4290035904067089e-07 
-7.974254729651447e-08 
1.7849729492097161e-07 
1.8056125939342958e-08 
-1.8950560645380653e-07 
5.3720583182288278e-08 
1.7820926752069989e-07 
-8.8131516699818676e-08 
-1.6337715459498045e-07 
1.2703412001631633e-07 
1.5584225126227548e-07 
-1.2418973238990018e-07 
-1.6410499224759702e-07 
1.2832783382877937e-07 
1.8535227146629718e-07 
-7.6842064292880926e-08 
-2.0141495486618677e-07 
2.8207836527611467e-08 
2.1067236083288178e-07 
6.6639536462420238e-08 
-1.8343925595034773e-07 
-1.2813536476852482e-07 
1.2253509892083558e-07 
1.8694833898421408e-07 
1.2117197387228543e-09 
-1.8712099486435604e-07 
-1.4118309691384006e-07 
1.1268205482923487e-07 
1.8443978151616303e-07 
3.4707065352215489e-08 
-1.6622114000638244e-07 
-1.2664121623588358e-07 
8.7687285294246922e-08 
1.7878606707959241e-07 
8.3941074935166117e-08 
-1.340844310425754e-07 
-1.6498656043721846e-07 
-1.0255536373549511e-08 
1.5564943894716092e-07 
1.4345675982681913e-07 
-5.0981014588343046e-08 
-1.5627749650834099e-07 
-1.060977744557658e-07 
1.0945835271903049e-07 
1.5970185335726132e-07 
8.7248668528969656e-08 
-1.1029753522665577e-07 
-1.4830212467941913e-07 
-1.4238075553638031e-08 
1.514543784524946e-07 
1.5975720489995953e-07 
3.0780226538004075e-08 
-1.2867859730664258e-07 
-1.3718403882049567e-07 
3.0379836436533006e-08 
1.573158145482792e-07 
-1.5108774117307601e-07 
3.5340871556019294e-08 
1.3576494120711723e-07 
1.2389221729860508e-07 
-5.7144473596118237e-08 
1.6204351285439617e-07 
1.3170811119226802e-07 
-7.6410313332267816e-08 
-1.4058439526937483e-07 
1.1595302523534338e-07 
-6.8509694920925571e-08 
-1.6666098371836952e-07 
-1.235557579063601e-07 
-8.8336899246436411e-08 
-1.457781462173238e-07 
-1.1422536612498995e-07 
-6.9184611534449784e-08 
-1.7163158088476045e-07 
-1.256469283511343e-07 
-8.5730781740139217e-08 
-1.5046983200827659e-07 
-1.2056907729017741e-07 
-5.8586838876069854e-08 
-1.7312817272829082e-07 
-1.3861234842265582e-07 
-6.9130664962098361e-08 
-1.5096122837187317e-07 
-1.3639071787060407e-07 
-3.1716517539334313e-08 
-1.6728290591620481e-07 
1.5626010932319698e-07 
-3.3944364853835971e-08 
1.418681990603671e-07 
1.5620079665328701e-07 
-1.7182793048748294e-08 
1.4469055792334579e-07 
-1.6599375715254993e-07 
-1.7443484609187384e-08 
-1.1106314376026187e-07 
-1.6932020445654727e-07 
7.8403049113824827e-08 
-9.0075491158760959e-08 
1.5885261023117982e-07 
6.7823975419169131e-08 
3.8004908008581647e-08 
1.6265691014207889e-07 
-1.1896881132446293e-07 
1.0046253785379617e-08 
-1.2253205756111147e-07 
1.0450975445625699e-07 
4.5523196944784427e-08 
8.984410988126788e-08 
1.3070026556004144e-07 
-4.1480170732777275e-08 
1.3323639793247424e-08 
-1.292669389134101e-07 
8.4811235736595967e-08 
1.0976994335786897e-08 
7.9333304161180739e-08 
-7.3828033996289091e-08 
-4.419141289815981e-08 
-3.8253247254473494e-08 
1.1050596435654867e-07 
4.1081978374055126e-08 
-2.7852162251643025e-08 
-8.2376154776662335e-08 
-1.0170805914992434e-07 
2.7209272241891867e-08 
-2.3295546622006005e-08 
8.7645140572809465e-08 
-7.2273224051149732e-08 
3.3509007433965728e-08 
2.8339930704359911e-08 
