170
-6.7622050654358791e-08 
-3.1464995920721209e-07 
-2.3110562050703403e-07 
-3.2347500198652504e-07 
-2.4230467996339502e-07 
-3.7432438982074959e-07 
-2.5698366628164986e-07 
-3.7276427334195403e-07 
-2.8456960146399072e-07 
-3.6580343524697133e-07 
-3.0433100174715596e-07 
-3.566968867581389e-07 
-3.0237736246978078e-07 
-3.4044708627010163e-07 
-3.0330784094432033e-07 
-3.31048697968447e-07 
-2.9206493812513477e-07 
-3.0576750475665995e-07 
2.7672275534088872e-07 
2.7240621811579537e-07 
2.5327329739125869e-07 
2.4159207361585578e-07 
2.2467709113049155e-07 
2.0692180687915213e-07 
1.9618139820535352e-07 
1.7243732534905072e-07 
1.7545624473434465e-07 
1.4811632306986077e-07 
1.5577257574699478e-07 
1.260608135681164e-07 
1.3370702052015294e-07 
1.0209605078688749e-07 
1.0903479559014542e-07 
7.0382540307845616e-08 
-8.6691633091088439e-08 
-6.2912605475832642e-08 
8.4988731593638843e-08 
4.4467220523536203e-08 
6.0425251912806826e-08 
-2.4940221946229824e-08 
-4.6914385740270525e-08 
1.1426342186601094e-08 
-3.2065000615595061e-08 
7.1254782259126101e-09 
-1.2943034455075584e-08 
2.0892991450776294e-08 
8.3539561681707658e-10 
3.2259005511753632e-08 
1.0835494405709417e-08 
4.4838405681063916e-08 
2.1978874161097432e-08 
5.0071060561607479e-08 
3.7736958912680412e-08 
6.6958163475879024e-08 
4.7755514031753708e-08 
7.291776434224252e-08 
6.8100637545664384e-08 
8.3408730084795346e-08 
7.0093189467627212e-08 
8.9808033028115214e-08 
7.2837917766069512e-08 
6.4932965330330788e-08 
6.9727371276341861e-08 
7.9893993477188069e-08 
-6.8725477044107161e-08 
-6.1682126233438498e-08 
-5.9144348289763005e-08 
6.2032824502722293e-08 
6.4992998588441595e-08 
-6.1053284534548976e-08 
-7.4040776414626998e-08 
-7.12243548095145e-08 
6.7517707314687661e-08 
5.7608150024785114e-08 
-7.0973545000232327e-08 
-4.9712404468800389e-08 
6.8137929174214724e-08 
-5.5350811647287179e-08 
-5.9450856643610495e-08 
4.0310271512723792e-08 
5.470183695788629e-08 
-2.5458281085323514e-08 
4.608374984007618e-08 
1.1607973808473543e-08 
-1.468819722370685e-08 
1.4819843401153025e-10 
-2.8251756368778616e-08 
1.5024894223640567e-08 
-5.1470672612024333e-10 
1.9206366564610614e-08 
1.1419710590889117e-09 
-3.2781039047768195e-08 
3.0760566580866602e-08 
-6.247361307934681e-08 
-1.9058144923688966e-08 
5.1217740773853932e-08 
-6.8118996473370015e-08 
5.7750366627220494e-08 
-4.4002196558314252e-08 
-9.9045931658256475e-08 
1.0121414291344831e-07 
-7.6948699312397758e-08 
-6.2526233066797043e-08 
9.7755277531585599e-08 
-1.1792761464168603e-07 
5.1087827724759455e-08 
8.0696112429365202e-08 
-1.1339871878110544e-07 
9.627001706071201e-08 
-1.5497337666081055e-08 
-6.6847633806356238e-08 
7.7770369672369555e-08 
-3.8529533473921778e-08 
5.0323505185429831e-08 
-2.9717442915914559e-08 
6.5598124961138322e-09 
6.1557547015794133e-08 
1.1659753913007132e-07 
2.4268375225438533e-08 
8.6631560998725255e-08 
1.5530299688569795e-07 
1.0503459917884702e-07 
6.5637938040532759e-08 
1.3750324269966069e-07 
1.7650637072481136e-07 
9.1406952300121697e-08 
8.9994132705326394e-08 
1.7525702349243017e-07 
1.1926720295512565e-07 
2.0269047194007622e-08 
1.0543313265427849e-07 
8.9441095075729656e-08 
-2.3430327320601941e-08 
-7.8156651707363098e-08 
2.6613038985509401e-08 
-8.3454494252969175e-08 
-1.4228718159173354e-07 
-3.0708090054973519e-08 
-2.5884626748182283e-08 
-1.6687275857556758e-07 
-9.0608799720545464e-08 
8.0394660849107182e-08 
-5.4413882592969288e-08 
-1.1777048911128338e-07 
8.1802390381689277e-08 
1.3582081220583937e-07 
3.7315101916347118e-09 
1.2237932999374643e-07 
2.4831205614115012e-07 
5.6746425641234868e-08 
-1.2184685105811332e-07 
7.5457760966057596e-08 
1.8130368684957774e-07 
-3.3690369416746829e-08 
-1.0084692028764715e-07 
7.0103262134361289e-08 
5.9940851925643517e-08 
2.5832870931427833e-07 
5.9654369406580845e-08 
4.2752065656789631e-07 
4.8982182595769402e-07 
2.9390691357392093e-07 
3.9401610037261151e-08 
3.3489889911113363e-07 
4.5549826733537087e-07 
5.2863862691831674e-07 
1.7161010364597339e-07 
-3.8138352518764598e-07 
4.4502446055934628e-07 
4.731577291676112e-07 
