170
-2.8850199892061889e-06 
-1.5738628658723173e-07 
-1.0265872588811525e-06 
1.1940475304931542e-06 
-1.0701662893916466e-06 
-1.7035649164615755e-07 
8.7996188044986866e-07 
-1.7810161948360538e-06 
1.3529605592752546e-06 
-1.173076108198986e-06 
3.4205385257227184e-07 
-3.5748659983774582e-07 
1.4298243491722989e-07 
-7.7392345864609924e-07 
7.6783765225025904e-07 
-1.2425693699852091e-06 
8.6853881373069753e-07 
-9.216462815491419e-07 
-4.9166381329971891e-07 
6.1827279279237048e-07 
-4.3576205453155173e-07 
7.3896959175791783e-07 
-6.250010761235651e-07 
8.0192918892160636e-07 
-5.8163780563193866e-07 
5.7757233683495395e-07 
-3.66931592246744e-07 
3.9437993726528738e-07 
-3.0647694137755434e-07 
4.816516629883845e-07 
-4.6307438389178746e-07 
5.8421052762770437e-07 
-4.8613064178865551e-07 
4.7996881998167162e-07 
4.1138087786598454e-07 
-4.9017573791682863e-07 
-4.9528665985553169e-07 
5.470011033139337e-07 
-5.3961730367221971e-07 
-5.7065440608413715e-07 
6.0691925491871314e-07 
5.7775839171602749e-07 
5.9619112048473131e-07 
-4.5312456847926381e-07 
4.9123094991288413e-07 
-4.0820669770821066e-07 
5.1069849860879751e-07 
-3.6438615631985656e-07 
4.7233918241415745e-07 
-2.4957698727383195e-07 
3.2528673621567247e-07 
-9.8415228286647865e-08 
2.269284717981391e-07 
2.2952194372564155e-08 
1.0532528525182344e-07 
9.3462276783987691e-08 
4.89163000163457e-08 
1.7008941456865719e-07 
-3.2229697683470393e-08 
2.5995021058451607e-07 
-1.2247153098957348e-07 
2.4356450865793982e-07 
-1.7265360883615137e-07 
3.2180421579885136e-07 
1.9852929484365405e-07 
-2.3871097010611869e-07 
1.5492600586561228e-07 
1.9289281778562862e-07 
-1.4707952288219869e-07 
-1.594777578375783e-07 
1.0042908643043313e-07 
-7.2254433179478422e-08 
-7.9818568862906649e-09 
-1.0731822040859262e-08 
-5.8295169078382064e-08 
7.6964064685080533e-08 
1.0930898140099863e-07 
1.2337892588346791e-07 
-1.446002360505604e-07 
-1.251166926077168e-07 
1.7906727910750686e-07 
1.8042938579920351e-07 
2.1527338337001457e-07 
-1.6841111182951794e-07 
-1.2923297920794575e-07 
-1.6540803318004644e-07 
-2.0101709466098214e-07 
1.1208687186321261e-07 
1.3706828888438269e-07 
1.271739464840444e-07 
1.01590064589336e-07 
-1.436482441981816e-07 
-1.742312900198523e-07 
-1.7621447165456192e-07 
7.6146599763411659e-08 
-2.138050704569297e-08 
6.664935394795507e-08 
2.1761760507574471e-07 
3.84266175215401e-08 
4.904446274777723e-08 
4.3783202046934235e-08 
-2.6299968866261666e-07 
1.4229510517581082e-07 
-2.0075018294307057e-07 
-2.2432191129193886e-07 
3.0737074354417142e-07 
-2.3421639975116417e-07 
4.4380135171029052e-08 
2.8215691386433747e-07 
-1.883121653568434e-07 
4.2193462341854133e-07 
1.6698289496875862e-07 
-2.1869654336786871e-07 
1.3880485209283281e-08 
4.2966579732061304e-07 
-2.7963851525867502e-07 
-1.0473829749517858e-07 
3.1448121345697221e-07 
2.2981385962523852e-07 
-2.686538459216073e-07 
8.2732116176050729e-08 
4.8625869094620587e-07 
-1.7389938110277209e-07 
-1.4087767995702589e-07 
2.5987126629889479e-07 
3.0097494400171055e-07 
-3.8996472201924126e-07 
7.0953963217881715e-08 
4.2400693258071826e-07 
-1.4611572475653731e-07 
-2.3221416567458697e-07 
2.3541736250665949e-07 
2.1070315167790108e-07 
-6.0134002832479564e-07 
1.6193814709035333e-07 
2.0823590783002322e-07 
-2.624374509844087e-07 
-3.1714285871066402e-07 
4.4162122875369464e-07 
-1.3054738447257464e-07 
-3.5910219642635023e-07 
6.0552305538777904e-08 
5.5311786574401008e-07 
-6.3624198074327816e-07 
6.8012559663963164e-08 
3.0386059545299699e-07 
1.1782907783517621e-07 
-4.3322790755648508e-07 
4.0150505643919411e-07 
4.6013807289284121e-07 
-6.0598337661741644e-07 
-1.586002340468503e-07 
4.4867063748406291e-07 
2.0156647204877058e-07 
-6.78126016764633e-07 
-1.962044970696703e-08 
3.4301996155014713e-07 
1.1284662105208466e-07 
-4.7588029929764936e-07 
1.2578593028140546e-07 
8.0836416413790965e-07 
-1.0915539890245454e-07 
-4.2636153822351583e-07 
-2.0577848925162099e-07 
9.3531844505968158e-07 
-2.0084771181103612e-07 
1.6613346698833897e-07 
-4.284914938154327e-07 
3.3050742201670262e-07 
6.2483956851616737e-08 
