6.167800364531372907e+03 4.000000000000000000e+00 1.966524770741846488e-09 1.434693364354929224e-01 4.691556892861694898e-11 1.333803280546441983e-01
6.238039532867920570e+03 4.000000000000000000e+00 4.585604389063543326e-09 3.402009513552890496e-01 1.094589767117170229e-10 3.368280775048679287e-01
6.238355456201502420e+03 4.000000000000000000e+00 4.577983125916683735e-09 3.396617162843853510e-01 1.092659729861949207e-10 3.363538426886729105e-01
6.290889090478591243e+03 4.000000000000000000e+00 1.044575804722691786e-09 7.851422904028965144e-02 2.426015064400968417e-11 7.461924876138305296e-02
6.111778562196668645e+03 4.000000000000000000e+00 4.476808014528625565e-10 3.224692793911363570e-02 1.073789843627952936e-11 2.923372683526791888e-02
6.050888881205036341e+03 4.000000000000000000e+00 2.584467196814087614e-09 1.837427075857773484e-01 6.763189835050891852e-11 1.816156667958584714e-01
6.105516758271967774e+03 4.000000000000000000e+00 2.256366060490949024e-10 1.623032879198042094e-02 5.201921009309513376e-12 1.411016832927440394e-02
6.083524355138455576e+03 4.000000000000000000e+00 1.464338165125025584e-09 1.048276176115760933e-01 3.797913994635568500e-11 1.023075172124059684e-01
6.057088377379489430e+03 4.000000000000000000e+00 2.536900730001666709e-09 1.805935094327832391e-01 6.627859252201992398e-11 1.779878346751350426e-01
6.282545381948360045e+03 4.000000000000000000e+00 1.886568406455443580e-09 1.415071512615910798e-01 4.439762613006550089e-11 1.385378430774217295e-01
5.950000000000000000e+03 4.000000000000000000e+00 7.200945253550091448e-09 5.021656941256021911e-01 1.881147346454939481e-10 5.207579548453509233e-01
6.350000000000000000e+03 4.000000000000000000e+00 7.298356250431476905e-09 5.567249533460495448e-01 1.639855253754282922e-10 4.606975672521914644e-01
6.000000000000000000e+03 4.000000000000000000e+00 0.000000000000000000e+00 0.000000000000000000e+00 0.000000000000000000e+00 0.000000000000000000e+00
6.300000000000000000e+03 4.000000000000000000e+00 1.225556863381218696e-24 9.232713408305957568e-17 7.754818242684634452e-26 2.351250867780743702e-16
6.150000000000000000e+03 4.000000000000000000e+00 4.596368024874129699e-25 3.339535752281143709e-17 2.584939414228211484e-26 7.221290496828695446e-17
