6.167800364531372907e+03 4.000000000000000000e+00 6.884481273591894213e-02 1.824880504451105445e-01 1.342086262668252747e-03 1.456607164685445599e-01
6.238039532867920570e+03 4.000000000000000000e+00 2.237508264596310692e-01 5.986926521832857118e-01 4.390588987651817925e-03 5.114070923057764118e-01
6.238355456201502420e+03 4.000000000000000000e+00 2.226710281212681553e-01 5.958305995712089853e-01 4.368966133764320969e-03 5.091332574617160045e-01
6.290889090478591243e+03 4.000000000000000000e+00 3.395849853162512949e-02 9.159057491264813167e-02 6.457615398663546502e-04 8.054011160461013730e-02
6.111778562196668645e+03 4.000000000000000000e+00 4.259463590135199179e-02 1.121960352533812877e-01 8.234857037131396206e-04 8.694898665574386787e-02
6.050888881205036341e+03 4.000000000000000000e+00 1.960313598850572103e-01 5.133881108432447604e-01 3.803470925878145621e-03 4.014692777657070111e-01
6.105516758271967774e+03 4.000000000000000000e+00 1.789372833569878932e-02 4.710258209340693891e-02 3.448246313884971263e-04 3.637168961780359866e-02
6.083524355138455576e+03 4.000000000000000000e+00 6.949185903363232220e-02 1.825320016513035659e-01 1.354781824279792640e-03 1.426476272982534488e-01
6.057088377379489430e+03 4.000000000000000000e+00 1.724658305340364406e-01 4.519162266379989634e-01 3.354305951074862228e-03 3.539557524069450456e-01
6.282545381948360045e+03 4.000000000000000000e+00 6.463128046701138718e-02 1.740925316774305232e-01 1.238978383110773311e-03 1.531205601768818869e-01
5.950000000000000000e+03 4.000000000000000000e+00 2.047200274314045221e-01 5.321309362161008583e-01 4.128119015353838399e-03 4.604411371169866984e-01
6.350000000000000000e+03 4.000000000000000000e+00 1.793485748661680368e-01 4.883709603264897448e-01 3.464632138203361991e-03 4.115121921842954666e-01
6.000000000000000000e+03 4.000000000000000000e+00 0.000000000000000000e+00 0.000000000000000000e+00 0.000000000000000000e+00 0.000000000000000000e+00
6.300000000000000000e+03 4.000000000000000000e+00 0.000000000000000000e+00 0.000000000000000000e+00 0.000000000000000000e+00 0.000000000000000000e+00
6.150000000000000000e+03 4.000000000000000000e+00 0.000000000000000000e+00 0.000000000000000000e+00 0.000000000000000000e+00 0.000000000000000000e+00
