6.167800364531372907e+03 4.000000000000000000e+00 5.456909806566885568e-02 1.446471843674053404e-01 1.199644962194527757e-03 1.302011275741139229e-01
6.238039532867920570e+03 4.000000000000000000e+00 1.277675890354888488e-01 3.418692031357560279e-01 2.811279493372884075e-03 3.274522564986435125e-01
6.238355456201502420e+03 4.000000000000000000e+00 1.275574982508731747e-01 3.413226287401414094e-01 2.806825271048993351e-03 3.270906776619400547e-01
6.290889090478591243e+03 4.000000000000000000e+00 2.918775804579913646e-02 7.872325501483468102e-02 6.260382860536948223e-04 7.808020502112665573e-02
6.111778562196668645e+03 4.000000000000000000e+00 1.227990178684021556e-02 3.234576994566241981e-02 2.696393947718292786e-04 2.847028434393517396e-02
6.050888881205036341e+03 4.000000000000000000e+00 7.015495036910253390e-02 1.837293658392897544e-01 1.677700163594201405e-03 1.770869519214385290e-01
6.105516758271967774e+03 4.000000000000000000e+00 6.180768392115960040e-03 1.626995476449472761e-02 1.305783294300866260e-04 1.377324598222089656e-02
6.083524355138455576e+03 4.000000000000000000e+00 3.981880157665734776e-02 1.045907485598524395e-01 9.449296034049134430e-04 9.949348557377235558e-02
6.057088377379489430e+03 4.000000000000000000e+00 6.888643247954831517e-02 1.805047210587434614e-01 1.648666945261772522e-03 1.739719505585334280e-01
6.282545381948360045e+03 4.000000000000000000e+00 5.269473889033087638e-02 1.419399466204488980e-01 1.141482621737425086e-03 1.410714350267912032e-01
5.950000000000000000e+03 4.000000000000000000e+00 1.944686898497637595e-01 5.054845258319794477e-01 4.646247769528807914e-03 5.182320563850645323e-01
6.350000000000000000e+03 4.000000000000000000e+00 2.045225144190785660e-01 5.569202702043630770e-01 4.247666549975829403e-03 5.045172196996624558e-01
6.000000000000000000e+03 4.000000000000000000e+00 0.000000000000000000e+00 0.000000000000000000e+00 0.000000000000000000e+00 0.000000000000000000e+00
6.300000000000000000e+03 4.000000000000000000e+00 3.456250088358827877e-17 9.335360163139840465e-17 2.602085213965210642e-18 3.297655758477377264e-16
6.150000000000000000e+03 4.000000000000000000e+00 1.223604866310787485e-17 3.236563229918350667e-17 8.673617379884035472e-19 9.308680689468319683e-17
