6.167800364531372907e+03 4.000000000000000000e+00 1.813879159059673951e-02 4.808078609343291454e-02 4.006756820514757039e-04 4.348655413781495060e-02
6.238039532867920570e+03 4.000000000000000000e+00 9.017869959598112661e-02 2.412921806181504425e-01 2.068049835906743319e-03 2.408823409111999769e-01
6.238355456201502420e+03 4.000000000000000000e+00 9.024535936408104031e-02 2.414815570399917455e-01 2.069345552205077016e-03 2.411491894308462891e-01
6.290889090478591243e+03 4.000000000000000000e+00 2.870097955875374265e-02 7.741034886728885567e-02 6.425845499762007293e-04 8.014387382251386693e-02
6.111778562196668645e+03 4.000000000000000000e+00 6.894854063114829942e-03 1.816133119024024301e-02 1.303967942792132184e-04 1.376814324111766755e-02
6.050888881205036341e+03 4.000000000000000000e+00 3.550617228707668438e-02 9.298740122205600978e-02 8.918489195002786418e-04 9.413768333334543437e-02
6.105516758271967774e+03 4.000000000000000000e+00 3.706682122710464392e-03 9.757290135606345657e-03 6.365453849644254342e-05 6.714204573015810674e-03
6.083524355138455576e+03 4.000000000000000000e+00 1.373468030891875601e-02 3.607643720704536983e-02 3.291842813256560737e-04 3.466045663843203561e-02
6.057088377379489430e+03 4.000000000000000000e+00 3.257395809445903789e-02 8.535429993947163396e-02 8.210893042234488400e-04 8.664364154873106794e-02
6.282545381948360045e+03 4.000000000000000000e+00 4.954057277935546705e-02 1.334438011066501895e-01 1.119204110265780826e-03 1.383181197123784512e-01
5.950000000000000000e+03 4.000000000000000000e+00 2.054653014941907885e-01 5.340681349833339420e-01 5.025736519760896914e-03 5.605593805319896150e-01
6.350000000000000000e+03 4.000000000000000000e+00 2.640663097322825670e-01 7.190596154447298494e-01 5.821958090169454710e-03 6.915039291106699348e-01
6.000000000000000000e+03 4.000000000000000000e+00 0.000000000000000000e+00 0.000000000000000000e+00 0.000000000000000000e+00 0.000000000000000000e+00
6.300000000000000000e+03 4.000000000000000000e+00 0.000000000000000000e+00 0.000000000000000000e+00 0.000000000000000000e+00 0.000000000000000000e+00
6.150000000000000000e+03 4.000000000000000000e+00 4.381952208357953422e-17 1.159072326640176662e-16 1.734723475976807094e-18 1.861736137893663937e-16
