6.167800364531372907e+03 4.000000000000000000e+00 2.498525527954391647e-09 1.822818633642387387e-01 5.276933473796771569e-11 1.500225050938747140e-01
6.238039532867920570e+03 4.000000000000000000e+00 7.997552352747265627e-09 5.933296220248029940e-01 1.698464246589811291e-10 5.226528367758445093e-01
6.238355456201502420e+03 4.000000000000000000e+00 7.958774009862679009e-09 5.904982096604424191e-01 1.690166967006035037e-10 5.202847131647883039e-01
6.290889090478591243e+03 4.000000000000000000e+00 1.209446134929840240e-09 9.090650043821728310e-02 2.501950903902350123e-11 7.695487947563715847e-02
6.111778562196668645e+03 4.000000000000000000e+00 1.556997710207588868e-09 1.121522138083368703e-01 3.287165043020101829e-11 8.949245096732985627e-02
6.050888881205036341e+03 4.000000000000000000e+00 7.195746707505701092e-09 5.115816462164405332e-01 1.530720134342888595e-10 4.110527201761413618e-01
6.105516758271967774e+03 4.000000000000000000e+00 6.544185126894785838e-10 4.707315809473749946e-02 1.374453584382339909e-11 3.728194142452702364e-02
6.083524355138455576e+03 4.000000000000000000e+00 2.545157470561812829e-09 1.822002597757330644e-01 5.407465694888314662e-11 1.456653285031448142e-01
6.057088377379489430e+03 4.000000000000000000e+00 6.328042255114362489e-09 4.504722416510541505e-01 1.343980937356120550e-10 3.609193372734945116e-01
6.282545381948360045e+03 4.000000000000000000e+00 2.302918631502725414e-09 1.727366227570126533e-01 4.808918045156143501e-11 1.500569268186322525e-01
5.950000000000000000e+03 4.000000000000000000e+00 7.615512310086832511e-09 5.310759755368859025e-01 1.686008042974774291e-10 4.667375482133118703e-01
6.350000000000000000e+03 4.000000000000000000e+00 6.363252524180885538e-09 4.853944289776617738e-01 1.330213611477193876e-10 3.737074801756383180e-01
6.000000000000000000e+03 4.000000000000000000e+00 0.000000000000000000e+00 0.000000000000000000e+00 0.000000000000000000e+00 0.000000000000000000e+00
6.300000000000000000e+03 4.000000000000000000e+00 0.000000000000000000e+00 0.000000000000000000e+00 0.000000000000000000e+00 0.000000000000000000e+00
6.150000000000000000e+03 4.000000000000000000e+00 0.000000000000000000e+00 0.000000000000000000e+00 0.000000000000000000e+00 0.000000000000000000e+00
