6.167800364531372907e+03 3.000000000000000000e+00 5.456909806566885568e-02 1.446471843674053404e-01 1.199644962194527757e-03 1.302011275741139229e-01
6.238039532867920570e+03 3.000000000000000000e+00 1.277675890354888488e-01 3.418692031357560279e-01 2.811279493372884075e-03 3.274522564986435125e-01
6.238355456201502420e+03 3.000000000000000000e+00 1.275574982508731747e-01 3.413226287401414094e-01 2.806825271048993351e-03 3.270906776619400547e-01
6.290889090478591243e+03 3.000000000000000000e+00 2.918775804579913646e-02 7.872325501483468102e-02 6.260382860536948223e-04 7.808020502112665573e-02
6.111778562196668645e+03 3.000000000000000000e+00 1.053251984261506513e-01 2.774309352721734401e-01 2.441123463372241956e-03 2.577497222899142182e-01
6.050888881205036341e+03 3.000000000000000000e+00 1.266541524823190656e-01 3.316955823368060163e-01 2.974725130198825791e-03 3.139923435320305933e-01
6.105516758271967774e+03 3.000000000000000000e+00 1.162294526738127942e-01 3.059567706366558282e-01 2.701528371679825721e-03 2.849539809055147699e-01
6.083524355138455576e+03 3.000000000000000000e+00 1.390486061364586134e-01 3.652344426795063881e-01 3.250698478451524709e-03 3.422723989227267616e-01
6.057088377379489430e+03 3.000000000000000000e+00 1.333029205546872042e-01 3.492967428409558539e-01 3.124999821379557518e-03 3.297587277909234671e-01
6.282545381948360045e+03 3.000000000000000000e+00 5.269473889033087638e-02 1.419399466204488980e-01 1.141482621737425086e-03 1.410714350267912032e-01
5.950000000000000000e+03 3.000000000000000000e+00 2.271008343701027554e-01 5.903056048061186001e-01 5.235793343515747836e-03 5.839886475732587456e-01
6.350000000000000000e+03 3.000000000000000000e+00 2.045225144190785660e-01 5.569202702043630770e-01 4.247666549975829403e-03 5.045172196996624558e-01
6.000000000000000000e+03 3.000000000000000000e+00 0.000000000000000000e+00 0.000000000000000000e+00 0.000000000000000000e+00 0.000000000000000000e+00
6.300000000000000000e+03 3.000000000000000000e+00 3.456250088358827877e-17 9.335360163139840465e-17 2.602085213965210642e-18 3.297655758477377264e-16
6.150000000000000000e+03 3.000000000000000000e+00 3.592629638162919538e-17 9.502882266765680833e-17 2.602085213965210642e-18 2.792604206840495905e-16
