6.167800364531372907e+03 3.000000000000000000e+00 1.556690162800295905e-09 1.135695354645172989e-01 3.863114044060336150e-11 1.098278098882815024e-01
6.238039532867920570e+03 3.000000000000000000e+00 4.758756502464124656e-09 3.530469164037668417e-01 1.160735043688454958e-10 3.571823572659619250e-01
6.238355456201502420e+03 3.000000000000000000e+00 4.755687133338332600e-09 3.528463975056304047e-01 1.159916168924870718e-10 3.570574168262760084e-01
6.290889090478591243e+03 3.000000000000000000e+00 1.259718552040102657e-09 9.468516356018377711e-02 2.978931635163840816e-11 9.162582870536749302e-02
6.111778562196668645e+03 3.000000000000000000e+00 3.172165786760769695e-09 2.284945014497497817e-01 7.835569157076776899e-11 2.133218987832024849e-01
6.050888881205036341e+03 3.000000000000000000e+00 4.745476151802833578e-09 3.373796494654101585e-01 1.162581725696853874e-10 3.121944828797270644e-01
6.105516758271967774e+03 3.000000000000000000e+00 3.592310966685312290e-09 2.583995085427474581e-01 8.859964006084000839e-11 2.403258013595862275e-01
6.083524355138455576e+03 3.000000000000000000e+00 4.674586979141696587e-09 3.346397901878626624e-01 1.152612775324199502e-10 3.104887354407685485e-01
6.057088377379489430e+03 3.000000000000000000e+00 4.899012703592536859e-09 3.487443897329725040e-01 1.200266356663542391e-10 3.223255077195271157e-01
6.282545381948360045e+03 3.000000000000000000e+00 2.230356558588672420e-09 1.672939087835524918e-01 5.329998129766254106e-11 1.663166499806324750e-01
5.950000000000000000e+03 3.000000000000000000e+00 1.103388221639033427e-08 7.694596927204991887e-01 2.594805624163833009e-10 7.183199511762115019e-01
6.350000000000000000e+03 3.000000000000000000e+00 1.022757781881854430e-08 7.801685185877601514e-01 2.356256945283432637e-10 6.619619872107399550e-01
6.000000000000000000e+03 3.000000000000000000e+00 0.000000000000000000e+00 0.000000000000000000e+00 0.000000000000000000e+00 0.000000000000000000e+00
6.300000000000000000e+03 3.000000000000000000e+00 0.000000000000000000e+00 0.000000000000000000e+00 0.000000000000000000e+00 0.000000000000000000e+00
6.150000000000000000e+03 3.000000000000000000e+00 1.057024986134058614e-24 7.679917519976735029e-17 5.169878828456422968e-26 1.444258099365739089e-16
