6.167800364531372907e+03 3.000000000000000000e+00 2.498525527954391647e-09 1.822818633642387387e-01 5.276933473796771569e-11 1.500225050938747140e-01
6.238039532867920570e+03 3.000000000000000000e+00 7.997552352747265627e-09 5.933296220248029940e-01 1.698464246589811291e-10 5.226528367758445093e-01
6.238355456201502420e+03 3.000000000000000000e+00 7.958774009862679009e-09 5.904982096604424191e-01 1.690166967006035037e-10 5.202847131647883039e-01
6.290889090478591243e+03 3.000000000000000000e+00 1.209446134929840240e-09 9.090650043821728310e-02 2.501950903902350123e-11 7.695487947563715847e-02
6.111778562196668645e+03 3.000000000000000000e+00 5.376614778361173123e-09 3.872833249751088669e-01 1.140282393441398382e-10 3.104397401665232592e-01
6.050888881205036341e+03 3.000000000000000000e+00 7.509687255183880823e-09 5.339012509390149708e-01 1.626550939368032546e-10 4.367866947927128707e-01
6.105516758271967774e+03 3.000000000000000000e+00 6.238914580900102424e-09 4.487730813104718885e-01 1.327064243431064048e-10 3.599650941462297915e-01
6.083524355138455576e+03 3.000000000000000000e+00 9.182306512107235032e-09 6.573340357903453279e-01 1.976881628847727299e-10 5.325287817362358567e-01
6.057088377379489430e+03 3.000000000000000000e+00 8.360180792368285898e-09 5.951334125657109508e-01 1.801881602976084929e-10 4.838862634992185940e-01
6.282545381948360045e+03 3.000000000000000000e+00 2.302918631502725414e-09 1.727366227570126533e-01 4.808918045156143501e-11 1.500569268186322525e-01
5.950000000000000000e+03 3.000000000000000000e+00 7.615512310086832511e-09 5.310759755368859025e-01 1.686008042974774291e-10 4.667375482133118703e-01
6.350000000000000000e+03 3.000000000000000000e+00 6.363252524180885538e-09 4.853944289776617738e-01 1.330213611477193876e-10 3.737074801756383180e-01
6.000000000000000000e+03 3.000000000000000000e+00 0.000000000000000000e+00 0.000000000000000000e+00 0.000000000000000000e+00 0.000000000000000000e+00
6.300000000000000000e+03 3.000000000000000000e+00 0.000000000000000000e+00 0.000000000000000000e+00 0.000000000000000000e+00 0.000000000000000000e+00
6.150000000000000000e+03 3.000000000000000000e+00 0.000000000000000000e+00 0.000000000000000000e+00 0.000000000000000000e+00 0.000000000000000000e+00
