6.167800364531372907e+03 4.000000000000000000e+00 6.560869205676482351e-10 4.786532899981611744e-02 1.570861660027788040e-11 4.465938457695390468e-02
6.238039532867920570e+03 4.000000000000000000e+00 3.250230981270368761e-09 2.411310654250361230e-01 8.100830275782798256e-11 2.492794259507331578e-01
6.238355456201502420e+03 4.000000000000000000e+00 3.252591077235452468e-09 2.413247574921659755e-01 8.106363111714538112e-11 2.495384709748004193e-01
6.290889090478591243e+03 4.000000000000000000e+00 1.032233235387271796e-09 7.758651531059621020e-02 2.512447978973887042e-11 7.727774798025764669e-02
6.111778562196668645e+03 4.000000000000000000e+00 2.514687452860970662e-10 1.811356323939640814e-02 5.222692818317875320e-12 1.421868311581092788e-02
6.050888881205036341e+03 4.000000000000000000e+00 1.302316050090884907e-09 9.258816574305599179e-02 3.572453149571488364e-11 9.593305476860215786e-02
6.105516758271967774e+03 4.000000000000000000e+00 1.356522714422846755e-10 9.757640860845982755e-03 2.545397037939006264e-12 6.904368714149932904e-03
6.083524355138455576e+03 4.000000000000000000e+00 5.028796242560108120e-10 3.599965787387730126e-02 1.329774948028870451e-11 3.582123596696778350e-02
6.057088377379489430e+03 4.000000000000000000e+00 1.194404138367554478e-09 8.502565058140629239e-02 3.281211344268135595e-11 8.811528429541488905e-02
6.282545381948360045e+03 4.000000000000000000e+00 1.782306319895458811e-09 1.336866922720265638e-01 4.377429231999282029e-11 1.365927994097328735e-01
5.950000000000000000e+03 4.000000000000000000e+00 7.566724213269302789e-09 5.276736849151979492e-01 2.023949239578231567e-10 5.602897979787837546e-01
6.350000000000000000e+03 4.000000000000000000e+00 9.480377483234510530e-09 7.231714280519863092e-01 2.267206506937652659e-10 6.369443399429590702e-01
6.000000000000000000e+03 4.000000000000000000e+00 0.000000000000000000e+00 0.000000000000000000e+00 0.000000000000000000e+00 0.000000000000000000e+00
6.300000000000000000e+03 4.000000000000000000e+00 0.000000000000000000e+00 0.000000000000000000e+00 0.000000000000000000e+00 0.000000000000000000e+00
6.150000000000000000e+03 4.000000000000000000e+00 1.576655326403464083e-24 1.145534213765020138e-16 1.033975765691284594e-25 2.888516198731478178e-16
