6.167800364531372907e+03 3.000000000000000000e+00 1.966524770741846488e-09 1.434693364354929224e-01 4.691556892861694898e-11 1.333803280546441983e-01
6.238039532867920570e+03 3.000000000000000000e+00 4.585604389063543326e-09 3.402009513552890496e-01 1.094589767117170229e-10 3.368280775048679287e-01
6.238355456201502420e+03 3.000000000000000000e+00 4.577983125916683735e-09 3.396617162843853510e-01 1.092659729861949207e-10 3.363538426886729105e-01
6.290889090478591243e+03 3.000000000000000000e+00 1.044575804722691786e-09 7.851422904028965144e-02 2.426015064400968417e-11 7.461924876138305296e-02
6.111778562196668645e+03 3.000000000000000000e+00 3.858843387702056575e-09 2.779566250054069099e-01 9.741641933247068639e-11 2.652143721543787636e-01
6.050888881205036341e+03 3.000000000000000000e+00 4.656467917183835055e-09 3.310516086040343753e-01 1.193726014218328439e-10 3.205578304489404839e-01
6.105516758271967774e+03 3.000000000000000000e+00 4.259882090669292080e-09 3.064187507393545951e-01 1.076502214026974518e-10 2.920003479401817037e-01
6.083524355138455576e+03 3.000000000000000000e+00 5.102563724415504000e-09 3.652773735471539496e-01 1.301990515370616451e-10 3.507278396767652406e-01
6.057088377379489430e+03 3.000000000000000000e+00 4.899157150173751963e-09 3.487546724037600132e-01 1.256083483580445038e-10 3.373149170894168547e-01
6.282545381948360045e+03 3.000000000000000000e+00 1.886568406455443580e-09 1.415071512615910798e-01 4.439762613006550089e-11 1.385378430774217295e-01
5.950000000000000000e+03 3.000000000000000000e+00 8.395864291004256283e-09 5.854946636898745727e-01 2.119252929119211901e-10 5.866727150576113159e-01
6.350000000000000000e+03 3.000000000000000000e+00 7.298356250431476905e-09 5.567249533460495448e-01 1.639855253754282922e-10 4.606975672521914644e-01
6.000000000000000000e+03 3.000000000000000000e+00 0.000000000000000000e+00 0.000000000000000000e+00 0.000000000000000000e+00 0.000000000000000000e+00
6.300000000000000000e+03 3.000000000000000000e+00 1.225556863381218696e-24 9.232713408305957568e-17 7.754818242684634452e-26 2.351250867780743702e-16
6.150000000000000000e+03 3.000000000000000000e+00 1.335104283378124493e-24 9.700329615113970149e-17 1.033975765691284594e-25 2.888516198731478178e-16
