6.167800364531372907e+03 3.000000000000000000e+00 4.291179482778442744e-02 1.137469835129246709e-01 9.798805397769878942e-04 1.063494243609446471e-01
6.238039532867920570e+03 3.000000000000000000e+00 1.316577530929509687e-01 3.522781597141143584e-01 2.953040676643320459e-03 3.439643178056923101e-01
6.238355456201502420e+03 3.000000000000000000e+00 1.315748318271567630e-01 3.520723445591701917e-01 2.950859193215633284e-03 3.438755319575500513e-01
6.290889090478591243e+03 3.000000000000000000e+00 3.493776158930871761e-02 9.423177727206426268e-02 7.639060880756018933e-04 9.527523364395967809e-02
6.111778562196668645e+03 3.000000000000000000e+00 8.717936507917613265e-02 2.296340586275602003e-01 1.976572130341549844e-03 2.086993654051949865e-01
6.050888881205036341e+03 3.000000000000000000e+00 1.299932611995710252e-01 3.404404011109824491e-01 2.919180858435063870e-03 3.081294569467016853e-01
6.105516758271967774e+03 3.000000000000000000e+00 9.869161677356182161e-02 2.597910225189642430e-01 2.236561284630017230e-03 2.359098087865677817e-01
6.083524355138455576e+03 3.000000000000000000e+00 1.282735759727700875e-01 3.369320220653253539e-01 2.895104468272000509e-03 3.048312102940370361e-01
6.057088377379489430e+03 3.000000000000000000e+00 1.342427463470481086e-01 3.517593902214001811e-01 3.022501653320783244e-03 3.189428342127150207e-01
6.282545381948360045e+03 3.000000000000000000e+00 6.183418688041063260e-02 1.665582061881099585e-01 1.360909887449088165e-03 1.681896045621570079e-01
5.950000000000000000e+03 3.000000000000000000e+00 3.008646169691306937e-01 7.820405864088042502e-01 6.494118843588287879e-03 7.243394518891657086e-01
6.350000000000000000e+03 3.000000000000000000e+00 2.842118835706599622e-01 7.739165511584269463e-01 6.044674988987518496e-03 7.179571615501277870e-01
6.000000000000000000e+03 3.000000000000000000e+00 0.000000000000000000e+00 0.000000000000000000e+00 0.000000000000000000e+00 0.000000000000000000e+00
6.300000000000000000e+03 3.000000000000000000e+00 0.000000000000000000e+00 0.000000000000000000e+00 0.000000000000000000e+00 0.000000000000000000e+00
6.150000000000000000e+03 3.000000000000000000e+00 2.915500831970373448e-17 7.711805542259863088e-17 1.734723475976807094e-18 1.861736137893663937e-16
