6.111866909687581938e+03 2.600000000000000000e+01 4.518794999260833190e-08 3.255000342184862561e+00 1.603086170805819906e-09 4.364639800393436353e+00
6.111866909687581938e+03 1.040000000000000000e+02 4.380854836664921793e-09 3.155638614882745330e-01 5.254528096958820707e-10 1.430623186821192716e+00
6.111866909687581938e+03 2.040000000000000000e+02 8.355204252473470174e-10 6.018461272368897524e-02 1.326230268992565868e-10 3.610858556419174747e-01
6.111866909687581938e+03 1.050000000000000000e+03 3.605149130254503474e-10 2.596878516180839078e-02 7.446710802967881406e-11 2.027477433500381454e-01
6.111866909687581938e+03 1.819000000000000000e+03 1.922523080520653208e-08 1.384841154771714766e+00 2.847895672979018602e-09 7.753818246341862341e+00
6.111866909687581938e+03 2.133000000000000000e+03 1.674491860853706835e-10 1.206178103002271580e-02 7.882281204594109120e-12 2.146067933838586086e-02
6.111866909687581938e+03 2.255000000000000000e+03 1.874463716927608050e-10 1.350222800771115617e-02 4.864655879813890701e-12 1.324474694805755429e-02
6.111866909687581938e+03 2.340000000000000000e+03 1.754052910951065069e-10 1.263487904693618401e-02 5.234038396253752387e-12 1.425044561989656858e-02
6.158693021911947653e+03 2.600000000000000000e+01 4.256546941048299066e-08 3.098839141180421919e+00 1.473845220365310916e-09 4.144486199909496627e+00
6.158693021911947653e+03 1.040000000000000000e+02 4.655306636503291294e-09 3.389143035232343171e-01 1.893636716070235264e-09 5.324949410528851956e+00
6.158693021911947653e+03 2.040000000000000000e+02 8.396459305284608324e-10 6.112766311026869570e-02 1.510224190392275603e-10 4.246784689031919968e-01
6.158693021911947653e+03 1.050000000000000000e+03 5.183105178334608256e-10 3.773389421501968655e-02 8.922844674113885522e-11 2.509124167504837577e-01
6.158693021911947653e+03 1.819000000000000000e+03 9.307685847067692025e-08 6.776154854197608657e+00 1.385921183019506350e-08 3.897241811974586057e+01
6.158693021911947653e+03 2.133000000000000000e+03 2.686811297905846644e-10 1.956044683690458599e-02 3.263219707983470000e-11 9.176247858413522085e-02
6.158693021911947653e+03 2.255000000000000000e+03 2.373114228179059914e-10 1.727667839359554869e-02 2.117647524985833637e-11 5.954872887806297865e-02
6.158693021911947653e+03 2.340000000000000000e+03 2.347093927826506571e-10 1.708724614648422097e-02 1.464568248154568261e-11 4.118399143566608273e-02
6.158903637467667977e+03 2.600000000000000000e+01 4.253033262607180098e-08 3.096431970265031364e+00 1.484403281767107901e-09 4.175040151523512932e+00
6.158903637467667977e+03 1.040000000000000000e+02 4.646841155727256294e-09 3.383144834968140890e-01 1.886329413428936296e-09 5.305499615098004718e+00
6.158903637467667977e+03 2.040000000000000000e+02 8.428482925668193745e-10 6.136378998332426421e-02 1.488506856985651778e-10 4.186581887864746498e-01
6.158903637467667977e+03 1.050000000000000000e+03 5.188682141657387191e-10 3.777633579362648514e-02 8.716671784796660745e-11 2.451655499296308827e-01
6.158903637467667977e+03 1.819000000000000000e+03 9.333794413129716806e-08 6.795493390281860613e+00 1.389920008699446605e-08 3.909296021508355068e+01
6.158903637467667977e+03 2.133000000000000000e+03 2.687851441933035253e-10 1.956897259492024199e-02 3.265063129780884150e-11 9.183333014372131731e-02
6.158903637467667977e+03 2.255000000000000000e+03 2.367289897236015967e-10 1.723511589983078504e-02 2.016199000238290681e-11 5.670771469486084876e-02
6.158903637467667977e+03 2.340000000000000000e+03 2.343147797510495868e-10 1.705934871249963763e-02 1.405052537118487142e-11 3.951857847205986901e-02
6.193926060319060525e+03 2.600000000000000000e+01 3.609437577786728336e-08 2.649518949947532676e+00 1.098233515808246950e-09 3.199199232740438159e+00
6.193926060319060525e+03 1.040000000000000000e+02 4.150437628807608373e-09 3.046641730494784595e-01 1.724658659462965338e-09 5.024001344588757689e+00
6.193926060319060525e+03 2.040000000000000000e+02 9.836750728387217544e-10 7.220697656933436348e-02 4.639336609003715569e-10 1.351457764337687051e+00
6.193926060319060525e+03 1.050000000000000000e+03 5.315397326090148612e-10 3.901784042103313699e-02 8.422061667360014782e-11 2.453381073922282773e-01
6.193926060319060525e+03 1.819000000000000000e+03 1.286590166441091244e-07 9.444255381449460529e+00 1.925953677220814721e-08 5.610381979577341127e+01
6.193926060319060525e+03 2.133000000000000000e+03 8.466547366918552979e-11 6.214895591305487008e-03 1.160662706195900945e-11 3.381058022436728150e-02
6.193926060319060525e+03 2.255000000000000000e+03 6.840519646765360841e-11 5.021304854565940452e-03 3.002292646779393327e-12 8.745801501942077408e-03
6.193926060319060525e+03 2.340000000000000000e+03 6.694644408122962843e-11 4.914224679114297806e-03 1.984682665428806940e-12 5.781461928704878517e-03
6.074519041464445763e+03 2.600000000000000000e+01 3.748603184081531076e-08 2.678337038059541264e+00 1.407389725149454323e-09 3.787120244126412683e+00
6.074519041464445763e+03 1.040000000000000000e+02 3.483039653599853931e-09 2.488594724798074420e-01 8.969610803019942586e-10 2.413616786241958856e+00
6.074519041464445763e+03 2.040000000000000000e+02 8.303195425963942125e-10 5.932544671050492963e-02 2.993278388327869271e-10 8.054560139366349070e-01
6.074519041464445763e+03 1.050000000000000000e+03 2.217397648374277887e-08 1.584306995994320566e+00 1.096927027121617664e-08 2.951701633533338764e+01
6.074519041464445763e+03 1.819000000000000000e+03 6.361915248095040711e-08 4.545520666024729373e+00 9.378805095340772736e-09 2.523726158261470331e+01
6.074519041464445763e+03 2.133000000000000000e+03 1.804913975544473389e-10 1.289591806286774674e-02 2.416244358903558107e-11 6.501829424247206057e-02
6.074519041464445763e+03 2.255000000000000000e+03 1.561222609304348660e-10 1.115476921353661041e-02 1.445530164675123659e-11 3.889751681649663423e-02
6.074519041464445763e+03 2.340000000000000000e+03 1.505193496817363273e-10 1.075444717406135071e-02 1.287819123726495791e-11 3.465369816963695393e-02
6.033925920803357258e+03 2.600000000000000000e+01 2.530474604406298715e-08 1.792809289032682107e+00 1.716347156142582322e-09 4.620209139511588070e+00
6.033925920803357258e+03 1.040000000000000000e+02 3.782896354723878666e-09 2.680134276940526750e-01 3.810900233515880977e-10 1.025850511980819668e+00
6.033925920803357258e+03 2.040000000000000000e+02 8.940929038722793143e-10 6.334535270692864817e-02 2.583443763507313547e-10 6.954333477847496336e-01
6.033925920803357258e+03 1.050000000000000000e+03 1.728099902174985451e-05 1.224336949124480043e+03 8.489370187451193215e-06 2.285240814388068611e+04
6.033925920803357258e+03 1.819000000000000000e+03 1.785161700851134338e-07 1.264764512608964964e+01 2.618353181067099821e-08 7.048305614828944954e+01
6.033925920803357258e+03 2.133000000000000000e+03 2.473360824899360742e-10 1.752344897786271491e-02 2.687053550180372120e-11 7.233239106942700170e-02
6.033925920803357258e+03 2.255000000000000000e+03 2.209802393973366577e-10 1.565617079082134988e-02 2.007024172351530582e-11 5.402678235071982360e-02
6.033925920803357258e+03 2.340000000000000000e+03 2.172325711103385785e-10 1.539065322722107075e-02 1.054112101185021449e-11 2.837548538205062268e-02
6.070344505514644879e+03 2.600000000000000000e+01 3.614745517270260853e-08 2.580404745294945013e+00 1.243496183537447029e-09 3.348308826893339418e+00
6.070344505514644879e+03 1.040000000000000000e+02 3.262665452897812273e-09 2.329070574053896669e-01 3.909613710373832480e-10 1.052724911382384443e+00
6.070344505514644879e+03 2.040000000000000000e+02 9.232031244443061031e-10 6.590333155696659340e-02 2.840496940979415015e-10 7.648484254442017294e-01
6.070344505514644879e+03 1.050000000000000000e+03 5.630071400446697765e-08 4.019055529262538506e+00 2.784786671144945798e-08 7.498475600853136314e+01
6.070344505514644879e+03 1.819000000000000000e+03 7.424638957071295609e-08 5.300116842359741121e+00 1.094286431366924122e-08 2.946538128385936517e+01
6.070344505514644879e+03 2.133000000000000000e+03 1.958352572225053434e-10 1.397980091872749742e-02 2.091707148532313397e-11 5.632250103721955781e-02
6.070344505514644879e+03 2.255000000000000000e+03 1.657436853326322678e-10 1.183169852736883770e-02 1.373408189431028487e-11 3.698117311882388042e-02
6.070344505514644879e+03 2.340000000000000000e+03 1.644824155222872818e-10 1.174166213094308790e-02 1.260639370974894358e-11 3.394469552256083184e-02
6.055682903425637051e+03 2.600000000000000000e+01 3.134294665852512375e-08 2.230546251857224771e+00 2.125362927316259459e-09 5.706301133112963164e+00
6.055682903425637051e+03 1.040000000000000000e+02 3.390090750659727468e-09 2.412585612872853724e-01 1.073716636813075567e-09 2.882778457524580507e+00
6.055682903425637051e+03 2.040000000000000000e+02 8.748441599221792334e-10 6.225899508216256595e-02 2.152103139041703113e-10 5.778094848203898515e-01
6.055682903425637051e+03 1.050000000000000000e+03 8.262652016105839204e-07 5.880183406403651247e+01 4.081628324548138376e-07 1.095859913333721579e+03
6.055682903425637051e+03 1.819000000000000000e+03 1.137472734724324844e-07 8.094917088272643113e+00 1.672243580365866525e-08 4.489739288683235685e+01
6.055682903425637051e+03 2.133000000000000000e+03 2.214299481793324988e-10 1.575824208047167316e-02 1.738157049967828582e-11 4.666707702615260217e-02
6.055682903425637051e+03 2.255000000000000000e+03 2.084862459178265724e-10 1.483709299774160252e-02 8.780949616458223454e-12 2.357561718152026073e-02
6.055682903425637051e+03 2.340000000000000000e+03 2.079519998792517746e-10 1.479907294455721362e-02 1.093470517175080144e-11 2.935814853541622235e-02
6.038058918252992953e+03 2.600000000000000000e+01 2.609933136500447386e-08 1.850654604166439565e+00 1.144339347881651869e-09 3.083793213878411876e+00
6.038058918252992953e+03 1.040000000000000000e+02 3.987933950331892488e-09 2.827769119092951589e-01 1.505399847605652869e-09 4.056787737670295435e+00
6.038058918252992953e+03 2.040000000000000000e+02 9.021372218322885731e-10 6.396885727932744015e-02 2.766169900603637163e-10 7.454341217670359399e-01
6.038058918252992953e+03 1.050000000000000000e+03 1.028500918395509715e-05 7.292906984468777409e+02 5.058272939015291179e-06 1.363115564640479897e+04
6.038058918252992953e+03 1.819000000000000000e+03 1.656582406770374422e-07 1.174651494092093706e+01 2.431592520885919052e-08 6.552714043003439315e+01
6.038058918252992953e+03 2.133000000000000000e+03 2.444096131415717958e-10 1.733062696270765840e-02 2.562932273890586782e-11 6.906651570169680676e-02
6.038058918252992953e+03 2.255000000000000000e+03 2.235094588712739884e-10 1.584863624857087497e-02 1.683882010102717818e-11 4.537765764446768241e-02
6.038058918252992953e+03 2.340000000000000000e+03 2.199583792790052388e-10 1.559683585930858422e-02 1.338028413903262792e-11 3.605751170236008024e-02
6.188363587965573061e+03 2.600000000000000000e+01 3.702778278605761536e-08 2.714458190496929824e+00 1.132027312325273233e-09 3.283467562697714559e+00
6.188363587965573061e+03 1.040000000000000000e+02 3.596218446300269003e-09 2.636340575069916481e-01 4.072142249061208275e-10 1.181132896698298573e+00
6.188363587965573061e+03 2.040000000000000000e+02 9.588969477212939402e-10 7.029547755056668457e-02 2.902061405988142886e-10 8.417486387272790083e-01
6.188363587965573061e+03 1.050000000000000000e+03 5.294498239483086238e-10 3.881327216856186174e-02 1.072022379806991248e-10 3.109422071585896119e-01
6.188363587965573061e+03 1.819000000000000000e+03 1.240833816186158413e-07 9.096389959002172176e+00 1.856665826811752968e-08 5.385295876460293840e+01
6.188363587965573061e+03 2.133000000000000000e+03 1.316691798581523683e-10 9.652494878428256528e-03 2.059793881133701869e-11 5.974472807244782940e-02
6.188363587965573061e+03 2.255000000000000000e+03 1.155728304027596428e-10 8.472492611785824995e-03 4.807646765748686996e-12 1.394467433459640852e-02
6.188363587965573061e+03 2.340000000000000000e+03 1.167950624090917678e-10 8.562092837093535427e-03 3.341399638223629224e-12 9.691795601274930463e-03
5.550000000000000000e+03 2.600000000000000000e+01 6.087381347250674465e-08 3.935818677871784743e+00 3.836189825300468509e-09 8.182355892729066937e+00
5.550000000000000000e+03 1.040000000000000000e+02 1.783736898475837137e-08 1.153281616667737541e+00 1.832174539803531630e-09 3.907915099351317867e+00
5.550000000000000000e+03 2.040000000000000000e+02 1.031634392684499035e-08 6.670069903368853748e-01 3.290799598689302258e-10 7.019072234262248022e-01
5.550000000000000000e+03 1.050000000000000000e+03 5.141833206325987726e+07 3.324471068516061000e+15 2.241258133523123711e+07 4.780465131055788000e+16
5.550000000000000000e+03 1.819000000000000000e+03 2.870303007186161611e-06 1.855804908942834572e+02 3.892152016606262438e-07 8.301719789369695945e+02
5.550000000000000000e+03 2.133000000000000000e+03 9.526038595079030867e-09 6.159095100157131464e-01 1.889409011953744697e-10 4.029992692429979484e-01
5.550000000000000000e+03 2.255000000000000000e+03 9.880195705470032208e-09 6.388076675396794357e-01 1.822141058715358672e-10 3.886514304071337911e-01
5.550000000000000000e+03 2.340000000000000000e+03 9.977529657066709716e-09 6.451008297851873463e-01 1.945818984085058972e-10 4.150311677906979857e-01
6.250000000000000000e+03 2.600000000000000000e+01 3.530963436737562520e-08 2.627262471840708713e+00 1.716225910283058058e-09 5.377577053993798373e+00
6.250000000000000000e+03 1.040000000000000000e+02 6.609516875870889227e-09 4.917902990527078799e-01 1.497872248142733038e-09 4.693393441483448392e+00
6.250000000000000000e+03 2.040000000000000000e+02 1.817765638681547346e-09 1.352533814261793477e-01 1.863316060439781955e-10 5.838465455463534015e-01
6.250000000000000000e+03 1.050000000000000000e+03 1.504965488828200842e-09 1.119790510735785422e-01 1.022705507593818460e-10 3.204518494725752120e-01
6.250000000000000000e+03 1.819000000000000000e+03 1.558490514599745794e-07 1.159616550861484718e+01 2.345852716155406125e-08 7.350433100247123264e+01
6.250000000000000000e+03 2.133000000000000000e+03 8.264626989052383399e-10 6.149410697993878266e-02 4.070195375152685020e-11 1.275344296082955298e-01
6.250000000000000000e+03 2.255000000000000000e+03 8.069880336658003297e-10 6.004506741745296861e-02 2.748139020007079463e-11 8.610946406663722019e-02
6.250000000000000000e+03 2.340000000000000000e+03 7.902690540891780172e-10 5.880106848072889220e-02 1.703236308038218606e-11 5.336875776525708964e-02
6.000000000000000000e+03 2.600000000000000000e+01 2.785229252719701607e-08 1.960162504017713525e+00 7.691868218381652113e-10 2.095136844060463410e+00
6.000000000000000000e+03 1.040000000000000000e+02 5.641875329866318971e-09 3.970586070481529894e-01 1.711633978796665580e-09 4.662205995615987142e+00
6.000000000000000000e+03 2.040000000000000000e+02 9.154229170914177018e-10 6.442477493186428428e-02 2.828700203056094382e-10 7.704908414916993298e-01
6.000000000000000000e+03 1.050000000000000000e+03 6.231342069930205030e-04 4.385435440640384331e+04 3.031228705233945963e-04 8.256562336744678905e+05
6.000000000000000000e+03 1.819000000000000000e+03 2.933349400894745452e-07 2.064405111788244440e+01 4.280189866645922991e-08 1.165852460622481885e+02
6.000000000000000000e+03 2.133000000000000000e+03 4.388674982798471007e-11 3.088620491545541937e-03 1.080984200859949754e-11 2.944420994702697664e-02
6.000000000000000000e+03 2.255000000000000000e+03 1.003616435556042683e-11 7.063157560448199597e-04 1.239740974980231155e-12 3.376848016669498683e-03
6.000000000000000000e+03 2.340000000000000000e+03 2.787624505029935826e-12 1.961848212209094350e-04 9.315985462558458785e-13 2.537519342140325419e-03
6.200000000000000000e+03 2.600000000000000000e+01 3.528199822853298044e-08 2.593628878139373484e+00 1.775583850525748729e-09 5.202132215569668539e+00
6.200000000000000000e+03 1.040000000000000000e+02 4.165025829214497579e-09 3.061768553718415276e-01 1.595688135093378933e-09 4.675071048384247696e+00
6.200000000000000000e+03 2.040000000000000000e+02 8.853914583166871124e-10 6.508636046840979295e-02 2.385176592206338782e-10 6.988126179715632436e-01
6.200000000000000000e+03 1.050000000000000000e+03 5.501282150483444172e-10 4.044069204886360791e-02 8.630250064213158279e-11 2.528503617228321509e-01
6.200000000000000000e+03 1.819000000000000000e+03 1.332360830261980402e-07 9.794370214197785529e+00 1.996306414576404573e-08 5.848808496620021202e+01
6.200000000000000000e+03 2.133000000000000000e+03 3.848267142805263822e-11 2.828914827251165220e-03 7.396837699789888146e-12 2.167136611431982191e-02
6.200000000000000000e+03 2.255000000000000000e+03 1.280372279707491396e-11 9.412195131093548930e-04 2.572440714568626746e-12 7.536775416119075727e-03
6.200000000000000000e+03 2.340000000000000000e+03 3.278469015876964951e-12 2.410048280311709583e-04 5.261857059458478979e-13 1.541626778967749396e-03
