6.111866909687581938e+03 2.600000000000000000e+01 7.850062779231452570e-01 2.067757952099810392e+00 2.280577035645880296e-02 2.407954570738926936e+00
6.111866909687581938e+03 1.040000000000000000e+02 1.139721490380906088e-01 3.002101054719070738e-01 3.136068295869342409e-02 3.311227759096225576e+00
6.111866909687581938e+03 2.040000000000000000e+02 2.346946077075412473e-02 6.182009686420947975e-02 4.300197283684032389e-03 4.540377081098487810e-01
6.111866909687581938e+03 1.050000000000000000e+03 1.030915129550702067e-02 2.715497973733618092e-02 2.952993086874178968e-03 3.117927213050851742e-01
6.111866909687581938e+03 1.819000000000000000e+03 3.472567368786564135e+00 9.146969894314299410e+00 2.129984832091755376e+00 2.248951310073757384e+02
6.111866909687581938e+03 2.133000000000000000e+03 5.841766908185500734e-03 1.538759665804443656e-02 6.970145494832581884e-04 7.359450455153834780e-02
6.111866909687581938e+03 2.255000000000000000e+03 4.425766957140202414e-03 1.165776004235113787e-02 1.867404502541414974e-04 1.971705027731969137e-02
6.111866909687581938e+03 2.340000000000000000e+03 3.965296816951313988e-03 1.044485153339102732e-02 1.906597592532371368e-04 2.013087177385325388e-02
6.158693021911947653e+03 2.600000000000000000e+01 8.763521965598438657e-01 2.320412211680229486e+00 5.007451854690949528e-02 5.415096274148691435e+00
6.158693021911947653e+03 1.040000000000000000e+02 8.775124552807921086e-02 2.323484353811401670e-01 4.339853258353748404e-03 4.693150107404049920e-01
6.158693021911947653e+03 2.040000000000000000e+02 2.663975379835747601e-02 7.053694881181514498e-02 5.040574669773841346e-03 5.450915536669739270e-01
6.158693021911947653e+03 1.050000000000000000e+03 1.387267660125922515e-02 3.673218178788953403e-02 1.826522976495172177e-03 1.975215748784553416e-01
6.158693021911947653e+03 1.819000000000000000e+03 1.720847827601514268e+01 4.556474359606709612e+01 1.066120665002125101e+01 1.152910943205112517e+03
6.158693021911947653e+03 2.133000000000000000e+03 6.844025793832663775e-03 1.812166511524150592e-02 3.648624240757410262e-04 3.945649824548029538e-02
6.158693021911947653e+03 2.255000000000000000e+03 6.275287590356710618e-03 1.661575564439720168e-02 4.846832790685816870e-04 5.241401604625977456e-02
6.158693021911947653e+03 2.340000000000000000e+03 6.110372871735692511e-03 1.617909316043675272e-02 2.539154692863037840e-04 2.745861071820212065e-02
6.158903637467667977e+03 2.600000000000000000e+01 8.775409048925578714e-01 2.323617926336548845e+00 5.106977646718604408e-02 5.522869407260187380e+00
6.158903637467667977e+03 1.040000000000000000e+02 8.798767219646573545e-02 2.329802876110528553e-01 5.502448924365889449e-03 5.950546278368418207e-01
6.158903637467667977e+03 2.040000000000000000e+02 2.654533446462187252e-02 7.028870640525498870e-02 5.098953796028996011e-03 5.514192126377523984e-01
6.158903637467667977e+03 1.050000000000000000e+03 1.385848948850985397e-02 3.669553684382469844e-02 1.747394833757605695e-03 1.889695655113199924e-01
6.158903637467667977e+03 1.819000000000000000e+03 1.725862443621589648e+01 4.569866646707622948e+01 1.069273821363881538e+01 1.156351189394616085e+03
6.158903637467667977e+03 2.133000000000000000e+03 6.828908272710154659e-03 1.808209006703801608e-02 3.807128281866181988e-04 4.117165527627446309e-02
6.158903637467667977e+03 2.255000000000000000e+03 6.278086596349795497e-03 1.662358355837289040e-02 4.918739732148890874e-04 5.319302152500121617e-02
6.158903637467667977e+03 2.340000000000000000e+03 6.108492930643642967e-03 1.617452086553329907e-02 2.516804830729530611e-04 2.721763313887218608e-02
6.193926060319060525e+03 2.600000000000000000e+01 1.068730640496358575e+00 2.842281252482140808e+00 6.257177146312367655e-02 6.941877062519024477e+00
6.193926060319060525e+03 1.040000000000000000e+02 1.096002297742244003e-01 2.914810023696278174e-01 1.371460379582277109e-02 1.521534252356384398e+00
6.193926060319060525e+03 2.040000000000000000e+02 2.133982303596460711e-02 5.675310190249512748e-02 4.113802736555590561e-03 4.563961062450254680e-01
6.193926060319060525e+03 1.050000000000000000e+03 3.649195489425933331e-02 9.705008477552919122e-02 2.395956580136037253e-02 2.658137309767570677e+00
6.193926060319060525e+03 1.819000000000000000e+03 2.423460538523466923e+01 6.445175420044479608e+01 1.512536008336688553e+01 1.678047269077967940e+03
6.193926060319060525e+03 2.133000000000000000e+03 2.129649725375873034e-03 5.663787730440959442e-03 2.522802604720050931e-04 2.798863628991317756e-02
6.193926060319060525e+03 2.255000000000000000e+03 2.018542026323274629e-03 5.368297624648765178e-03 4.012968211414067029e-04 4.452092585528122370e-02
6.193926060319060525e+03 2.340000000000000000e+03 1.767705954146682945e-03 4.701200941556882805e-03 2.989560129988072057e-05 3.316696716124833966e-03
6.074519041464445763e+03 2.600000000000000000e+01 1.007040363185203180e+00 2.642926244921146139e+00 4.013731587344748081e-02 4.216175765300319789e+00
6.074519041464445763e+03 1.040000000000000000e+02 1.355183726367282515e-01 3.556610805328199176e-01 2.828349515604190040e-02 2.971005515438079225e+00
6.074519041464445763e+03 2.040000000000000000e+02 2.557471851404580568e-02 6.711954876709508300e-02 5.345959583393841870e-03 5.615598538987240929e-01
6.074519041464445763e+03 1.050000000000000000e+03 5.986456778399754874e+00 1.571115152095353551e+01 4.230048904049604985e+00 4.443403672413350591e+02
6.074519041464445763e+03 1.819000000000000000e+03 1.129343470351309797e+01 2.963904532963469762e+01 6.872353062297181125e+00 7.218980094035889579e+02
6.074519041464445763e+03 2.133000000000000000e+03 4.782131198933677919e-03 1.255046025398850670e-02 8.691244703050570331e-04 9.129612802917398684e-02
6.074519041464445763e+03 2.255000000000000000e+03 4.259774860760707528e-03 1.117956259603201594e-02 2.074186492999734459e-04 2.178804096435360896e-02
6.074519041464445763e+03 2.340000000000000000e+03 4.364043836661783866e-03 1.145321122325126603e-02 2.361219607830556246e-04 2.480314557773649273e-02
6.033925920803357258e+03 2.600000000000000000e+01 1.217910360682987303e+00 3.185040178581818981e+00 6.102013655549837212e-02 6.471708981242947800e+00
6.033925920803357258e+03 1.040000000000000000e+02 1.322373921271670083e-01 3.458229937379901364e-01 3.256135312843114887e-02 3.453410847270594886e+00
6.033925920803357258e+03 2.040000000000000000e+02 2.518582584870792881e-02 6.586516532621844444e-02 6.673875414322389017e-03 7.078217437170720716e-01
6.033925920803357258e+03 1.050000000000000000e+03 2.655115030527127146e+03 6.943571812824567132e+03 1.847367223797342149e+03 1.959291428826836927e+05
6.033925920803357258e+03 1.819000000000000000e+03 3.112695640827248056e+01 8.140221973455911098e+01 1.877828855100741379e+01 1.991598602166283627e+03
6.033925920803357258e+03 2.133000000000000000e+03 6.391900234369140253e-03 1.671589282854570382e-02 1.230099572449767616e-03 1.304626128393830964e-01
6.033925920803357258e+03 2.255000000000000000e+03 5.964592650461498363e-03 1.559841171721388330e-02 2.996505614674176902e-04 3.178051278399569857e-02
6.033925920803357258e+03 2.340000000000000000e+03 5.875374746312380866e-03 1.536509191098081595e-02 3.405674871091766238e-04 3.612010377982673853e-02
6.070344505514644879e+03 2.600000000000000000e+01 1.037026041743754901e+00 2.720576807277814257e+00 5.901059600229765362e-02 6.197759458532861920e+00
6.070344505514644879e+03 1.040000000000000000e+02 1.396026255935303995e-01 3.662392747497598688e-01 3.258656663968528128e-02 3.422498928910278515e+00
6.070344505514644879e+03 2.040000000000000000e+02 2.308142307772318921e-02 6.055275545311421953e-02 4.717592445473886564e-03 4.954788661904129254e-01
6.070344505514644879e+03 1.050000000000000000e+03 1.376556253827742360e+01 3.611314342482413053e+01 9.712653902292585073e+00 1.020099722226939548e+03
6.070344505514644879e+03 1.819000000000000000e+03 1.315501402329030078e+01 3.451140531726528593e+01 7.998436189997858214e+00 8.400590217407838054e+02
6.070344505514644879e+03 2.133000000000000000e+03 5.221431416620098132e-03 1.369811811954328544e-02 7.436886546954379982e-04 7.810806373931158952e-02
6.070344505514644879e+03 2.255000000000000000e+03 4.799573178590914313e-03 1.259139785202576661e-02 2.383697112199400592e-04 2.503547214272514032e-02
6.070344505514644879e+03 2.340000000000000000e+03 4.838773381717106047e-03 1.269423727859057133e-02 3.422273162051686179e-04 3.594341914283182005e-02
6.055682903425637051e+03 2.600000000000000000e+01 1.129427725703991747e+00 2.959100682990436937e+00 6.239038113396634666e-02 6.589248259101959881e+00
6.055682903425637051e+03 1.040000000000000000e+02 1.379334187543918566e-01 3.613855622225976560e-01 2.879764343737091156e-02 3.041411487429263705e+00
6.055682903425637051e+03 2.040000000000000000e+02 2.487826738815901439e-02 6.518106147432596587e-02 8.824066575589140787e-03 9.319379728832271059e-01
6.055682903425637051e+03 1.050000000000000000e+03 1.584112572777201251e+02 4.150374999088077743e+02 1.111741110471495659e+02 1.174145444153768585e+04
6.055682903425637051e+03 1.819000000000000000e+03 2.002223287415342767e+01 5.245825086857223596e+01 1.213536513387797200e+01 1.281654834104530210e+03
6.055682903425637051e+03 2.133000000000000000e+03 6.535730588108889724e-03 1.712361438184070023e-02 1.009148976815317077e-03 1.065794601314710849e-01
6.055682903425637051e+03 2.255000000000000000e+03 5.538720929630190117e-03 1.451144903986324904e-02 5.261749858189362699e-04 5.557102787761107610e-02
6.055682903425637051e+03 2.340000000000000000e+03 5.537315476856684467e-03 1.450776675354483944e-02 3.367493911246469498e-04 3.556518326851036693e-02
6.038058918252992953e+03 2.600000000000000000e+01 1.207220549532288301e+00 3.158163242364524947e+00 5.633518153737285955e-02 5.960609631225290528e+00
6.038058918252992953e+03 1.040000000000000000e+02 1.281784735813062404e-01 3.353227741887827018e-01 2.092013718836385414e-02 2.213479531059856509e+00
6.038058918252992953e+03 2.040000000000000000e+02 2.461424713381819146e-02 6.439238510860177678e-02 4.893290182039489178e-03 5.177402786586442485e-01
6.038058918252992953e+03 1.050000000000000000e+03 1.636033813946650980e+03 4.279965128553804789e+03 1.140239867567891451e+03 1.206444099594033760e+05
6.038058918252992953e+03 1.819000000000000000e+03 2.893629182787576681e+01 7.569911997980452156e+01 1.747273630984640391e+01 1.848723257654512736e+03
6.038058918252992953e+03 2.133000000000000000e+03 6.563757274496219950e-03 1.717119292257565308e-02 1.127858946182579581e-03 1.193344321224849708e-01
6.038058918252992953e+03 2.255000000000000000e+03 5.922456992266390136e-03 1.549351192266149729e-02 4.455491129129048825e-04 4.714184389111659990e-02
6.038058918252992953e+03 2.340000000000000000e+03 5.884965051081225869e-03 1.539543069750197619e-02 2.560465332075909897e-04 2.709130227736167990e-02
6.188363587965573061e+03 2.600000000000000000e+01 1.042805593480273130e+00 2.771328718322649820e+00 6.122887560808331492e-02 6.757048359037450602e+00
6.188363587965573061e+03 1.040000000000000000e+02 1.169620806886897402e-01 3.108349007656801555e-01 3.361592095014589998e-02 3.709759508693784458e+00
6.188363587965573061e+03 2.040000000000000000e+02 2.150144440501533874e-02 5.714159066424694816e-02 6.626352804748959595e-03 7.312658594668217660e-01
6.188363587965573061e+03 1.050000000000000000e+03 2.862075475371647290e-02 7.606165529312959583e-02 1.986384053949298220e-02 2.192118176082316516e+00
6.188363587965573061e+03 1.819000000000000000e+03 2.330246506529494610e+01 6.192792889385648891e+01 1.452668981284108085e+01 1.603125071092197459e+03
6.188363587965573061e+03 2.133000000000000000e+03 3.555270417724099800e-03 9.448379517373723530e-03 2.484377642072876815e-04 2.741690044587666644e-02
6.188363587965573061e+03 2.255000000000000000e+03 3.255662405479405573e-03 8.652150293283937879e-03 3.822051678437377595e-04 4.217909893895250423e-02
6.188363587965573061e+03 2.340000000000000000e+03 3.014932103040256998e-03 8.012392696382699894e-03 4.871777644193558862e-05 5.376358263869138697e-03
5.550000000000000000e+03 2.600000000000000000e+01 1.106969978350999417e+00 2.799676776464854910e+00 9.285825906853051315e-02 8.437429485314218880e+00
5.550000000000000000e+03 1.040000000000000000e+02 4.670838813535641565e-01 1.181318302086777239e+00 1.540515535740030577e-02 1.399766841875087264e+00
5.550000000000000000e+03 2.040000000000000000e+02 2.698749400665547138e-01 6.825502199975680417e-01 3.471345043788072460e-02 3.154186748702779042e+00
5.550000000000000000e+03 1.050000000000000000e+03 3.154413251758316500e+15 7.977937701143773000e+15 1.641865862710784250e+15 1.491857329647227520e+17
5.550000000000000000e+03 1.819000000000000000e+03 4.263115429618571852e+02 1.078199544442174101e+03 2.312704575842668362e+02 2.101405084994648132e+04
5.550000000000000000e+03 2.133000000000000000e+03 2.550565451221933344e-01 6.450724952158954917e-01 5.201243859342790862e-03 4.726033929490389141e-01
5.550000000000000000e+03 2.255000000000000000e+03 2.456415501353156894e-01 6.212606996561279571e-01 5.215755454021630926e-03 4.739219677107282536e-01
5.550000000000000000e+03 2.340000000000000000e+03 2.422574861853807604e-01 6.127019442824562789e-01 4.875501616334531121e-03 4.430053019085649635e-01
6.250000000000000000e+03 2.600000000000000000e+01 1.158575545883362645e+00 3.105429653092526276e+00 7.583548105092316471e-02 8.958789744591316051e+00
6.250000000000000000e+03 1.040000000000000000e+02 1.727436301516168393e-01 4.630196048602639447e-01 1.937788153842249367e-02 2.289197140870665059e+00
6.250000000000000000e+03 2.040000000000000000e+02 4.936791125828935561e-02 1.323250573322269918e-01 3.748323200025637132e-03 4.428064407114958856e-01
6.250000000000000000e+03 1.050000000000000000e+03 9.319437452753229212e-02 2.497968951507157365e-01 6.191873825840335521e-02 7.314741722742262198e+00
6.250000000000000000e+03 1.819000000000000000e+03 3.031132483369308162e+01 8.124605020150038115e+01 1.914244733080525762e+01 2.261384228820816588e+03
6.250000000000000000e+03 2.133000000000000000e+03 2.135015472466672906e-02 5.722665545261589048e-02 4.563462094917284870e-04 5.391024999013768748e-02
6.250000000000000000e+03 2.255000000000000000e+03 2.109996679377892231e-02 5.655605522962182247e-02 8.283200373158629759e-04 9.785320739986938521e-02
6.250000000000000000e+03 2.340000000000000000e+03 2.114255129394857977e-02 5.667019812695714420e-02 4.793598509899793872e-04 5.662895596500697182e-02
6.000000000000000000e+03 2.600000000000000000e+01 1.186995622162861697e+00 3.095971416019027256e+00 5.894779767220380967e-02 6.390106437542431017e+00
6.000000000000000000e+03 1.040000000000000000e+02 9.382158910382934480e-02 2.447093760477948021e-01 1.878398544482901347e-02 2.036236654356042841e+00
6.000000000000000000e+03 2.040000000000000000e+02 2.509281931161208221e-02 6.544813635835150523e-02 5.691998161875815899e-03 6.170285495472103143e-01
6.000000000000000000e+03 1.050000000000000000e+03 7.727809207680946565e+04 2.015599381220482755e+05 5.298524883323563699e+04 5.743749436523919925e+06
6.000000000000000000e+03 1.819000000000000000e+03 5.042577886911359997e+01 1.315226165070488946e+02 3.020175623084374195e+01 3.273954999794764262e+03
6.000000000000000000e+03 2.133000000000000000e+03 2.370770763213752522e-03 6.183543039079826727e-03 1.235049122536720787e-03 1.338827854517873339e-01
6.000000000000000000e+03 2.255000000000000000e+03 1.013932378698944757e-03 2.644580656926308164e-03 4.040840107220145601e-04 4.380383899295851174e-02
6.000000000000000000e+03 2.340000000000000000e+03 1.832237661633910489e-04 4.778918575483867212e-04 1.184537929012727619e-05 1.284072305430104637e-03
6.200000000000000000e+03 2.600000000000000000e+01 1.093023962518523629e+00 2.909219173005920478e+00 6.650485539837890092e-02 7.440345082639537644e+00
6.200000000000000000e+03 1.040000000000000000e+02 1.164198428848710193e-01 3.098658864336323315e-01 1.881961298555757597e-02 2.105476571529929064e+00
6.200000000000000000e+03 2.040000000000000000e+02 2.461330535576567238e-02 6.551137240125171068e-02 5.670070116309904561e-03 6.343488464924341708e-01
6.200000000000000000e+03 1.050000000000000000e+03 4.230497269747527517e-02 1.125999446539135695e-01 2.884539931970742446e-02 3.227128661502066453e+00
6.200000000000000000e+03 1.819000000000000000e+03 2.517996180995431743e+01 6.701959900703870687e+01 1.573519132795885334e+01 1.760401593538758789e+03
6.200000000000000000e+03 2.133000000000000000e+03 9.780443587015042253e-04 2.603186661917739324e-03 1.460422427909082907e-04 1.633872709741236023e-02
6.200000000000000000e+03 2.255000000000000000e+03 1.049778109925288182e-03 2.794114959528902400e-03 3.802025134257649053e-04 4.253581011836223696e-02
6.200000000000000000e+03 2.340000000000000000e+03 2.432722965856708424e-04 6.474994636508001012e-04 9.926056740498007851e-06 1.110494670152543549e-03
